Geraetetyp;000
Geraetename;LT6-digi-GPRS
Beschreibung;LT6-digi-GPRS
Seriennummer;A27210
Geraetenummer;60.900.20/215
Standortname;Wetterstation-Dach
Standortnummer;56-6182
Messstellennummer;TH Parkplatz
Hochwert;0,00;[m]
Rechtswert;0,00;[m]
Messpunkthoehe MPH;0,000;[mNN]
Einhaengetiefe ETH;0,000;[m]
Ausgelesene Daten von:;340000;bis:;350001
Ausgelesen am:;11.07.2024 11:28:29;von:;user
Kanal zum Ueberwachen:;
;;;;;;;;;;;;;;;;;;;;;;;;;;;;;;;;;;;;;;;;;;;;;;;;;;;;;;;;;;;;;;;;;;;;;;;;;;;;;;;;;;;;;;;;;;;;;;;;;;;;;;;;;;;;;;;;;;;;;;;;;;;;;
Nr.;Datum / Uhrzeit;IR1 [W/m2] = m1 /E1/"800012";SR1 [W/m2] = m2 /E2/"800012";IR2 [W/m2] = m3 /E3/"800012";SR2 [W/m2] = m4 /E4/"800012";Temp [degC] = m5 /E5/"800012";Luftdruck [mbar] = m6 /E6/"190026";Bodenfeucht [vol%] = m7 /E7/"190026";Luftfeu-1 [%RH] = m8 /E8/"190026";Luftemp-1 [degC] = n5 /E13/"190027";Luftfeu-2 [%RH] = n6 /E14/"190027";Lufttemp-2 [degC] = n7 /E15/"190027";Windgeschw [m/s] = n8 /E16/"190027";Windricht [grad] = p1 /E17/"190027";Bodentemp-1 [degC] = r3 /E27/"158056";Bodentemp-2 [degC] = r4 /E28/"158056";Zaehler1 [Impulse] = e1;Regen-abs [mm] = c1=e1*0,1;Zaehler1-Differenz [Impulse] = e5;Regen-rel [mm] = c2=e5*0,1;Dauer Zählvorgang = f8;Vbatt [V] = f1;Tintern [degC] = f3;Alarmstufe = f5;Feldstärke 1 = f6;Seriennummer;;;;;;;;;;;;;;;;;;;;;;;;;;;;;;;;;;;;;;;;;;;;;;;;;;;;;;;;;;;;;;;;;;;;;;;;;
348082;27.05.24 00:00:00;-49,587;-1,935;-1,625;1,112;13,592;1000,631;22,824;92,005;14,330;91,700;14,535;0,539;301,703;18,330;-50,000;925;92,5;;0,0;60;12,42;17,10;;15;A27210;;;;;;;;;;;;;;;;;;;;;;;;;;;;;;;;;;;;;;;;;;;;;;;;;;;;;;;;;;;;;;;;;;;;;;;;;
348083;27.05.24 00:01:00;-49,603;-1,935;-1,715;1,429;13,592;1000,538;22,710;92,160;14,315;91,960;14,560;0,521;280,637;18,320;-50,000;925;92,5;;0,0;60;12,41;17,22;;15;A27210;;;;;;;;;;;;;;;;;;;;;;;;;;;;;;;;;;;;;;;;;;;;;;;;;;;;;;;;;;;;;;;;;;;;;;;;;
348084;27.05.24 00:02:00;-49,810;-1,935;-1,616;1,543;13,612;1000,502;22,806;92,465;14,355;91,715;14,610;0,545;236,340;18,302;-50,000;925;92,5;;0,0;60;12,43;17,18;;15;A27210;;;;;;;;;;;;;;;;;;;;;;;;;;;;;;;;;;;;;;;;;;;;;;;;;;;;;;;;;;;;;;;;;;;;;;;;;
348085;27.05.24 00:03:00;-49,616;-1,935;-1,309;1,629;13,605;1000,565;23,094;92,745;14,345;91,525;14,640;0,441;260,483;18,287;-50,000;925;92,5;;0,0;60;12,43;17,26;;15;A27210;;;;;;;;;;;;;;;;;;;;;;;;;;;;;;;;;;;;;;;;;;;;;;;;;;;;;;;;;;;;;;;;;;;;;;;;;
348086;27.05.24 00:04:00;-49,535;-1,935;-1,642;1,585;13,595;1000,868;22,995;92,890;14,340;91,250;14,640;0,445;254,953;18,268;-50,000;925;92,5;;0,0;60;12,43;17,34;;15;A27210;;;;;;;;;;;;;;;;;;;;;;;;;;;;;;;;;;;;;;;;;;;;;;;;;;;;;;;;;;;;;;;;;;;;;;;;;
348087;27.05.24 00:05:00;-49,920;-1,935;-1,082;1,522;13,602;1001,219;22,836;92,950;14,345;91,190;14,675;0,690;213,913;18,265;-50,000;925;92,5;;0,0;60;12,43;17,22;;15;A27210;;;;;;;;;;;;;;;;;;;;;;;;;;;;;;;;;;;;;;;;;;;;;;;;;;;;;;;;;;;;;;;;;;;;;;;;;
348088;27.05.24 00:06:00;-49,814;-1,935;-0,842;1,637;13,610;1001,243;22,932;92,975;14,345;90,885;14,680;0,564;212,338;18,268;-50,000;925;92,5;;0,0;60;12,43;16,98;;15;A27210;;;;;;;;;;;;;;;;;;;;;;;;;;;;;;;;;;;;;;;;;;;;;;;;;;;;;;;;;;;;;;;;;;;;;;;;;
348089;27.05.24 00:07:00;-49,636;-1,935;-1,168;1,693;13,615;1001,327;23,091;92,720;14,370;90,475;14,685;0,441;194,721;18,265;-50,000;925;92,5;;0,0;60;12,43;17,14;;15;A27210;;;;;;;;;;;;;;;;;;;;;;;;;;;;;;;;;;;;;;;;;;;;;;;;;;;;;;;;;;;;;;;;;;;;;;;;;
348090;27.05.24 00:08:00;-49,497;-1,935;-1,219;1,628;13,592;1001,471;22,791;92,560;14,340;90,305;14,680;0,446;213,868;18,253;-50,000;925;92,5;;0,0;60;12,43;17,14;;15;A27210;;;;;;;;;;;;;;;;;;;;;;;;;;;;;;;;;;;;;;;;;;;;;;;;;;;;;;;;;;;;;;;;;;;;;;;;;
348091;27.05.24 00:09:00;-49,584;-1,935;-1,384;1,640;13,590;1001,534;23,106;92,320;14,325;90,240;14,675;0,438;262,592;18,256;-50,000;925;92,5;;0,0;60;12,43;17,06;;15;A27210;;;;;;;;;;;;;;;;;;;;;;;;;;;;;;;;;;;;;;;;;;;;;;;;;;;;;;;;;;;;;;;;;;;;;;;;;
348092;27.05.24 00:10:00;-49,292;-1,935;-1,332;1,475;13,595;1001,636;23,088;92,185;14,355;90,400;14,695;0,586;205,943;18,253;-50,000;925;92,5;;0,0;60;12,43;17,10;;15;A27210;;;;;;;;;;;;;;;;;;;;;;;;;;;;;;;;;;;;;;;;;;;;;;;;;;;;;;;;;;;;;;;;;;;;;;;;;
348093;27.05.24 00:11:00;-49,120;-1,935;-1,214;1,539;13,593;1001,696;22,569;92,415;14,345;90,420;14,720;0,695;196,768;18,229;-50,000;925;92,5;;0,0;60;12,43;17,14;;15;A27210;;;;;;;;;;;;;;;;;;;;;;;;;;;;;;;;;;;;;;;;;;;;;;;;;;;;;;;;;;;;;;;;;;;;;;;;;
348094;27.05.24 00:12:00;-48,551;-1,935;-1,178;1,534;13,587;1001,729;22,959;92,485;14,340;90,270;14,705;0,495;192,009;18,220;-50,000;925;92,5;;0,0;60;12,43;16,98;;15;A27210;;;;;;;;;;;;;;;;;;;;;;;;;;;;;;;;;;;;;;;;;;;;;;;;;;;;;;;;;;;;;;;;;;;;;;;;;
348095;27.05.24 00:13:00;-47,952;-1,935;-1,392;1,454;13,582;1001,759;22,863;92,470;14,350;90,255;14,705;0,480;166,888;18,201;-50,000;925;92,5;;0,0;60;12,43;17,10;;15;A27210;;;;;;;;;;;;;;;;;;;;;;;;;;;;;;;;;;;;;;;;;;;;;;;;;;;;;;;;;;;;;;;;;;;;;;;;;
348096;27.05.24 00:14:00;-47,127;-1,935;-1,327;1,479;13,583;1001,765;23,004;92,520;14,365;90,280;14,695;0,517;107,533;18,180;-50,000;925;92,5;;0,0;60;12,43;17,18;;15;A27210;;;;;;;;;;;;;;;;;;;;;;;;;;;;;;;;;;;;;;;;;;;;;;;;;;;;;;;;;;;;;;;;;;;;;;;;;
348097;27.05.24 00:15:00;-46,595;-1,935;-1,320;1,442;13,565;1001,798;22,755;92,435;14,355;90,175;14,685;0,452;94,084;18,186;-50,000;925;92,5;;0,0;60;12,41;17,10;;15;A27210;;;;;;;;;;;;;;;;;;;;;;;;;;;;;;;;;;;;;;;;;;;;;;;;;;;;;;;;;;;;;;;;;;;;;;;;;
348098;27.05.24 00:16:00;-46,433;-1,935;-1,382;1,269;13,535;1001,813;22,779;92,260;14,305;89,855;14,610;0,609;104,681;18,171;-50,000;925;92,5;;0,0;60;12,44;17,66;;15;A27210;;;;;;;;;;;;;;;;;;;;;;;;;;;;;;;;;;;;;;;;;;;;;;;;;;;;;;;;;;;;;;;;;;;;;;;;;
348099;27.05.24 00:17:00;-46,276;-1,935;-1,255;1,045;13,515;1001,867;22,653;91,975;14,305;89,895;14,540;0,554;111,009;18,171;-50,000;925;92,5;;0,0;60;12,44;17,42;;15;A27210;;;;;;;;;;;;;;;;;;;;;;;;;;;;;;;;;;;;;;;;;;;;;;;;;;;;;;;;;;;;;;;;;;;;;;;;;
348100;27.05.24 00:18:00;-45,822;-1,935;-1,142;0,970;13,507;1001,924;22,515;91,875;14,285;90,110;14,480;0,933;105,857;18,168;-50,000;925;92,5;;0,0;60;12,43;17,34;;15;A27210;;;;;;;;;;;;;;;;;;;;;;;;;;;;;;;;;;;;;;;;;;;;;;;;;;;;;;;;;;;;;;;;;;;;;;;;;
348101;27.05.24 00:19:00;-45,821;-1,935;-0,851;0,937;13,480;1001,948;23,187;91,790;14,255;90,285;14,430;0,913;116,010;18,168;-50,000;925;92,5;;0,0;60;12,44;17,26;;15;A27210;;;;;;;;;;;;;;;;;;;;;;;;;;;;;;;;;;;;;;;;;;;;;;;;;;;;;;;;;;;;;;;;;;;;;;;;;
348102;27.05.24 00:20:00;-46,279;-1,935;-0,504;0,847;13,472;1001,999;23,091;91,720;14,220;90,270;14,360;1,000;126,681;18,159;-50,000;925;92,5;;0,0;60;12,44;17,18;;15;A27210;;;;;;;;;;;;;;;;;;;;;;;;;;;;;;;;;;;;;;;;;;;;;;;;;;;;;;;;;;;;;;;;;;;;;;;;;
348103;27.05.24 00:21:00;-46,477;-1,935;-0,429;0,923;13,457;1002,071;22,647;91,810;14,190;90,850;14,290;1,018;123,508;18,162;-50,000;925;92,5;;0,0;60;12,43;17,10;;15;A27210;;;;;;;;;;;;;;;;;;;;;;;;;;;;;;;;;;;;;;;;;;;;;;;;;;;;;;;;;;;;;;;;;;;;;;;;;
348104;27.05.24 00:22:00;-46,945;-1,935;-0,502;0,935;13,450;1002,080;23,172;91,860;14,170;90,705;14,275;0,812;125,488;18,140;-50,000;925;92,5;;0,0;60;12,43;17,06;;15;A27210;;;;;;;;;;;;;;;;;;;;;;;;;;;;;;;;;;;;;;;;;;;;;;;;;;;;;;;;;;;;;;;;;;;;;;;;;
348105;27.05.24 00:23:00;-46,935;-1,935;-0,695;0,843;13,425;1002,071;23,169;91,735;14,135;90,710;14,210;0,676;104,833;18,113;-50,000;925;92,5;;0,0;60;12,43;17,34;;15;A27210;;;;;;;;;;;;;;;;;;;;;;;;;;;;;;;;;;;;;;;;;;;;;;;;;;;;;;;;;;;;;;;;;;;;;;;;;
348106;27.05.24 00:24:00;-46,727;-1,935;-0,549;0,738;13,403;1002,110;22,224;91,725;14,110;91,045;14,115;0,795;121,112;18,110;-50,000;925;92,5;;0,0;60;12,43;16,90;;15;A27210;;;;;;;;;;;;;;;;;;;;;;;;;;;;;;;;;;;;;;;;;;;;;;;;;;;;;;;;;;;;;;;;;;;;;;;;;
348107;27.05.24 00:25:00;-46,443;-1,935;-0,616;0,757;13,392;1002,122;22,752;91,795;14,050;91,140;14,070;0,526;112,556;18,110;-50,000;925;92,5;;0,0;60;12,44;17,06;;15;A27210;;;;;;;;;;;;;;;;;;;;;;;;;;;;;;;;;;;;;;;;;;;;;;;;;;;;;;;;;;;;;;;;;;;;;;;;;
348108;27.05.24 00:26:00;-46,055;-1,935;-0,493;0,685;13,360;1002,149;23,166;91,760;14,015;91,195;14,035;0,854;86,614;18,085;-50,000;925;92,5;;0,0;60;12,43;17,02;;15;A27210;;;;;;;;;;;;;;;;;;;;;;;;;;;;;;;;;;;;;;;;;;;;;;;;;;;;;;;;;;;;;;;;;;;;;;;;;
348109;27.05.24 00:27:00;-45,648;-1,935;-0,539;0,659;13,337;1002,152;22,560;91,640;13,985;91,320;13,990;0,596;86,451;18,079;-50,000;925;92,5;;0,0;60;12,44;16,83;;15;A27210;;;;;;;;;;;;;;;;;;;;;;;;;;;;;;;;;;;;;;;;;;;;;;;;;;;;;;;;;;;;;;;;;;;;;;;;;
348110;27.05.24 00:28:00;-45,240;-1,935;-0,523;0,688;13,305;1002,107;22,722;91,640;13,975;91,410;13,970;0,671;32,394;18,073;-50,000;925;92,5;;0,0;60;12,44;16,90;;15;A27210;;;;;;;;;;;;;;;;;;;;;;;;;;;;;;;;;;;;;;;;;;;;;;;;;;;;;;;;;;;;;;;;;;;;;;;;;
348111;27.05.24 00:29:00;-44,854;-1,935;-0,461;0,708;13,290;1002,092;22,581;91,730;13,890;91,425;13,925;0,634;270,861;18,070;-50,000;925;92,5;;0,0;60;12,42;16,83;;15;A27210;;;;;;;;;;;;;;;;;;;;;;;;;;;;;;;;;;;;;;;;;;;;;;;;;;;;;;;;;;;;;;;;;;;;;;;;;
348112;27.05.24 00:30:00;-44,664;-1,935;-0,533;0,715;13,270;1002,101;23,079;91,755;13,865;91,490;13,885;0,696;272,278;18,070;-50,000;925;92,5;;0,0;60;12,42;16,71;;15;A27210;;;;;;;;;;;;;;;;;;;;;;;;;;;;;;;;;;;;;;;;;;;;;;;;;;;;;;;;;;;;;;;;;;;;;;;;;
348113;27.05.24 00:31:00;-44,184;-1,935;-0,528;0,722;13,242;1002,107;23,004;91,805;13,845;91,585;13,885;0,668;263,396;18,061;-50,000;925;92,5;;0,0;60;12,42;16,83;;15;A27210;;;;;;;;;;;;;;;;;;;;;;;;;;;;;;;;;;;;;;;;;;;;;;;;;;;;;;;;;;;;;;;;;;;;;;;;;
348114;27.05.24 00:32:00;-43,673;-1,935;-0,320;0,823;13,243;1002,065;23,016;92,025;13,825;91,825;13,865;0,498;194,012;18,064;-50,000;925;92,5;;0,0;60;12,43;17,02;;15;A27210;;;;;;;;;;;;;;;;;;;;;;;;;;;;;;;;;;;;;;;;;;;;;;;;;;;;;;;;;;;;;;;;;;;;;;;;;
348115;27.05.24 00:33:00;-43,290;-1,935;-0,235;0,941;13,212;1002,047;22,815;92,160;13,835;91,995;13,870;0,435;246,173;18,052;-50,000;925;92,5;;0,0;60;12,42;16,90;;15;A27210;;;;;;;;;;;;;;;;;;;;;;;;;;;;;;;;;;;;;;;;;;;;;;;;;;;;;;;;;;;;;;;;;;;;;;;;;
348116;27.05.24 00:34:00;-42,877;-1,935;-0,205;1,019;13,210;1001,969;22,827;92,510;13,850;92,310;13,920;0,633;116,252;18,039;-50,000;925;92,5;;0,0;60;12,44;16,75;;15;A27210;;;;;;;;;;;;;;;;;;;;;;;;;;;;;;;;;;;;;;;;;;;;;;;;;;;;;;;;;;;;;;;;;;;;;;;;;
348117;27.05.24 00:35:00;-42,523;-1,935;0,153;1,141;13,207;1001,930;22,785;92,830;13,865;92,400;13,960;0,533;79,813;18,027;-50,000;925;92,5;;0,0;60;12,44;16,71;;15;A27210;;;;;;;;;;;;;;;;;;;;;;;;;;;;;;;;;;;;;;;;;;;;;;;;;;;;;;;;;;;;;;;;;;;;;;;;;
348118;27.05.24 00:36:00;-42,471;-1,935;0,174;1,184;13,188;1001,963;22,677;92,875;13,805;92,215;13,960;0,463;209,734;18,006;-50,000;925;92,5;;0,0;60;12,43;16,67;;15;A27210;;;;;;;;;;;;;;;;;;;;;;;;;;;;;;;;;;;;;;;;;;;;;;;;;;;;;;;;;;;;;;;;;;;;;;;;;
348119;27.05.24 00:37:00;-42,181;-1,935;0,144;1,443;13,200;1002,005;22,488;93,055;13,835;92,465;13,980;0,462;208,401;18,015;-50,000;925;92,5;;0,0;60;12,43;16,98;;15;A27210;;;;;;;;;;;;;;;;;;;;;;;;;;;;;;;;;;;;;;;;;;;;;;;;;;;;;;;;;;;;;;;;;;;;;;;;;
348120;27.05.24 00:38:00;-41,573;-1,935;0,156;1,487;13,185;1002,005;22,593;93,175;13,875;92,275;14,060;0,439;28,491;17,991;-50,000;925;92,5;;0,0;60;12,43;16,87;;15;A27210;;;;;;;;;;;;;;;;;;;;;;;;;;;;;;;;;;;;;;;;;;;;;;;;;;;;;;;;;;;;;;;;;;;;;;;;;
348121;27.05.24 00:39:00;-41,524;-1,935;0,092;1,445;13,185;1001,993;22,764;93,180;13,860;91,980;14,055;0,601;116,730;17,982;-50,000;925;92,5;;0,0;60;12,43;16,87;;15;A27210;;;;;;;;;;;;;;;;;;;;;;;;;;;;;;;;;;;;;;;;;;;;;;;;;;;;;;;;;;;;;;;;;;;;;;;;;
348122;27.05.24 00:40:00;-41,511;-1,935;0,437;1,534;13,195;1001,978;23,148;93,140;13,855;91,790;14,060;0,661;142,830;17,972;-50,000;925;92,5;;0,0;60;12,43;16,59;;15;A27210;;;;;;;;;;;;;;;;;;;;;;;;;;;;;;;;;;;;;;;;;;;;;;;;;;;;;;;;;;;;;;;;;;;;;;;;;
348123;27.05.24 00:41:00;-41,183;-1,935;0,277;1,512;13,202;1001,930;22,680;93,130;13,880;91,550;14,080;0,458;105,559;17,972;-50,000;925;92,5;;0,0;60;12,43;16,59;;15;A27210;;;;;;;;;;;;;;;;;;;;;;;;;;;;;;;;;;;;;;;;;;;;;;;;;;;;;;;;;;;;;;;;;;;;;;;;;
348124;27.05.24 00:42:00;-41,280;-1,935;0,174;1,356;13,202;1001,876;22,866;93,015;13,880;91,290;14,090;0,454;121,866;17,966;-50,000;925;92,5;;0,0;60;12,43;16,71;;15;A27210;;;;;;;;;;;;;;;;;;;;;;;;;;;;;;;;;;;;;;;;;;;;;;;;;;;;;;;;;;;;;;;;;;;;;;;;;
348125;27.05.24 00:43:00;-42,038;-1,935;0,266;1,371;13,190;1001,852;22,518;92,995;13,870;91,400;14,100;0,713;144,709;17,972;-50,000;925;92,5;;0,0;60;12,43;16,87;;15;A27210;;;;;;;;;;;;;;;;;;;;;;;;;;;;;;;;;;;;;;;;;;;;;;;;;;;;;;;;;;;;;;;;;;;;;;;;;
348126;27.05.24 00:44:00;-42,254;-1,935;0,206;1,363;13,198;1001,843;22,380;92,920;13,885;91,215;14,080;0,472;159,188;17,966;-50,000;925;92,5;;0,0;60;12,42;16,63;;15;A27210;;;;;;;;;;;;;;;;;;;;;;;;;;;;;;;;;;;;;;;;;;;;;;;;;;;;;;;;;;;;;;;;;;;;;;;;;
348127;27.05.24 00:45:00;-42,783;-1,935;-0,017;1,272;13,180;1001,840;23,766;92,720;13,880;91,170;14,080;0,486;173,211;17,969;-50,000;925;92,5;;0,0;60;12,42;16,59;;15;A27210;;;;;;;;;;;;;;;;;;;;;;;;;;;;;;;;;;;;;;;;;;;;;;;;;;;;;;;;;;;;;;;;;;;;;;;;;
348128;27.05.24 00:46:00;-43,592;-1,935;0,153;1,261;13,177;1001,879;22,464;92,705;13,870;91,205;14,060;0,885;191,520;17,960;-50,000;925;92,5;;0,0;60;12,42;16,63;;15;A27210;;;;;;;;;;;;;;;;;;;;;;;;;;;;;;;;;;;;;;;;;;;;;;;;;;;;;;;;;;;;;;;;;;;;;;;;;
348129;27.05.24 00:47:00;-44,159;-1,935;0,258;1,345;13,188;1001,840;22,914;92,795;13,875;91,285;14,055;0,932;192,268;17,951;-50,000;925;92,5;;0,0;60;12,42;16,71;;15;A27210;;;;;;;;;;;;;;;;;;;;;;;;;;;;;;;;;;;;;;;;;;;;;;;;;;;;;;;;;;;;;;;;;;;;;;;;;
348130;27.05.24 00:48:00;-44,335;-1,935;0,099;1,374;13,182;1001,789;22,755;92,765;13,870;91,320;14,065;0,715;191,166;17,918;-50,000;925;92,5;;0,0;60;12,42;16,75;;15;A27210;;;;;;;;;;;;;;;;;;;;;;;;;;;;;;;;;;;;;;;;;;;;;;;;;;;;;;;;;;;;;;;;;;;;;;;;;
348131;27.05.24 00:49:00;-44,803;-1,935;-0,023;1,401;13,177;1001,753;23,052;92,770;13,845;91,420;14,065;0,776;190,592;17,921;-50,000;925;92,5;;0,0;60;12,42;16,71;;15;A27210;;;;;;;;;;;;;;;;;;;;;;;;;;;;;;;;;;;;;;;;;;;;;;;;;;;;;;;;;;;;;;;;;;;;;;;;;
348132;27.05.24 00:50:00;-45,239;-1,935;-0,099;1,338;13,187;1001,723;22,839;92,760;13,845;91,400;14,060;0,823;197,511;17,908;-50,000;925;92,5;;0,0;60;12,42;16,83;;15;A27210;;;;;;;;;;;;;;;;;;;;;;;;;;;;;;;;;;;;;;;;;;;;;;;;;;;;;;;;;;;;;;;;;;;;;;;;;
348133;27.05.24 00:51:00;-45,631;-1,935;0,011;1,257;13,198;1001,735;23,421;92,750;13,825;91,255;14,035;0,789;204,098;17,881;-50,000;925;92,5;;0,0;60;12,42;16,55;;15;A27210;;;;;;;;;;;;;;;;;;;;;;;;;;;;;;;;;;;;;;;;;;;;;;;;;;;;;;;;;;;;;;;;;;;;;;;;;
348134;27.05.24 00:52:00;-45,994;-1,935;0,092;1,198;13,173;1001,774;22,620;92,835;13,820;91,315;14,000;0,667;210,645;17,878;-50,000;925;92,5;;0,0;60;12,42;16,67;;15;A27210;;;;;;;;;;;;;;;;;;;;;;;;;;;;;;;;;;;;;;;;;;;;;;;;;;;;;;;;;;;;;;;;;;;;;;;;;
348135;27.05.24 00:53:00;-46,402;-1,935;0,012;1,112;13,178;1001,777;23,106;92,825;13,785;91,285;13,980;0,500;205,509;17,881;-50,000;925;92,5;;0,0;60;12,42;16,71;;15;A27210;;;;;;;;;;;;;;;;;;;;;;;;;;;;;;;;;;;;;;;;;;;;;;;;;;;;;;;;;;;;;;;;;;;;;;;;;
348136;27.05.24 00:54:00;-46,716;-1,935;-0,164;1,094;13,148;1001,777;22,473;92,870;13,775;91,520;13,925;0,595;275,085;17,875;-50,000;925;92,5;;0,0;60;12,41;16,63;;15;A27210;;;;;;;;;;;;;;;;;;;;;;;;;;;;;;;;;;;;;;;;;;;;;;;;;;;;;;;;;;;;;;;;;;;;;;;;;
348137;27.05.24 00:55:00;-47,073;-1,935;-0,540;1,236;13,152;1001,786;22,854;92,845;13,755;91,910;13,950;0,786;313,352;17,875;-50,000;925;92,5;;0,0;60;12,41;16,39;;15;A27210;;;;;;;;;;;;;;;;;;;;;;;;;;;;;;;;;;;;;;;;;;;;;;;;;;;;;;;;;;;;;;;;;;;;;;;;;
348138;27.05.24 00:56:00;-47,542;-1,935;-0,718;1,262;13,137;1001,789;23,232;92,885;13,730;91,980;13,950;0,861;318,240;17,872;-50,000;925;92,5;;0,0;60;12,41;16,63;;15;A27210;;;;;;;;;;;;;;;;;;;;;;;;;;;;;;;;;;;;;;;;;;;;;;;;;;;;;;;;;;;;;;;;;;;;;;;;;
348139;27.05.24 00:57:00;-47,993;-1,935;-0,773;1,392;13,140;1001,765;22,815;93,025;13,745;91,980;13,965;0,832;338,192;17,875;-50,000;925;92,5;;0,0;60;12,40;16,63;;15;A27210;;;;;;;;;;;;;;;;;;;;;;;;;;;;;;;;;;;;;;;;;;;;;;;;;;;;;;;;;;;;;;;;;;;;;;;;;
348140;27.05.24 00:58:00;-48,168;-1,935;-1,010;1,501;13,160;1001,768;22,989;92,955;13,710;91,840;13,985;0,806;336,752;17,860;-50,000;925;92,5;;0,0;60;12,41;16,59;;15;A27210;;;;;;;;;;;;;;;;;;;;;;;;;;;;;;;;;;;;;;;;;;;;;;;;;;;;;;;;;;;;;;;;;;;;;;;;;
348141;27.05.24 00:59:00;-48,150;-1,935;-1,028;1,520;13,155;1001,765;22,662;92,925;13,710;91,835;13,995;0,754;323,387;17,863;-50,000;925;92,5;;0,0;60;12,39;16,35;;15;A27210;;;;;;;;;;;;;;;;;;;;;;;;;;;;;;;;;;;;;;;;;;;;;;;;;;;;;;;;;;;;;;;;;;;;;;;;;
348142;27.05.24 01:00:00;-48,139;-1,935;-1,111;1,574;13,145;1001,774;23,214;93,005;13,675;91,660;14,000;0,661;352,136;17,832;-50,000;925;92,5;;0,0;60;12,41;16,67;;15;A27210;;;;;;;;;;;;;;;;;;;;;;;;;;;;;;;;;;;;;;;;;;;;;;;;;;;;;;;;;;;;;;;;;;;;;;;;;
348143;27.05.24 01:01:00;-48,063;-1,935;-1,277;1,538;13,125;1001,771;22,476;92,920;13,665;91,380;14,020;0,530;354,566;17,826;-50,000;925;92,5;;0,0;60;12,40;16,67;;15;A27210;;;;;;;;;;;;;;;;;;;;;;;;;;;;;;;;;;;;;;;;;;;;;;;;;;;;;;;;;;;;;;;;;;;;;;;;;
348144;27.05.24 01:02:00;-47,776;-1,935;-1,221;1,384;13,110;1001,729;22,950;92,930;13,700;91,095;14,040;0,438;186,576;17,823;-50,000;925;92,5;;0,0;60;12,41;16,71;;15;A27210;;;;;;;;;;;;;;;;;;;;;;;;;;;;;;;;;;;;;;;;;;;;;;;;;;;;;;;;;;;;;;;;;;;;;;;;;
348145;27.05.24 01:03:00;-47,488;-1,935;-1,244;1,385;13,093;1001,711;23,070;92,985;13,680;91,250;14,040;0,436;164,222;17,811;-50,000;925;92,5;;0,0;60;12,41;16,47;;15;A27210;;;;;;;;;;;;;;;;;;;;;;;;;;;;;;;;;;;;;;;;;;;;;;;;;;;;;;;;;;;;;;;;;;;;;;;;;
348146;27.05.24 01:04:00;-47,471;-1,935;-1,229;1,435;13,065;1001,717;22,560;93,065;13,715;91,145;14,060;0,439;15,458;17,795;-50,000;925;92,5;;0,0;60;12,42;16,55;;15;A27210;;;;;;;;;;;;;;;;;;;;;;;;;;;;;;;;;;;;;;;;;;;;;;;;;;;;;;;;;;;;;;;;;;;;;;;;;
348147;27.05.24 01:05:00;-47,392;-1,935;-1,139;1,385;13,060;1001,741;22,701;93,125;13,665;91,170;14,045;0,442;184,764;17,783;-50,000;925;92,5;;0,0;60;12,41;16,39;;15;A27210;;;;;;;;;;;;;;;;;;;;;;;;;;;;;;;;;;;;;;;;;;;;;;;;;;;;;;;;;;;;;;;;;;;;;;;;;
348148;27.05.24 01:06:00;-47,417;-1,935;-1,164;1,336;13,028;1001,771;22,920;93,155;13,665;91,280;14,030;0,592;257,411;17,780;-50,000;925;92,5;;0,0;60;12,40;16,63;;15;A27210;;;;;;;;;;;;;;;;;;;;;;;;;;;;;;;;;;;;;;;;;;;;;;;;;;;;;;;;;;;;;;;;;;;;;;;;;
348149;27.05.24 01:07:00;-47,740;-1,935;-1,248;1,288;13,023;1001,744;22,437;92,905;13,625;91,025;14,015;0,663;358,262;17,777;-50,000;925;92,5;;0,0;60;12,40;16,63;;15;A27210;;;;;;;;;;;;;;;;;;;;;;;;;;;;;;;;;;;;;;;;;;;;;;;;;;;;;;;;;;;;;;;;;;;;;;;;;
348150;27.05.24 01:08:00;-48,302;-1,935;-1,324;1,373;13,007;1001,762;22,269;92,845;13,615;91,025;14,000;0,734;333,051;17,774;-50,000;925;92,5;;0,0;60;12,39;16,55;;15;A27210;;;;;;;;;;;;;;;;;;;;;;;;;;;;;;;;;;;;;;;;;;;;;;;;;;;;;;;;;;;;;;;;;;;;;;;;;
348151;27.05.24 01:09:00;-49,108;-1,935;-1,359;1,557;13,045;1001,765;22,863;93,025;13,620;91,275;14,030;0,868;299,739;17,774;-50,000;925;92,5;;0,0;60;12,40;16,51;;15;A27210;;;;;;;;;;;;;;;;;;;;;;;;;;;;;;;;;;;;;;;;;;;;;;;;;;;;;;;;;;;;;;;;;;;;;;;;;
348152;27.05.24 01:10:00;-50,204;-1,935;-1,152;1,692;13,040;1001,765;22,821;93,145;13,615;91,415;14,070;0,772;247,455;17,768;-50,000;925;92,5;;0,0;60;12,41;16,39;;15;A27210;;;;;;;;;;;;;;;;;;;;;;;;;;;;;;;;;;;;;;;;;;;;;;;;;;;;;;;;;;;;;;;;;;;;;;;;;
348153;27.05.24 01:11:00;-51,281;-1,935;-1,150;1,808;13,045;1001,762;23,436;93,265;13,640;91,180;14,065;0,636;205,948;17,768;-50,000;925;92,5;;0,0;60;12,41;16,59;;15;A27210;;;;;;;;;;;;;;;;;;;;;;;;;;;;;;;;;;;;;;;;;;;;;;;;;;;;;;;;;;;;;;;;;;;;;;;;;
348154;27.05.24 01:12:00;-52,295;-1,935;-0,658;1,656;13,047;1001,765;23,193;93,445;13,645;91,010;14,095;0,545;152,961;17,759;-50,000;925;92,5;;0,0;60;12,41;16,71;;15;A27210;;;;;;;;;;;;;;;;;;;;;;;;;;;;;;;;;;;;;;;;;;;;;;;;;;;;;;;;;;;;;;;;;;;;;;;;;
348155;27.05.24 01:13:00;-52,970;-1,935;-1,002;1,587;13,035;1001,771;22,536;93,655;13,635;91,000;14,070;0,455;205,318;17,771;-50,000;925;92,5;;0,0;60;12,41;16,51;;15;A27210;;;;;;;;;;;;;;;;;;;;;;;;;;;;;;;;;;;;;;;;;;;;;;;;;;;;;;;;;;;;;;;;;;;;;;;;;
348156;27.05.24 01:14:00;-53,829;-1,935;-1,211;1,513;13,035;1001,789;22,752;93,725;13,635;91,150;14,040;0,766;201,521;17,750;-50,000;925;92,5;;0,0;60;12,41;16,39;;15;A27210;;;;;;;;;;;;;;;;;;;;;;;;;;;;;;;;;;;;;;;;;;;;;;;;;;;;;;;;;;;;;;;;;;;;;;;;;
348157;27.05.24 01:15:00;-53,798;-1,935;-1,090;1,452;13,035;1001,783;22,416;93,775;13,635;91,340;14,030;0,602;208,727;17,716;-50,000;925;92,5;;0,0;60;12,41;16,35;;15;A27210;;;;;;;;;;;;;;;;;;;;;;;;;;;;;;;;;;;;;;;;;;;;;;;;;;;;;;;;;;;;;;;;;;;;;;;;;
348158;27.05.24 01:16:00;-53,567;-1,935;-1,229;1,432;13,015;1001,759;22,587;93,835;13,640;91,395;14,030;0,477;219,898;17,698;-50,000;925;92,5;;0,0;60;12,41;16,63;;15;A27210;;;;;;;;;;;;;;;;;;;;;;;;;;;;;;;;;;;;;;;;;;;;;;;;;;;;;;;;;;;;;;;;;;;;;;;;;
348159;27.05.24 01:17:00;-53,059;-1,935;-1,623;1,361;13,020;1001,720;22,875;93,805;13,645;91,350;14,000;0,459;243,765;17,686;-50,000;925;92,5;;0,0;60;12,40;16,47;;15;A27210;;;;;;;;;;;;;;;;;;;;;;;;;;;;;;;;;;;;;;;;;;;;;;;;;;;;;;;;;;;;;;;;;;;;;;;;;
348160;27.05.24 01:18:00;-52,705;-1,935;-1,962;1,326;12,990;1001,714;22,674;93,655;13,620;91,405;13,970;0,475;325,119;17,682;-50,000;925;92,5;;0,0;60;12,40;16,51;;15;A27210;;;;;;;;;;;;;;;;;;;;;;;;;;;;;;;;;;;;;;;;;;;;;;;;;;;;;;;;;;;;;;;;;;;;;;;;;
348161;27.05.24 01:19:00;-51,920;-1,935;-2,015;1,280;12,975;1001,711;22,833;93,490;13,595;91,430;13,960;0,546;314,972;17,679;-50,000;925;92,5;;0,0;60;12,40;16,43;;15;A27210;;;;;;;;;;;;;;;;;;;;;;;;;;;;;;;;;;;;;;;;;;;;;;;;;;;;;;;;;;;;;;;;;;;;;;;;;
348162;27.05.24 01:20:00;-51,098;-1,935;-1,902;1,343;12,975;1001,708;22,782;93,465;13,605;91,750;13,985;0,691;246,285;17,679;-50,000;925;92,5;;0,0;60;12,40;16,71;;15;A27210;;;;;;;;;;;;;;;;;;;;;;;;;;;;;;;;;;;;;;;;;;;;;;;;;;;;;;;;;;;;;;;;;;;;;;;;;
348163;27.05.24 01:21:00;-50,702;-1,935;-1,639;1,520;12,962;1001,681;22,152;93,590;13,610;91,835;14,000;0,480;208,125;17,679;-50,000;925;92,5;;0,0;60;12,40;16,55;;15;A27210;;;;;;;;;;;;;;;;;;;;;;;;;;;;;;;;;;;;;;;;;;;;;;;;;;;;;;;;;;;;;;;;;;;;;;;;;
348164;27.05.24 01:22:00;-50,521;-1,935;-1,612;1,470;12,955;1001,651;23,055;93,715;13,630;91,390;14,030;0,432;154,986;17,679;-50,000;925;92,5;;0,0;60;12,41;16,47;;15;A27210;;;;;;;;;;;;;;;;;;;;;;;;;;;;;;;;;;;;;;;;;;;;;;;;;;;;;;;;;;;;;;;;;;;;;;;;;
348165;27.05.24 01:23:00;-50,030;-1,935;-1,527;1,345;12,940;1001,633;22,980;93,635;13,610;91,090;13,980;0,436;174,797;17,679;-50,000;925;92,5;;0,0;60;12,40;16,47;;15;A27210;;;;;;;;;;;;;;;;;;;;;;;;;;;;;;;;;;;;;;;;;;;;;;;;;;;;;;;;;;;;;;;;;;;;;;;;;
348166;27.05.24 01:24:00;-49,653;-1,935;-1,715;1,270;12,923;1001,576;23,484;93,470;13,610;91,025;13,935;0,430;92,936;17,679;-50,000;925;92,5;;0,0;60;12,41;16,47;;15;A27210;;;;;;;;;;;;;;;;;;;;;;;;;;;;;;;;;;;;;;;;;;;;;;;;;;;;;;;;;;;;;;;;;;;;;;;;;
348167;27.05.24 01:25:00;-49,063;-1,935;-1,762;1,125;12,900;1001,552;22,455;93,375;13,630;91,170;13,920;0,435;45,827;17,676;-50,000;925;92,5;;0,0;60;12,41;16,55;;15;A27210;;;;;;;;;;;;;;;;;;;;;;;;;;;;;;;;;;;;;;;;;;;;;;;;;;;;;;;;;;;;;;;;;;;;;;;;;
348168;27.05.24 01:26:00;-48,845;-1,935;-1,913;1,161;12,867;1001,558;22,638;93,285;13,625;91,195;13,915;0,437;9,681;17,676;-50,000;925;92,5;;0,0;60;12,42;16,59;;15;A27210;;;;;;;;;;;;;;;;;;;;;;;;;;;;;;;;;;;;;;;;;;;;;;;;;;;;;;;;;;;;;;;;;;;;;;;;;
348169;27.05.24 01:27:00;-48,496;-1,935;-2,021;1,132;12,837;1001,588;22,812;93,015;13,605;91,470;13,855;0,430;12,308;17,676;-50,000;925;92,5;;0,0;60;12,41;16,51;;15;A27210;;;;;;;;;;;;;;;;;;;;;;;;;;;;;;;;;;;;;;;;;;;;;;;;;;;;;;;;;;;;;;;;;;;;;;;;;
348170;27.05.24 01:28:00;-48,393;-1,935;-2,056;1,204;12,835;1001,567;22,779;92,920;13,585;91,420;13,855;0,438;25,729;17,658;-50,000;925;92,5;;0,0;60;12,41;16,23;;15;A27210;;;;;;;;;;;;;;;;;;;;;;;;;;;;;;;;;;;;;;;;;;;;;;;;;;;;;;;;;;;;;;;;;;;;;;;;;
348171;27.05.24 01:29:00;-48,466;-1,935;-1,889;1,106;12,810;1001,570;22,650;92,930;13,515;91,485;13,815;0,465;109,541;17,643;-50,000;925;92,5;;0,0;60;12,40;16,47;;15;A27210;;;;;;;;;;;;;;;;;;;;;;;;;;;;;;;;;;;;;;;;;;;;;;;;;;;;;;;;;;;;;;;;;;;;;;;;;
348172;27.05.24 01:30:00;-48,664;-1,935;-1,716;1,116;12,800;1001,549;22,659;93,045;13,530;91,565;13,790;0,493;120,988;17,634;-50,000;925;92,5;;0,0;60;12,41;16,35;;15;A27210;;;;;;;;;;;;;;;;;;;;;;;;;;;;;;;;;;;;;;;;;;;;;;;;;;;;;;;;;;;;;;;;;;;;;;;;;
348173;27.05.24 01:31:00;-48,484;-1,935;-1,510;1,120;12,780;1001,561;22,629;93,190;13,525;91,790;13,760;0,471;142,318;17,603;-50,000;925;92,5;;0,0;60;12,41;16,39;;15;A27210;;;;;;;;;;;;;;;;;;;;;;;;;;;;;;;;;;;;;;;;;;;;;;;;;;;;;;;;;;;;;;;;;;;;;;;;;
348174;27.05.24 01:32:00;-48,254;-1,935;-1,443;1,229;12,788;1001,651;23,100;93,365;13,545;91,965;13,755;0,451;207,326;17,591;-50,000;925;92,5;;0,0;60;12,41;16,43;;15;A27210;;;;;;;;;;;;;;;;;;;;;;;;;;;;;;;;;;;;;;;;;;;;;;;;;;;;;;;;;;;;;;;;;;;;;;;;;
348175;27.05.24 01:33:00;-48,057;-1,935;-1,191;1,297;12,765;1001,699;23,124;93,415;13,495;91,925;13,745;0,511;213,519;17,597;-50,000;925;92,5;;0,0;60;12,40;16,47;;15;A27210;;;;;;;;;;;;;;;;;;;;;;;;;;;;;;;;;;;;;;;;;;;;;;;;;;;;;;;;;;;;;;;;;;;;;;;;;
348176;27.05.24 01:34:00;-47,364;-1,935;-1,260;1,328;12,765;1001,756;22,371;93,275;13,455;91,915;13,700;0,441;296,893;17,591;-50,000;925;92,5;;0,0;60;12,39;16,55;;15;A27210;;;;;;;;;;;;;;;;;;;;;;;;;;;;;;;;;;;;;;;;;;;;;;;;;;;;;;;;;;;;;;;;;;;;;;;;;
348177;27.05.24 01:35:00;-46,592;-1,935;-1,298;1,211;12,753;1001,768;22,722;93,335;13,490;91,935;13,720;0,436;53,274;17,588;-50,000;925;92,5;;0,0;60;12,41;16,27;;15;A27210;;;;;;;;;;;;;;;;;;;;;;;;;;;;;;;;;;;;;;;;;;;;;;;;;;;;;;;;;;;;;;;;;;;;;;;;;
348178;27.05.24 01:36:00;-45,744;-1,935;-1,376;1,065;12,727;1001,819;22,545;93,360;13,490;91,890;13,700;0,438;56,323;17,582;-50,000;925;92,5;;0,0;60;12,41;16,23;;15;A27210;;;;;;;;;;;;;;;;;;;;;;;;;;;;;;;;;;;;;;;;;;;;;;;;;;;;;;;;;;;;;;;;;;;;;;;;;
348179;27.05.24 01:37:00;-44,776;-1,935;-1,377;0,981;12,707;1001,879;22,623;93,385;13,485;91,995;13,675;0,450;57,471;17,582;-50,000;925;92,5;;0,0;60;12,41;16,55;;15;A27210;;;;;;;;;;;;;;;;;;;;;;;;;;;;;;;;;;;;;;;;;;;;;;;;;;;;;;;;;;;;;;;;;;;;;;;;;
348180;27.05.24 01:38:00;-43,911;-1,935;-1,171;0,947;12,688;1001,903;23,232;93,345;13,480;92,015;13,650;0,530;98,359;17,582;-50,000;925;92,5;;0,0;60;12,41;16,43;;15;A27210;;;;;;;;;;;;;;;;;;;;;;;;;;;;;;;;;;;;;;;;;;;;;;;;;;;;;;;;;;;;;;;;;;;;;;;;;
348181;27.05.24 01:39:00;-42,704;-1,935;-0,933;0,844;12,675;1001,909;22,770;93,130;13,440;92,130;13,630;0,595;18,743;17,582;-50,000;925;92,5;;0,0;60;12,41;16,47;;15;A27210;;;;;;;;;;;;;;;;;;;;;;;;;;;;;;;;;;;;;;;;;;;;;;;;;;;;;;;;;;;;;;;;;;;;;;;;;
348182;27.05.24 01:40:00;-41,516;-1,935;-0,762;0,805;12,667;1001,900;22,869;93,165;13,420;92,350;13,610;0,516;105,924;17,579;-50,000;925;92,5;;0,0;60;12,41;16,07;;15;A27210;;;;;;;;;;;;;;;;;;;;;;;;;;;;;;;;;;;;;;;;;;;;;;;;;;;;;;;;;;;;;;;;;;;;;;;;;
348183;27.05.24 01:41:00;-40,378;-1,935;-0,782;0,787;12,647;1001,939;22,788;93,150;13,415;92,230;13,595;0,490;10,367;17,579;-50,000;925;92,5;;0,0;60;12,42;16,27;;15;A27210;;;;;;;;;;;;;;;;;;;;;;;;;;;;;;;;;;;;;;;;;;;;;;;;;;;;;;;;;;;;;;;;;;;;;;;;;
348184;27.05.24 01:42:00;-39,461;-1,935;-0,665;0,771;12,637;1001,948;22,950;93,170;13,420;92,325;13,555;0,464;17,044;17,573;-50,000;925;92,5;;0,0;60;12,41;16,23;;15;A27210;;;;;;;;;;;;;;;;;;;;;;;;;;;;;;;;;;;;;;;;;;;;;;;;;;;;;;;;;;;;;;;;;;;;;;;;;
348185;27.05.24 01:43:00;-38,364;-1,935;-0,418;0,836;12,623;1002,038;22,932;93,235;13,310;92,385;13,465;0,438;321,120;17,570;-50,000;925;92,5;;0,0;60;12,39;16,23;;15;A27210;;;;;;;;;;;;;;;;;;;;;;;;;;;;;;;;;;;;;;;;;;;;;;;;;;;;;;;;;;;;;;;;;;;;;;;;;
348186;27.05.24 01:44:00;-36,906;-1,935;-0,368;0,965;12,615;1002,017;22,680;93,435;13,355;92,655;13,510;0,436;44,033;17,554;-50,000;925;92,5;;0,0;60;12,40;16,47;;15;A27210;;;;;;;;;;;;;;;;;;;;;;;;;;;;;;;;;;;;;;;;;;;;;;;;;;;;;;;;;;;;;;;;;;;;;;;;;
348187;27.05.24 01:45:00;-35,891;-1,935;-0,139;1,199;12,613;1001,912;22,587;93,645;13,340;92,855;13,495;0,438;189,343;17,563;-50,000;925;92,5;;0,0;60;12,39;16,39;;15;A27210;;;;;;;;;;;;;;;;;;;;;;;;;;;;;;;;;;;;;;;;;;;;;;;;;;;;;;;;;;;;;;;;;;;;;;;;;
348188;27.05.24 01:46:00;-34,938;-1,935;0,099;1,228;12,592;1001,810;23,097;93,810;13,315;92,965;13,465;0,437;290,436;17,512;-50,000;925;92,5;;0,0;60;12,39;16,27;;15;A27210;;;;;;;;;;;;;;;;;;;;;;;;;;;;;;;;;;;;;;;;;;;;;;;;;;;;;;;;;;;;;;;;;;;;;;;;;
348189;27.05.24 01:47:00;-33,933;-1,935;0,184;1,251;12,605;1001,642;23,079;93,925;13,325;93,080;13,475;0,438;334,564;17,527;-50,000;925;92,5;;0,0;60;12,38;16,39;;15;A27210;;;;;;;;;;;;;;;;;;;;;;;;;;;;;;;;;;;;;;;;;;;;;;;;;;;;;;;;;;;;;;;;;;;;;;;;;
348190;27.05.24 01:48:00;-33,194;-1,935;0,173;1,231;12,610;1001,435;22,656;93,975;13,315;93,165;13,520;0,446;322,352;17,512;-50,000;925;92,5;;0,0;60;12,39;16,19;;15;A27210;;;;;;;;;;;;;;;;;;;;;;;;;;;;;;;;;;;;;;;;;;;;;;;;;;;;;;;;;;;;;;;;;;;;;;;;;
348191;27.05.24 01:49:00;-32,563;-1,935;0,217;1,297;12,602;1001,534;22,626;93,945;13,305;93,235;13,535;0,486;340,161;17,499;-50,000;925;92,5;;0,0;60;12,39;16,23;;15;A27210;;;;;;;;;;;;;;;;;;;;;;;;;;;;;;;;;;;;;;;;;;;;;;;;;;;;;;;;;;;;;;;;;;;;;;;;;
348192;27.05.24 01:50:00;-32,110;-1,935;0,298;1,327;12,615;1001,465;22,866;93,875;13,305;93,145;13,570;0,488;336,887;17,481;-50,000;925;92,5;;0,0;60;12,38;16,35;;15;A27210;;;;;;;;;;;;;;;;;;;;;;;;;;;;;;;;;;;;;;;;;;;;;;;;;;;;;;;;;;;;;;;;;;;;;;;;;
348193;27.05.24 01:51:00;-31,995;-1,935;0,380;1,333;12,613;1001,414;22,527;93,900;13,310;92,890;13,580;0,431;354,274;17,490;-50,000;925;92,5;;0,0;60;12,38;16,07;;15;A27210;;;;;;;;;;;;;;;;;;;;;;;;;;;;;;;;;;;;;;;;;;;;;;;;;;;;;;;;;;;;;;;;;;;;;;;;;
348194;27.05.24 01:52:00;-31,977;-1,935;0,500;1,294;12,610;1001,339;22,647;93,905;13,295;92,690;13,600;0,437;354,566;17,484;-50,000;925;92,5;;0,0;60;12,37;16,31;;15;A27210;;;;;;;;;;;;;;;;;;;;;;;;;;;;;;;;;;;;;;;;;;;;;;;;;;;;;;;;;;;;;;;;;;;;;;;;;
348195;27.05.24 01:53:00;-32,063;-1,935;0,614;1,211;12,622;1001,294;22,992;93,965;13,325;92,710;13,630;0,449;292,433;17,484;-50,000;925;92,5;;0,0;60;12,39;16,27;;15;A27210;;;;;;;;;;;;;;;;;;;;;;;;;;;;;;;;;;;;;;;;;;;;;;;;;;;;;;;;;;;;;;;;;;;;;;;;;
348196;27.05.24 01:54:00;-32,747;-1,935;0,685;1,294;12,625;1001,273;22,275;94,025;13,330;92,615;13,665;0,451;194,299;17,484;-50,000;925;92,5;;0,0;60;12,39;16,23;;15;A27210;;;;;;;;;;;;;;;;;;;;;;;;;;;;;;;;;;;;;;;;;;;;;;;;;;;;;;;;;;;;;;;;;;;;;;;;;
348197;27.05.24 01:55:00;-33,573;-1,935;0,766;1,411;12,622;1001,261;22,020;94,150;13,355;92,490;13,705;0,464;137,576;17,478;-50,000;925;92,5;;0,0;60;12,40;16,35;;15;A27210;;;;;;;;;;;;;;;;;;;;;;;;;;;;;;;;;;;;;;;;;;;;;;;;;;;;;;;;;;;;;;;;;;;;;;;;;
348198;27.05.24 01:56:00;-34,288;-1,935;0,925;1,371;12,632;1001,261;22,956;94,250;13,360;92,435;13,690;0,499;177,705;17,475;-50,000;925;92,5;;0,0;60;12,40;16,19;;15;A27210;;;;;;;;;;;;;;;;;;;;;;;;;;;;;;;;;;;;;;;;;;;;;;;;;;;;;;;;;;;;;;;;;;;;;;;;;
348199;27.05.24 01:57:00;-35,336;-1,935;0,894;1,435;12,653;1001,225;22,701;94,305;13,365;92,260;13,680;0,764;198,225;17,466;-50,000;925;92,5;;0,0;60;12,39;16,35;;15;A27210;;;;;;;;;;;;;;;;;;;;;;;;;;;;;;;;;;;;;;;;;;;;;;;;;;;;;;;;;;;;;;;;;;;;;;;;;
348200;27.05.24 01:58:00;-36,220;-1,935;1,085;1,404;12,663;1001,243;23,217;94,390;13,375;92,290;13,675;0,662;209,734;17,463;-50,000;925;92,5;;0,0;60;12,39;16,31;;15;A27210;;;;;;;;;;;;;;;;;;;;;;;;;;;;;;;;;;;;;;;;;;;;;;;;;;;;;;;;;;;;;;;;;;;;;;;;;
348201;27.05.24 01:59:00;-37,053;-1,935;1,162;1,366;12,680;1001,225;22,470;94,395;13,405;92,310;13,680;0,628;200,003;17,451;-50,000;925;92,5;;0,0;60;12,39;16,19;;15;A27210;;;;;;;;;;;;;;;;;;;;;;;;;;;;;;;;;;;;;;;;;;;;;;;;;;;;;;;;;;;;;;;;;;;;;;;;;
348202;27.05.24 02:00:00;-37,749;-1,935;1,150;1,366;12,700;1001,180;22,488;94,425;13,410;92,470;13,685;0,618;192,302;17,435;-50,000;925;92,5;;0,0;60;12,39;16,31;;15;A27210;;;;;;;;;;;;;;;;;;;;;;;;;;;;;;;;;;;;;;;;;;;;;;;;;;;;;;;;;;;;;;;;;;;;;;;;;
348203;27.05.24 02:01:00;-38,119;-1,935;0,873;1,451;12,707;1001,114;22,263;94,395;13,435;92,360;13,680;0,544;167,130;17,435;-50,000;925;92,5;;0,0;60;12,39;16,23;;15;A27210;;;;;;;;;;;;;;;;;;;;;;;;;;;;;;;;;;;;;;;;;;;;;;;;;;;;;;;;;;;;;;;;;;;;;;;;;
348204;27.05.24 02:02:00;-38,442;-1,935;0,623;1,476;12,710;1001,123;22,719;94,365;13,445;92,440;13,675;0,529;166,269;17,414;-50,000;925;92,5;;0,0;60;12,40;16,03;;15;A27210;;;;;;;;;;;;;;;;;;;;;;;;;;;;;;;;;;;;;;;;;;;;;;;;;;;;;;;;;;;;;;;;;;;;;;;;;
348205;27.05.24 02:03:00;-38,578;-1,935;0,667;1,393;12,700;1001,090;22,860;94,325;13,455;92,345;13,670;0,436;134,876;17,423;-50,000;925;92,5;;0,0;60;12,40;16,23;;15;A27210;;;;;;;;;;;;;;;;;;;;;;;;;;;;;;;;;;;;;;;;;;;;;;;;;;;;;;;;;;;;;;;;;;;;;;;;;
348206;27.05.24 02:04:00;-38,631;-1,935;0,370;1,296;12,700;1001,015;22,122;94,175;13,450;92,105;13,655;0,517;99,878;17,399;-50,000;925;92,5;;0,0;60;12,40;16,27;;15;A27210;;;;;;;;;;;;;;;;;;;;;;;;;;;;;;;;;;;;;;;;;;;;;;;;;;;;;;;;;;;;;;;;;;;;;;;;;
348207;27.05.24 02:05:00;-38,557;-1,935;0,277;1,141;12,690;1000,961;22,893;93,910;13,435;91,950;13,635;0,540;111,083;17,405;-50,000;925;92,5;;0,0;60;12,40;16,19;;15;A27210;;;;;;;;;;;;;;;;;;;;;;;;;;;;;;;;;;;;;;;;;;;;;;;;;;;;;;;;;;;;;;;;;;;;;;;;;
348208;27.05.24 02:06:00;-38,517;-1,935;0,352;1,091;12,685;1000,916;22,794;93,650;13,440;91,855;13,580;0,785;119,813;17,396;-50,000;925;92,5;;0,0;60;12,40;16,11;;15;A27210;;;;;;;;;;;;;;;;;;;;;;;;;;;;;;;;;;;;;;;;;;;;;;;;;;;;;;;;;;;;;;;;;;;;;;;;;
348209;27.05.24 02:07:00;-38,239;-1,935;0,413;1,019;12,690;1000,898;23,055;93,450;13,415;91,910;13,550;0,837;114,564;17,393;-50,000;925;92,5;;0,0;60;12,40;15,87;;15;A27210;;;;;;;;;;;;;;;;;;;;;;;;;;;;;;;;;;;;;;;;;;;;;;;;;;;;;;;;;;;;;;;;;;;;;;;;;
348210;27.05.24 02:08:00;-37,927;-1,935;0,434;0,955;12,683;1000,886;22,317;93,295;13,400;91,800;13,495;0,962;111,977;17,386;-50,000;925;92,5;;0,0;60;12,40;16,03;;15;A27210;;;;;;;;;;;;;;;;;;;;;;;;;;;;;;;;;;;;;;;;;;;;;;;;;;;;;;;;;;;;;;;;;;;;;;;;;
348211;27.05.24 02:09:00;-37,308;-1,935;0,432;0,905;12,655;1000,865;22,578;93,145;13,370;91,870;13,450;0,949;95,996;17,386;-50,000;925;92,5;;0,0;60;12,40;16,35;;15;A27210;;;;;;;;;;;;;;;;;;;;;;;;;;;;;;;;;;;;;;;;;;;;;;;;;;;;;;;;;;;;;;;;;;;;;;;;;
348212;27.05.24 02:10:00;-36,898;-1,935;0,508;0,841;12,632;1000,868;22,803;93,065;13,360;92,010;13,380;0,921;114,103;17,380;-50,000;925;92,5;;0,0;60;12,40;16,11;;15;A27210;;;;;;;;;;;;;;;;;;;;;;;;;;;;;;;;;;;;;;;;;;;;;;;;;;;;;;;;;;;;;;;;;;;;;;;;;
348213;27.05.24 02:11:00;-36,297;-1,935;0,594;0,782;12,617;1000,880;22,425;92,930;13,340;92,070;13,370;0,509;37,271;17,377;-50,000;925;92,5;;0,0;60;12,40;16,27;;15;A27210;;;;;;;;;;;;;;;;;;;;;;;;;;;;;;;;;;;;;;;;;;;;;;;;;;;;;;;;;;;;;;;;;;;;;;;;;
348214;27.05.24 02:12:00;-35,851;-1,935;0,565;0,853;12,602;1000,868;22,935;92,875;13,320;92,085;13,300;0,538;146,604;17,371;-50,000;925;92,5;;0,0;60;12,40;16,15;;15;A27210;;;;;;;;;;;;;;;;;;;;;;;;;;;;;;;;;;;;;;;;;;;;;;;;;;;;;;;;;;;;;;;;;;;;;;;;;
348215;27.05.24 02:13:00;-35,282;-1,935;0,544;0,850;12,565;1000,889;22,683;92,855;13,295;92,255;13,265;0,450;106,763;17,365;-50,000;925;92,5;;0,0;60;12,39;16,23;;15;A27210;;;;;;;;;;;;;;;;;;;;;;;;;;;;;;;;;;;;;;;;;;;;;;;;;;;;;;;;;;;;;;;;;;;;;;;;;
348216;27.05.24 02:14:00;-34,938;-1,935;0,603;0,892;12,560;1000,916;22,881;92,880;13,275;92,500;13,285;0,574;65,042;17,353;-50,000;925;92,5;;0,0;60;12,40;16,07;;15;A27210;;;;;;;;;;;;;;;;;;;;;;;;;;;;;;;;;;;;;;;;;;;;;;;;;;;;;;;;;;;;;;;;;;;;;;;;;
348217;27.05.24 02:15:00;-35,102;-1,935;0,801;0,967;12,555;1000,919;22,410;92,990;13,265;92,775;13,300;0,759;105,863;17,344;-50,000;925;92,5;;0,0;60;12,39;16,35;;15;A27210;;;;;;;;;;;;;;;;;;;;;;;;;;;;;;;;;;;;;;;;;;;;;;;;;;;;;;;;;;;;;;;;;;;;;;;;;
348218;27.05.24 02:16:00;-35,818;-1,935;1,044;1,128;12,563;1000,928;23,028;93,135;13,255;92,745;13,305;0,680;126,383;17,326;-50,000;925;92,5;;0,0;60;12,39;16,07;;15;A27210;;;;;;;;;;;;;;;;;;;;;;;;;;;;;;;;;;;;;;;;;;;;;;;;;;;;;;;;;;;;;;;;;;;;;;;;;
348219;27.05.24 02:17:00;-36,287;-1,935;0,896;1,136;12,545;1000,928;22,737;93,210;13,245;92,505;13,330;0,616;108,017;17,326;-50,000;925;92,5;;0,0;60;12,39;16,27;;15;A27210;;;;;;;;;;;;;;;;;;;;;;;;;;;;;;;;;;;;;;;;;;;;;;;;;;;;;;;;;;;;;;;;;;;;;;;;;
348220;27.05.24 02:18:00;-36,938;-1,935;0,776;1,149;12,557;1000,913;23,682;93,220;13,230;92,385;13,300;0,465;121,691;17,304;-50,000;925;92,5;;0,0;60;12,39;16,03;;15;A27210;;;;;;;;;;;;;;;;;;;;;;;;;;;;;;;;;;;;;;;;;;;;;;;;;;;;;;;;;;;;;;;;;;;;;;;;;
348221;27.05.24 02:19:00;-37,609;-1,935;0,778;1,119;12,530;1000,916;22,866;93,240;13,210;92,460;13,290;0,444;136,451;17,301;-50,000;925;92,5;;0,0;60;12,39;16,47;;15;A27210;;;;;;;;;;;;;;;;;;;;;;;;;;;;;;;;;;;;;;;;;;;;;;;;;;;;;;;;;;;;;;;;;;;;;;;;;
348222;27.05.24 02:20:00;-38,597;-1,935;0,769;1,152;12,542;1000,937;22,347;93,320;13,230;92,505;13,295;0,544;148,916;17,304;-50,000;925;92,5;;0,0;60;12,39;16,27;;15;A27210;;;;;;;;;;;;;;;;;;;;;;;;;;;;;;;;;;;;;;;;;;;;;;;;;;;;;;;;;;;;;;;;;;;;;;;;;
348223;27.05.24 02:21:00;-39,491;-1,935;0,748;1,190;12,545;1000,952;23,175;93,415;13,220;92,510;13,280;0,613;187,836;17,295;-50,000;925;92,5;;0,0;60;12,40;16,07;;15;A27210;;;;;;;;;;;;;;;;;;;;;;;;;;;;;;;;;;;;;;;;;;;;;;;;;;;;;;;;;;;;;;;;;;;;;;;;;
348224;27.05.24 02:22:00;-40,155;-1,935;0,659;1,276;12,533;1000,958;22,842;93,460;13,215;92,630;13,305;0,591;190,479;17,289;-50,000;925;92,5;;0,0;60;12,39;15,91;;15;A27210;;;;;;;;;;;;;;;;;;;;;;;;;;;;;;;;;;;;;;;;;;;;;;;;;;;;;;;;;;;;;;;;;;;;;;;;;
348225;27.05.24 02:23:00;-40,718;-1,935;0,592;1,271;12,538;1000,952;22,632;93,515;13,220;92,675;13,300;0,553;151,909;17,295;-50,000;925;92,5;;0,0;60;12,40;15,99;;15;A27210;;;;;;;;;;;;;;;;;;;;;;;;;;;;;;;;;;;;;;;;;;;;;;;;;;;;;;;;;;;;;;;;;;;;;;;;;
348226;27.05.24 02:24:00;-40,858;-1,935;0,335;1,319;12,525;1000,955;22,698;93,500;13,210;92,530;13,285;0,436;177,559;17,286;-50,000;925;92,5;;0,0;60;12,38;15,99;;15;A27210;;;;;;;;;;;;;;;;;;;;;;;;;;;;;;;;;;;;;;;;;;;;;;;;;;;;;;;;;;;;;;;;;;;;;;;;;
348227;27.05.24 02:25:00;-40,956;-1,935;0,193;1,259;12,510;1000,946;22,890;93,465;13,200;92,430;13,275;0,434;231,345;17,283;-50,000;925;92,5;;0,0;60;12,38;15,91;;15;A27210;;;;;;;;;;;;;;;;;;;;;;;;;;;;;;;;;;;;;;;;;;;;;;;;;;;;;;;;;;;;;;;;;;;;;;;;;
348228;27.05.24 02:26:00;-41,116;-1,935;0,012;1,262;12,493;1000,928;22,593;93,480;13,210;92,500;13,270;0,435;232,976;17,283;-50,000;925;92,5;;0,0;60;12,38;16,31;;15;A27210;;;;;;;;;;;;;;;;;;;;;;;;;;;;;;;;;;;;;;;;;;;;;;;;;;;;;;;;;;;;;;;;;;;;;;;;;
348229;27.05.24 02:27:00;-41,210;-1,935;-0,137;1,268;12,480;1000,940;23,046;93,475;13,235;92,555;13,265;0,431;157,444;17,283;-50,000;925;92,5;;0,0;60;12,39;16,11;;15;A27210;;;;;;;;;;;;;;;;;;;;;;;;;;;;;;;;;;;;;;;;;;;;;;;;;;;;;;;;;;;;;;;;;;;;;;;;;
348230;27.05.24 02:28:00;-41,314;-1,935;-0,124;1,228;12,470;1000,937;22,446;93,410;13,230;92,655;13,265;0,444;112,607;17,274;-50,000;925;92,5;;0,0;60;12,39;16,11;;15;A27210;;;;;;;;;;;;;;;;;;;;;;;;;;;;;;;;;;;;;;;;;;;;;;;;;;;;;;;;;;;;;;;;;;;;;;;;;
348231;27.05.24 02:29:00;-41,428;-1,935;0,017;1,227;12,455;1000,937;23,241;93,395;13,210;92,680;13,260;0,459;175,854;17,243;-50,000;925;92,5;;0,0;60;12,39;15,99;;15;A27210;;;;;;;;;;;;;;;;;;;;;;;;;;;;;;;;;;;;;;;;;;;;;;;;;;;;;;;;;;;;;;;;;;;;;;;;;
348232;27.05.24 02:30:00;-41,469;-1,935;0,060;1,338;12,445;1000,949;21,849;93,455;13,215;92,805;13,310;0,477;150,396;17,259;-50,000;925;92,5;;0,0;60;12,39;16,15;;15;A27210;;;;;;;;;;;;;;;;;;;;;;;;;;;;;;;;;;;;;;;;;;;;;;;;;;;;;;;;;;;;;;;;;;;;;;;;;
348233;27.05.24 02:31:00;-41,332;-1,935;0,194;1,342;12,435;1000,943;23,124;93,455;13,195;92,900;13,260;0,455;205,599;17,252;-50,000;925;92,5;;0,0;60;12,38;16,03;;15;A27210;;;;;;;;;;;;;;;;;;;;;;;;;;;;;;;;;;;;;;;;;;;;;;;;;;;;;;;;;;;;;;;;;;;;;;;;;
348234;27.05.24 02:32:00;-41,134;-1,935;0,087;1,285;12,427;1000,952;22,605;93,555;13,210;92,925;13,290;0,439;150,840;17,246;-50,000;925;92,5;;0,0;60;12,38;15,99;;15;A27210;;;;;;;;;;;;;;;;;;;;;;;;;;;;;;;;;;;;;;;;;;;;;;;;;;;;;;;;;;;;;;;;;;;;;;;;;
348235;27.05.24 02:33:00;-41,132;-1,935;-0,030;1,283;12,432;1000,958;22,989;93,610;13,220;92,830;13,300;0,543;97,718;17,219;-50,000;925;92,5;;0,0;60;12,39;15,87;;15;A27210;;;;;;;;;;;;;;;;;;;;;;;;;;;;;;;;;;;;;;;;;;;;;;;;;;;;;;;;;;;;;;;;;;;;;;;;;
348236;27.05.24 02:34:00;-40,958;-1,935;-0,091;1,139;12,413;1000,922;22,764;93,500;13,205;92,540;13,270;0,551;99,602;17,207;-50,000;925;92,5;;0,0;60;12,39;15,91;;15;A27210;;;;;;;;;;;;;;;;;;;;;;;;;;;;;;;;;;;;;;;;;;;;;;;;;;;;;;;;;;;;;;;;;;;;;;;;;
348237;27.05.24 02:35:00;-40,790;-1,935;-0,220;1,000;12,385;1000,946;22,641;93,300;13,180;92,445;13,255;0,611;104,018;17,206;-50,000;925;92,5;;0,0;60;12,39;16,11;;15;A27210;;;;;;;;;;;;;;;;;;;;;;;;;;;;;;;;;;;;;;;;;;;;;;;;;;;;;;;;;;;;;;;;;;;;;;;;;
348238;27.05.24 02:36:00;-40,654;-1,935;-0,157;0,967;12,382;1001,003;22,893;93,180;13,170;92,500;13,230;0,723;106,088;17,191;-50,000;925;92,5;;0,0;60;12,39;15,91;;15;A27210;;;;;;;;;;;;;;;;;;;;;;;;;;;;;;;;;;;;;;;;;;;;;;;;;;;;;;;;;;;;;;;;;;;;;;;;;
348239;27.05.24 02:37:00;-40,496;-1,935;0,088;0,950;12,372;1001,015;23,181;93,115;13,140;92,615;13,190;0,887;115,599;17,191;-50,000;925;92,5;;0,0;60;12,39;15,87;;15;A27210;;;;;;;;;;;;;;;;;;;;;;;;;;;;;;;;;;;;;;;;;;;;;;;;;;;;;;;;;;;;;;;;;;;;;;;;;
348240;27.05.24 02:38:00;-40,196;-1,935;0,290;0,958;12,378;1001,027;22,920;93,160;13,135;92,625;13,155;0,657;135,411;17,191;-50,000;925;92,5;;0,0;60;12,38;16,11;;15;A27210;;;;;;;;;;;;;;;;;;;;;;;;;;;;;;;;;;;;;;;;;;;;;;;;;;;;;;;;;;;;;;;;;;;;;;;;;
348241;27.05.24 02:39:00;-39,586;-1,935;0,386;0,918;12,380;1001,048;22,710;93,270;13,125;92,705;13,115;0,518;142,560;17,188;-50,000;925;92,5;;0,0;60;12,39;15,91;;15;A27210;;;;;;;;;;;;;;;;;;;;;;;;;;;;;;;;;;;;;;;;;;;;;;;;;;;;;;;;;;;;;;;;;;;;;;;;;
348242;27.05.24 02:40:00;-38,871;-1,935;0,532;0,957;12,367;1001,093;21,960;93,365;13,120;92,880;13,105;0,457;125,646;17,191;-50,000;925;92,5;;0,0;60;12,38;16,07;;15;A27210;;;;;;;;;;;;;;;;;;;;;;;;;;;;;;;;;;;;;;;;;;;;;;;;;;;;;;;;;;;;;;;;;;;;;;;;;
348243;27.05.24 02:41:00;-38,125;-1,935;0,450;0,929;12,350;1001,102;22,725;93,475;13,125;93,075;13,100;0,438;39,831;17,185;-50,000;925;92,5;;0,0;60;12,39;15,99;;15;A27210;;;;;;;;;;;;;;;;;;;;;;;;;;;;;;;;;;;;;;;;;;;;;;;;;;;;;;;;;;;;;;;;;;;;;;;;;
348244;27.05.24 02:42:00;-37,311;-1,935;0,465;1,035;12,330;1001,090;22,824;93,545;13,090;93,235;13,070;0,441;70,763;17,176;-50,000;925;92,5;;0,0;60;12,39;15,91;;15;A27210;;;;;;;;;;;;;;;;;;;;;;;;;;;;;;;;;;;;;;;;;;;;;;;;;;;;;;;;;;;;;;;;;;;;;;;;;
348245;27.05.24 02:43:00;-36,420;-1,935;0,543;1,024;12,320;1001,030;22,896;93,685;13,105;93,340;13,085;0,436;79,819;17,164;-50,000;925;92,5;;0,0;60;12,39;15,91;;15;A27210;;;;;;;;;;;;;;;;;;;;;;;;;;;;;;;;;;;;;;;;;;;;;;;;;;;;;;;;;;;;;;;;;;;;;;;;;
348246;27.05.24 02:44:00;-35,708;-1,935;0,428;1,066;12,310;1001,051;22,680;93,725;13,090;93,470;13,070;0,443;121,956;17,164;-50,000;925;92,5;;0,0;60;12,38;15,83;;15;A27210;;;;;;;;;;;;;;;;;;;;;;;;;;;;;;;;;;;;;;;;;;;;;;;;;;;;;;;;;;;;;;;;;;;;;;;;;
348247;27.05.24 02:45:00;-34,963;-1,935;0,551;1,123;12,325;1001,054;22,383;93,865;13,110;93,705;13,080;0,506;105,238;17,154;-50,000;925;92,5;;0,0;60;12,39;16,11;;15;A27210;;;;;;;;;;;;;;;;;;;;;;;;;;;;;;;;;;;;;;;;;;;;;;;;;;;;;;;;;;;;;;;;;;;;;;;;;
348248;27.05.24 02:46:00;-34,196;-1,935;0,632;1,080;12,305;1001,048;22,737;93,940;13,105;93,805;13,110;0,465;95,282;17,133;-50,000;925;92,5;;0,0;60;12,39;16,15;;15;A27210;;;;;;;;;;;;;;;;;;;;;;;;;;;;;;;;;;;;;;;;;;;;;;;;;;;;;;;;;;;;;;;;;;;;;;;;;
348249;27.05.24 02:47:00;-33,653;-1,935;0,667;1,143;12,307;1000,994;22,983;94,015;13,070;93,810;13,095;0,443;117,197;17,121;-50,000;925;92,5;;0,0;60;12,38;16,19;;15;A27210;;;;;;;;;;;;;;;;;;;;;;;;;;;;;;;;;;;;;;;;;;;;;;;;;;;;;;;;;;;;;;;;;;;;;;;;;
348250;27.05.24 02:48:00;-33,213;-1,935;0,763;1,194;12,305;1001,018;22,641;94,020;13,075;93,625;13,125;0,451;149,231;17,121;-50,000;925;92,5;;0,0;60;12,38;15,95;;15;A27210;;;;;;;;;;;;;;;;;;;;;;;;;;;;;;;;;;;;;;;;;;;;;;;;;;;;;;;;;;;;;;;;;;;;;;;;;
348251;27.05.24 02:49:00;-32,507;-1,935;0,826;1,247;12,313;1001,027;22,389;94,045;13,075;93,560;13,100;0,435;164,931;17,112;-50,000;925;92,5;;0,0;60;12,38;15,99;;15;A27210;;;;;;;;;;;;;;;;;;;;;;;;;;;;;;;;;;;;;;;;;;;;;;;;;;;;;;;;;;;;;;;;;;;;;;;;;
348252;27.05.24 02:50:00;-32,244;-1,935;0,865;1,290;12,313;1000,985;22,494;94,105;13,065;93,690;13,105;0,448;165,049;17,100;-50,000;925;92,5;;0,0;60;12,38;16,03;;15;A27210;;;;;;;;;;;;;;;;;;;;;;;;;;;;;;;;;;;;;;;;;;;;;;;;;;;;;;;;;;;;;;;;;;;;;;;;;
348253;27.05.24 02:51:00;-32,250;-1,935;0,920;1,435;12,317;1001,003;22,677;94,185;13,075;93,870;13,130;0,545;201,887;17,096;-50,000;925;92,5;;0,0;60;12,37;16,11;;15;A27210;;;;;;;;;;;;;;;;;;;;;;;;;;;;;;;;;;;;;;;;;;;;;;;;;;;;;;;;;;;;;;;;;;;;;;;;;
348254;27.05.24 02:52:00;-32,609;-1,935;1,067;1,364;12,335;1001,045;22,896;94,260;13,070;93,785;13,140;0,618;211,455;17,096;-50,000;925;92,5;;0,0;60;12,37;15,83;;15;A27210;;;;;;;;;;;;;;;;;;;;;;;;;;;;;;;;;;;;;;;;;;;;;;;;;;;;;;;;;;;;;;;;;;;;;;;;;
348255;27.05.24 02:53:00;-33,063;-1,935;1,090;1,382;12,362;1001,048;22,875;94,335;13,110;93,850;13,185;0,627;191,543;17,090;-50,000;925;92,5;;0,0;60;12,38;15,79;;15;A27210;;;;;;;;;;;;;;;;;;;;;;;;;;;;;;;;;;;;;;;;;;;;;;;;;;;;;;;;;;;;;;;;;;;;;;;;;
348256;27.05.24 02:54:00;-33,780;-1,935;1,093;1,419;12,378;1001,027;22,707;94,340;13,090;93,800;13,235;0,633;198,838;17,093;-50,000;925;92,5;;0,0;60;12,37;15,79;;15;A27210;;;;;;;;;;;;;;;;;;;;;;;;;;;;;;;;;;;;;;;;;;;;;;;;;;;;;;;;;;;;;;;;;;;;;;;;;
348257;27.05.24 02:55:00;-34,542;-1,935;1,024;1,344;12,383;1000,985;22,782;94,395;13,105;93,645;13,205;0,621;202,230;17,090;-50,000;925;92,5;;0,0;60;12,38;15,87;;15;A27210;;;;;;;;;;;;;;;;;;;;;;;;;;;;;;;;;;;;;;;;;;;;;;;;;;;;;;;;;;;;;;;;;;;;;;;;;
348258;27.05.24 02:56:00;-35,362;-1,935;0,923;1,348;12,395;1000,985;22,665;94,380;13,110;93,675;13,235;0,525;193,534;17,078;-50,000;925;92,5;;0,0;60;12,38;16,07;;15;A27210;;;;;;;;;;;;;;;;;;;;;;;;;;;;;;;;;;;;;;;;;;;;;;;;;;;;;;;;;;;;;;;;;;;;;;;;;
348259;27.05.24 02:57:00;-36,316;-1,935;0,948;1,283;12,390;1000,994;23,034;94,320;13,105;93,440;13,245;0,604;204,930;17,072;-50,000;925;92,5;;0,0;60;12,37;15,83;;15;A27210;;;;;;;;;;;;;;;;;;;;;;;;;;;;;;;;;;;;;;;;;;;;;;;;;;;;;;;;;;;;;;;;;;;;;;;;;
348260;27.05.24 02:58:00;-36,919;-1,935;0,913;1,209;12,400;1001,000;22,365;94,275;13,100;93,230;13,235;0,681;193,376;17,078;-50,000;925;92,5;;0,0;60;12,38;15,99;;15;A27210;;;;;;;;;;;;;;;;;;;;;;;;;;;;;;;;;;;;;;;;;;;;;;;;;;;;;;;;;;;;;;;;;;;;;;;;;
348261;27.05.24 02:59:00;-36,864;-1,935;0,822;1,184;12,397;1001,009;22,434;94,145;13,085;93,145;13,210;0,442;200,177;17,060;-50,000;925;92,5;;0,0;60;12,37;15,91;;15;A27210;;;;;;;;;;;;;;;;;;;;;;;;;;;;;;;;;;;;;;;;;;;;;;;;;;;;;;;;;;;;;;;;;;;;;;;;;
348262;27.05.24 03:00:00;-36,719;-1,935;0,569;1,106;12,377;1000,979;22,977;94,065;13,095;92,955;13,220;0,455;133,335;17,051;-50,000;925;92,5;;0,0;60;12,38;15,87;;15;A27210;;;;;;;;;;;;;;;;;;;;;;;;;;;;;;;;;;;;;;;;;;;;;;;;;;;;;;;;;;;;;;;;;;;;;;;;;
348263;27.05.24 03:01:00;-36,192;-1,935;0,538;0,944;12,360;1000,982;22,203;93,965;13,085;92,750;13,175;0,445;91,974;17,026;-50,000;925;92,5;;0,0;60;12,38;15,83;;15;A27210;;;;;;;;;;;;;;;;;;;;;;;;;;;;;;;;;;;;;;;;;;;;;;;;;;;;;;;;;;;;;;;;;;;;;;;;;
348264;27.05.24 03:02:00;-35,243;-1,935;0,507;0,918;12,345;1001,006;22,968;93,870;13,065;92,900;13,155;0,439;80,888;17,032;-50,000;925;92,5;;0,0;60;12,38;15,60;;15;A27210;;;;;;;;;;;;;;;;;;;;;;;;;;;;;;;;;;;;;;;;;;;;;;;;;;;;;;;;;;;;;;;;;;;;;;;;;
348265;27.05.24 03:03:00;-34,283;-1,935;0,521;0,882;12,323;1001,018;22,707;93,865;13,050;92,975;13,115;0,442;106,071;17,023;-50,000;925;92,5;;0,0;60;12,38;15,87;;15;A27210;;;;;;;;;;;;;;;;;;;;;;;;;;;;;;;;;;;;;;;;;;;;;;;;;;;;;;;;;;;;;;;;;;;;;;;;;
348266;27.05.24 03:04:00;-33,290;-1,935;0,524;0,868;12,320;1001,006;22,794;93,850;13,030;93,095;13,115;0,436;275,012;17,020;-50,000;925;92,5;;0,0;60;12,37;15,71;;15;A27210;;;;;;;;;;;;;;;;;;;;;;;;;;;;;;;;;;;;;;;;;;;;;;;;;;;;;;;;;;;;;;;;;;;;;;;;;
348267;27.05.24 03:05:00;-32,237;-1,935;0,539;0,921;12,302;1001,033;22,635;93,800;12,990;93,225;13,075;0,438;337,736;17,005;-50,000;925;92,5;;0,0;60;12,37;15,79;;15;A27210;;;;;;;;;;;;;;;;;;;;;;;;;;;;;;;;;;;;;;;;;;;;;;;;;;;;;;;;;;;;;;;;;;;;;;;;;
348268;27.05.24 03:06:00;-31,054;-1,935;0,554;1,029;12,307;1001,147;22,830;93,840;12,995;93,545;13,110;0,463;312,553;17,005;-50,000;925;92,5;;0,0;60;12,36;15,87;;15;A27210;;;;;;;;;;;;;;;;;;;;;;;;;;;;;;;;;;;;;;;;;;;;;;;;;;;;;;;;;;;;;;;;;;;;;;;;;
348269;27.05.24 03:07:00;-29,817;-1,935;0,560;1,091;12,315;1001,198;22,791;93,985;12,990;93,835;13,125;0,568;296,944;16,999;-50,000;925;92,5;;0,0;60;12,37;15,79;;15;A27210;;;;;;;;;;;;;;;;;;;;;;;;;;;;;;;;;;;;;;;;;;;;;;;;;;;;;;;;;;;;;;;;;;;;;;;;;
348270;27.05.24 03:08:00;-28,707;-1,935;0,838;1,204;12,333;1001,228;22,851;94,150;13,015;94,055;13,175;0,614;237,966;16,996;-50,000;925;92,5;;0,0;60;12,37;15,83;;15;A27210;;;;;;;;;;;;;;;;;;;;;;;;;;;;;;;;;;;;;;;;;;;;;;;;;;;;;;;;;;;;;;;;;;;;;;;;;
348271;27.05.24 03:09:00;-27,584;-1,935;1,331;1,312;12,345;1001,267;22,605;94,425;13,030;93,965;13,210;0,552;196,734;16,996;-50,000;925;92,5;;0,0;60;12,37;15,95;;15;A27210;;;;;;;;;;;;;;;;;;;;;;;;;;;;;;;;;;;;;;;;;;;;;;;;;;;;;;;;;;;;;;;;;;;;;;;;;
348272;27.05.24 03:10:00;-26,734;-1,935;1,434;1,420;12,355;1001,273;22,458;94,635;13,050;94,010;13,245;0,489;171,450;16,996;-50,000;925;92,5;;0,0;60;12,38;15,71;;15;A27210;;;;;;;;;;;;;;;;;;;;;;;;;;;;;;;;;;;;;;;;;;;;;;;;;;;;;;;;;;;;;;;;;;;;;;;;;
348273;27.05.24 03:11:00;-26,605;-1,935;1,387;1,443;12,363;1001,285;22,278;94,790;13,070;93,865;13,260;0,493;126,748;16,996;-50,000;925;92,5;;0,0;60;12,37;15,95;;15;A27210;;;;;;;;;;;;;;;;;;;;;;;;;;;;;;;;;;;;;;;;;;;;;;;;;;;;;;;;;;;;;;;;;;;;;;;;;
348274;27.05.24 03:12:00;-26,624;-1,935;1,395;1,345;12,367;1001,300;22,920;94,830;13,075;93,570;13,260;0,448;87,671;16,993;-50,000;925;92,5;;0,0;60;12,38;15,75;;15;A27210;;;;;;;;;;;;;;;;;;;;;;;;;;;;;;;;;;;;;;;;;;;;;;;;;;;;;;;;;;;;;;;;;;;;;;;;;
348275;27.05.24 03:13:00;-26,591;-1,935;1,363;1,260;12,370;1001,315;22,749;94,800;13,095;93,440;13,250;0,443;35,803;16,990;-50,000;925;92,5;;0,0;60;12,38;15,87;;15;A27210;;;;;;;;;;;;;;;;;;;;;;;;;;;;;;;;;;;;;;;;;;;;;;;;;;;;;;;;;;;;;;;;;;;;;;;;;
348276;27.05.24 03:14:00;-26,560;-1,935;1,363;1,097;12,370;1001,288;22,533;94,750;13,095;93,325;13,250;0,435;29,604;16,978;-50,000;925;92,5;;0,0;60;12,39;15,87;;15;A27210;;;;;;;;;;;;;;;;;;;;;;;;;;;;;;;;;;;;;;;;;;;;;;;;;;;;;;;;;;;;;;;;;;;;;;;;;
348277;27.05.24 03:15:00;-26,999;-1,935;1,332;1,084;12,377;1001,282;22,641;94,690;13,100;93,325;13,230;0,443;49,331;16,963;-50,000;925;92,5;;0,0;60;12,38;15,79;;15;A27210;;;;;;;;;;;;;;;;;;;;;;;;;;;;;;;;;;;;;;;;;;;;;;;;;;;;;;;;;;;;;;;;;;;;;;;;;
348278;27.05.24 03:16:00;-27,556;-1,935;1,423;1,096;12,360;1001,285;22,611;94,715;13,095;93,535;13,250;0,468;76,669;16,944;-50,000;925;92,5;;0,0;60;12,38;15,67;;15;A27210;;;;;;;;;;;;;;;;;;;;;;;;;;;;;;;;;;;;;;;;;;;;;;;;;;;;;;;;;;;;;;;;;;;;;;;;;
348279;27.05.24 03:17:00;-28,162;-1,935;1,419;1,080;12,380;1001,291;23,262;94,720;13,105;93,420;13,220;0,509;125,657;16,935;-50,000;925;92,5;;0,0;60;12,38;15,99;;15;A27210;;;;;;;;;;;;;;;;;;;;;;;;;;;;;;;;;;;;;;;;;;;;;;;;;;;;;;;;;;;;;;;;;;;;;;;;;
348280;27.05.24 03:18:00;-28,204;-1,935;1,365;1,069;12,390;1001,291;22,950;94,645;13,120;93,390;13,240;0,527;118,547;16,938;-50,000;925;92,5;;0,0;60;12,38;15,67;;15;A27210;;;;;;;;;;;;;;;;;;;;;;;;;;;;;;;;;;;;;;;;;;;;;;;;;;;;;;;;;;;;;;;;;;;;;;;;;
348281;27.05.24 03:19:00;-27,777;-1,935;1,324;1,036;12,390;1001,279;22,593;94,595;13,120;93,330;13,205;0,581;110,683;16,932;-50,000;925;92,5;;0,0;60;12,38;15,87;;15;A27210;;;;;;;;;;;;;;;;;;;;;;;;;;;;;;;;;;;;;;;;;;;;;;;;;;;;;;;;;;;;;;;;;;;;;;;;;
348282;27.05.24 03:20:00;-26,992;-1,935;1,420;0,988;12,387;1001,291;22,671;94,520;13,105;93,320;13,185;0,448;114,643;16,910;-50,000;925;92,5;;0,0;60;12,37;15,87;;15;A27210;;;;;;;;;;;;;;;;;;;;;;;;;;;;;;;;;;;;;;;;;;;;;;;;;;;;;;;;;;;;;;;;;;;;;;;;;
348283;27.05.24 03:21:00;-26,051;-1,935;1,495;0,945;12,383;1001,258;22,563;94,510;13,115;93,515;13,190;0,437;83,824;16,929;-50,000;925;92,5;;0,0;60;12,37;16,07;;15;A27210;;;;;;;;;;;;;;;;;;;;;;;;;;;;;;;;;;;;;;;;;;;;;;;;;;;;;;;;;;;;;;;;;;;;;;;;;
348284;27.05.24 03:22:00;-25,452;-1,935;1,480;1,058;12,387;1001,270;22,635;94,570;13,135;93,705;13,190;0,439;21,628;16,898;-50,000;925;92,5;;0,0;60;12,39;15,56;;15;A27210;;;;;;;;;;;;;;;;;;;;;;;;;;;;;;;;;;;;;;;;;;;;;;;;;;;;;;;;;;;;;;;;;;;;;;;;;
348285;27.05.24 03:23:00;-24,782;-1,935;1,550;1,136;12,392;1001,276;22,590;94,610;13,120;93,785;13,170;0,464;7,706;16,901;-50,000;925;92,5;;0,0;60;12,38;15,75;;15;A27210;;;;;;;;;;;;;;;;;;;;;;;;;;;;;;;;;;;;;;;;;;;;;;;;;;;;;;;;;;;;;;;;;;;;;;;;;
348286;27.05.24 03:24:00;-24,195;-1,935;1,588;1,056;12,390;1001,273;22,941;94,610;13,145;93,805;13,235;0,466;16,594;16,898;-50,000;925;92,5;;0,0;60;12,38;15,71;;15;A27210;;;;;;;;;;;;;;;;;;;;;;;;;;;;;;;;;;;;;;;;;;;;;;;;;;;;;;;;;;;;;;;;;;;;;;;;;
348287;27.05.24 03:25:00;-24,098;-1,935;1,639;0,973;12,373;1001,267;22,827;94,630;13,145;93,825;13,200;0,457;59,766;16,895;-50,000;925;92,5;;0,0;60;12,38;15,79;;15;A27210;;;;;;;;;;;;;;;;;;;;;;;;;;;;;;;;;;;;;;;;;;;;;;;;;;;;;;;;;;;;;;;;;;;;;;;;;
348288;27.05.24 03:26:00;-23,985;-1,935;1,750;0,899;12,400;1001,252;22,233;94,710;13,155;93,925;13,230;0,550;55,423;16,898;-50,000;925;92,5;;0,0;60;12,38;15,75;;15;A27210;;;;;;;;;;;;;;;;;;;;;;;;;;;;;;;;;;;;;;;;;;;;;;;;;;;;;;;;;;;;;;;;;;;;;;;;;
348289;27.05.24 03:27:00;-23,270;-1,935;1,842;0,890;12,400;1001,273;22,518;94,735;13,170;94,000;13,245;0,463;53,539;16,898;-50,000;925;92,5;;0,0;60;12,38;15,75;;15;A27210;;;;;;;;;;;;;;;;;;;;;;;;;;;;;;;;;;;;;;;;;;;;;;;;;;;;;;;;;;;;;;;;;;;;;;;;;
348290;27.05.24 03:28:00;-22,411;-1,935;1,882;0,957;12,410;1001,285;22,494;94,815;13,175;93,970;13,250;0,445;41,304;16,898;-50,000;925;92,5;;0,0;60;12,38;15,83;;15;A27210;;;;;;;;;;;;;;;;;;;;;;;;;;;;;;;;;;;;;;;;;;;;;;;;;;;;;;;;;;;;;;;;;;;;;;;;;
348291;27.05.24 03:29:00;-21,725;-1,935;1,894;0,953;12,417;1001,291;22,461;94,795;13,135;93,910;13,180;0,439;333,968;16,892;-50,000;925;92,5;;0,0;60;12,36;15,87;;15;A27210;;;;;;;;;;;;;;;;;;;;;;;;;;;;;;;;;;;;;;;;;;;;;;;;;;;;;;;;;;;;;;;;;;;;;;;;;
348292;27.05.24 03:30:00;-21,486;-1,935;1,925;1,001;12,420;1001,291;22,119;94,805;13,125;93,990;13,180;0,432;322,026;16,886;-50,000;925;92,5;;0,0;60;12,36;15,79;;15;A27210;;;;;;;;;;;;;;;;;;;;;;;;;;;;;;;;;;;;;;;;;;;;;;;;;;;;;;;;;;;;;;;;;;;;;;;;;
348293;27.05.24 03:31:00;-21,438;-1,935;1,962;0,963;12,422;1001,300;22,149;94,860;13,165;94,025;13,225;0,445;305,595;16,892;-50,000;925;92,5;;0,0;60;12,36;15,67;;15;A27210;;;;;;;;;;;;;;;;;;;;;;;;;;;;;;;;;;;;;;;;;;;;;;;;;;;;;;;;;;;;;;;;;;;;;;;;;
348294;27.05.24 03:32:00;-21,286;-1,935;2,057;0,956;12,420;1001,294;23,004;94,910;13,160;94,090;13,210;0,442;302,642;16,883;-50,000;925;92,5;;0,0;60;12,36;15,95;;15;A27210;;;;;;;;;;;;;;;;;;;;;;;;;;;;;;;;;;;;;;;;;;;;;;;;;;;;;;;;;;;;;;;;;;;;;;;;;
348295;27.05.24 03:33:00;-20,377;-1,935;2,149;1,011;12,427;1001,300;22,713;94,915;13,160;94,070;13,225;0,437;264,144;16,855;-50,000;925;92,5;;0,0;60;12,35;16,11;;15;A27210;;;;;;;;;;;;;;;;;;;;;;;;;;;;;;;;;;;;;;;;;;;;;;;;;;;;;;;;;;;;;;;;;;;;;;;;;
348296;27.05.24 03:34:00;-18,815;-1,935;2,242;1,012;12,437;1001,336;23,157;94,920;13,185;94,220;13,270;0,452;213,969;16,865;-50,000;925;92,5;;0,0;60;12,37;16,19;;15;A27210;;;;;;;;;;;;;;;;;;;;;;;;;;;;;;;;;;;;;;;;;;;;;;;;;;;;;;;;;;;;;;;;;;;;;;;;;
348297;27.05.24 03:35:00;-17,628;-1,935;2,381;1,171;12,467;1001,372;22,191;94,935;13,215;94,165;13,300;0,700;215,348;16,849;-50,000;925;92,5;;0,0;60;12,36;16,07;;15;A27210;;;;;;;;;;;;;;;;;;;;;;;;;;;;;;;;;;;;;;;;;;;;;;;;;;;;;;;;;;;;;;;;;;;;;;;;;
348298;27.05.24 03:36:00;-17,262;-1,935;2,449;1,205;12,502;1001,399;22,614;94,925;13,255;94,065;13,320;0,744;197,724;16,858;-50,000;925;92,5;;0,0;60;12,37;15,87;;15;A27210;;;;;;;;;;;;;;;;;;;;;;;;;;;;;;;;;;;;;;;;;;;;;;;;;;;;;;;;;;;;;;;;;;;;;;;;;
348299;27.05.24 03:37:00;-17,798;-1,935;2,459;1,228;12,535;1001,396;23,040;94,925;13,245;93,920;13,350;0,776;184,956;16,834;-50,000;925;92,5;;0,0;60;12,37;15,83;;15;A27210;;;;;;;;;;;;;;;;;;;;;;;;;;;;;;;;;;;;;;;;;;;;;;;;;;;;;;;;;;;;;;;;;;;;;;;;;
348300;27.05.24 03:38:00;-18,843;-1,927;2,458;1,349;12,565;1001,384;22,359;94,970;13,250;93,965;13,355;0,756;186,075;16,828;-50,000;925;92,5;;0,0;60;12,36;15,91;;15;A27210;;;;;;;;;;;;;;;;;;;;;;;;;;;;;;;;;;;;;;;;;;;;;;;;;;;;;;;;;;;;;;;;;;;;;;;;;
348301;27.05.24 03:39:00;-20,253;-1,921;2,395;1,429;12,587;1001,378;22,209;95,035;13,285;93,945;13,400;0,448;171,467;16,813;-50,000;925;92,5;;0,0;60;12,37;15,91;;15;A27210;;;;;;;;;;;;;;;;;;;;;;;;;;;;;;;;;;;;;;;;;;;;;;;;;;;;;;;;;;;;;;;;;;;;;;;;;
348302;27.05.24 03:40:00;-21,720;-1,935;2,258;1,326;12,612;1001,378;22,539;95,010;13,305;93,725;13,390;0,442;132,559;16,816;-50,000;925;92,5;;0,0;60;12,36;16,15;;15;A27210;;;;;;;;;;;;;;;;;;;;;;;;;;;;;;;;;;;;;;;;;;;;;;;;;;;;;;;;;;;;;;;;;;;;;;;;;
348303;27.05.24 03:41:00;-23,244;-1,935;2,005;1,205;12,597;1001,399;22,734;94,915;13,305;93,560;13,380;0,439;201,988;16,813;-50,000;925;92,5;;0,0;60;12,36;15,91;;15;A27210;;;;;;;;;;;;;;;;;;;;;;;;;;;;;;;;;;;;;;;;;;;;;;;;;;;;;;;;;;;;;;;;;;;;;;;;;
348304;27.05.24 03:42:00;-25,177;-1,935;1,877;1,103;12,612;1001,417;22,479;94,805;13,305;93,555;13,380;0,638;199,254;16,809;-50,000;925;92,5;;0,0;60;12,36;15,95;;15;A27210;;;;;;;;;;;;;;;;;;;;;;;;;;;;;;;;;;;;;;;;;;;;;;;;;;;;;;;;;;;;;;;;;;;;;;;;;
348305;27.05.24 03:43:00;-27,325;-1,935;1,741;1,105;12,630;1001,429;22,746;94,750;13,310;93,505;13,380;0,732;198,349;16,810;-50,000;925;92,5;;0,0;60;12,36;15,87;;15;A27210;;;;;;;;;;;;;;;;;;;;;;;;;;;;;;;;;;;;;;;;;;;;;;;;;;;;;;;;;;;;;;;;;;;;;;;;;
348306;27.05.24 03:44:00;-29,782;-1,935;1,564;1,086;12,625;1001,405;22,815;94,630;13,315;93,275;13,375;0,757;185,490;16,800;-50,000;925;92,5;;0,0;60;12,36;16,15;;15;A27210;;;;;;;;;;;;;;;;;;;;;;;;;;;;;;;;;;;;;;;;;;;;;;;;;;;;;;;;;;;;;;;;;;;;;;;;;
348307;27.05.24 03:45:00;-32,417;-1,935;1,370;1,089;12,640;1001,399;22,596;94,520;13,325;93,280;13,345;0,565;214,352;16,806;-50,000;925;92,5;;0,0;60;12,37;16,07;;15;A27210;;;;;;;;;;;;;;;;;;;;;;;;;;;;;;;;;;;;;;;;;;;;;;;;;;;;;;;;;;;;;;;;;;;;;;;;;
348308;27.05.24 03:46:00;-34,956;-1,935;1,107;1,098;12,620;1001,402;22,626;94,420;13,340;93,380;13,350;0,507;192,538;16,800;-50,000;925;92,5;;0,0;60;12,36;16,27;;15;A27210;;;;;;;;;;;;;;;;;;;;;;;;;;;;;;;;;;;;;;;;;;;;;;;;;;;;;;;;;;;;;;;;;;;;;;;;;
348309;27.05.24 03:47:00;-37,063;-1,935;0,720;1,113;12,632;1001,411;21,657;94,355;13,325;93,390;13,360;0,510;193,973;16,797;-50,000;925;92,5;;0,0;60;12,36;16,23;;15;A27210;;;;;;;;;;;;;;;;;;;;;;;;;;;;;;;;;;;;;;;;;;;;;;;;;;;;;;;;;;;;;;;;;;;;;;;;;
348310;27.05.24 03:48:00;-38,530;-1,935;0,401;1,104;12,620;1001,402;22,986;94,270;13,345;93,290;13,350;0,485;146,182;16,800;-50,000;925;92,5;;0,0;60;12,37;15,87;;15;A27210;;;;;;;;;;;;;;;;;;;;;;;;;;;;;;;;;;;;;;;;;;;;;;;;;;;;;;;;;;;;;;;;;;;;;;;;;
348311;27.05.24 03:49:00;-39,381;-1,935;0,128;0,998;12,590;1001,399;22,545;94,085;13,330;92,970;13,320;0,592;119,025;16,782;-50,000;925;92,5;;0,0;60;12,37;16,15;;15;A27210;;;;;;;;;;;;;;;;;;;;;;;;;;;;;;;;;;;;;;;;;;;;;;;;;;;;;;;;;;;;;;;;;;;;;;;;;
348312;27.05.24 03:50:00;-39,932;-1,935;-0,007;0,885;12,583;1001,381;22,575;93,825;13,295;92,910;13,310;0,755;107,229;16,797;-50,000;925;92,5;;0,0;60;12,37;16,03;;15;A27210;;;;;;;;;;;;;;;;;;;;;;;;;;;;;;;;;;;;;;;;;;;;;;;;;;;;;;;;;;;;;;;;;;;;;;;;;
348313;27.05.24 03:51:00;-40,564;-1,935;-0,187;0,802;12,567;1001,375;22,800;93,595;13,290;92,860;13,265;0,821;110,481;16,797;-50,000;925;92,5;;0,0;60;12,37;16,19;;15;A27210;;;;;;;;;;;;;;;;;;;;;;;;;;;;;;;;;;;;;;;;;;;;;;;;;;;;;;;;;;;;;;;;;;;;;;;;;
348314;27.05.24 03:52:00;-40,916;-1,935;-0,290;0,702;12,542;1001,375;22,596;93,320;13,260;92,800;13,210;0,802;106,684;16,797;-50,000;925;92,5;;0,0;60;12,37;16,03;;15;A27210;;;;;;;;;;;;;;;;;;;;;;;;;;;;;;;;;;;;;;;;;;;;;;;;;;;;;;;;;;;;;;;;;;;;;;;;;
348315;27.05.24 03:53:00;-40,609;-1,935;-0,361;0,709;12,525;1001,390;22,761;93,175;13,240;92,955;13,175;0,750;115,386;16,788;-50,000;925;92,5;;0,0;60;12,37;16,03;;15;A27210;;;;;;;;;;;;;;;;;;;;;;;;;;;;;;;;;;;;;;;;;;;;;;;;;;;;;;;;;;;;;;;;;;;;;;;;;
348316;27.05.24 03:54:00;-39,371;-1,935;-0,424;0,691;12,493;1001,405;22,548;93,125;13,220;93,050;13,140;0,570;114,868;16,797;-50,000;925;92,5;;0,0;60;12,37;15,99;;15;A27210;;;;;;;;;;;;;;;;;;;;;;;;;;;;;;;;;;;;;;;;;;;;;;;;;;;;;;;;;;;;;;;;;;;;;;;;;
348317;27.05.24 03:55:00;-37,276;-1,935;-0,471;0,661;12,455;1001,396;22,299;93,115;13,205;93,260;13,135;0,485;96,255;16,773;-50,000;925;92,5;;0,0;60;12,37;16,11;;15;A27210;;;;;;;;;;;;;;;;;;;;;;;;;;;;;;;;;;;;;;;;;;;;;;;;;;;;;;;;;;;;;;;;;;;;;;;;;
348318;27.05.24 03:56:00;-34,425;-1,935;-0,324;0,632;12,453;1001,414;22,368;93,160;13,180;93,395;13,105;0,455;94,534;16,776;-50,000;925;92,5;;0,0;60;12,37;15,79;;15;A27210;;;;;;;;;;;;;;;;;;;;;;;;;;;;;;;;;;;;;;;;;;;;;;;;;;;;;;;;;;;;;;;;;;;;;;;;;
348319;27.05.24 03:57:00;-31,524;-1,935;-0,185;0,732;12,425;1001,444;22,344;93,315;13,165;93,555;13,095;0,435;106,307;16,773;-50,000;925;92,5;;0,0;60;12,36;16,03;;15;A27210;;;;;;;;;;;;;;;;;;;;;;;;;;;;;;;;;;;;;;;;;;;;;;;;;;;;;;;;;;;;;;;;;;;;;;;;;
348320;27.05.24 03:58:00;-28,966;-1,935;0,077;0,794;12,405;1001,462;22,386;93,545;13,155;93,785;13,095;0,436;116,353;16,743;-50,000;925;92,5;;0,0;60;12,37;15,99;;15;A27210;;;;;;;;;;;;;;;;;;;;;;;;;;;;;;;;;;;;;;;;;;;;;;;;;;;;;;;;;;;;;;;;;;;;;;;;;
348321;27.05.24 03:59:00;-27,235;-1,935;0,133;0,971;12,395;1001,471;22,665;93,705;13,145;93,880;13,105;0,439;110,863;16,721;-50,000;925;92,5;;0,0;60;12,36;16,03;;15;A27210;;;;;;;;;;;;;;;;;;;;;;;;;;;;;;;;;;;;;;;;;;;;;;;;;;;;;;;;;;;;;;;;;;;;;;;;;
348322;27.05.24 04:00:00;-25,819;-1,935;0,400;0,989;12,385;1001,477;22,674;93,785;13,130;93,735;13,070;0,442;195,384;16,727;-50,000;925;92,5;;0,0;60;12,36;16,15;;15;A27210;;;;;;;;;;;;;;;;;;;;;;;;;;;;;;;;;;;;;;;;;;;;;;;;;;;;;;;;;;;;;;;;;;;;;;;;;
348323;27.05.24 04:01:00;-24,032;-1,935;0,704;1,013;12,385;1001,480;22,812;93,715;13,090;93,780;13,050;0,436;249,542;16,706;-50,000;925;92,5;;0,0;60;12,36;16,23;;15;A27210;;;;;;;;;;;;;;;;;;;;;;;;;;;;;;;;;;;;;;;;;;;;;;;;;;;;;;;;;;;;;;;;;;;;;;;;;
348324;27.05.24 04:02:00;-21,510;-1,935;1,137;1,103;12,382;1001,492;22,413;93,915;13,100;93,910;13,065;0,431;106,110;16,733;-50,000;925;92,5;;0,0;60;12,36;15,99;;15;A27210;;;;;;;;;;;;;;;;;;;;;;;;;;;;;;;;;;;;;;;;;;;;;;;;;;;;;;;;;;;;;;;;;;;;;;;;;
348325;27.05.24 04:03:00;-19,105;-1,935;1,495;1,070;12,378;1001,495;22,488;94,065;13,080;93,870;13,020;0,435;227,025;16,703;-50,000;925;92,5;;0,0;60;12,35;15,95;;15;A27210;;;;;;;;;;;;;;;;;;;;;;;;;;;;;;;;;;;;;;;;;;;;;;;;;;;;;;;;;;;;;;;;;;;;;;;;;
348326;27.05.24 04:04:00;-17,526;-1,935;1,658;1,075;12,378;1001,510;22,713;94,165;13,090;93,950;13,030;0,435;228,848;16,706;-50,000;925;92,5;;0,0;60;12,35;15,99;;15;A27210;;;;;;;;;;;;;;;;;;;;;;;;;;;;;;;;;;;;;;;;;;;;;;;;;;;;;;;;;;;;;;;;;;;;;;;;;
348327;27.05.24 04:05:00;-17,503;-1,935;1,768;1,054;12,387;1001,525;22,506;94,225;13,095;94,010;13,035;0,436;212,546;16,703;-50,000;925;92,5;;0,0;60;12,35;15,99;;15;A27210;;;;;;;;;;;;;;;;;;;;;;;;;;;;;;;;;;;;;;;;;;;;;;;;;;;;;;;;;;;;;;;;;;;;;;;;;
348328;27.05.24 04:06:00;-19,382;-1,935;1,946;1,011;12,388;1001,525;22,542;94,350;13,095;94,190;13,040;0,441;223,701;16,703;-50,000;925;92,5;;0,0;60;12,35;15,91;;15;A27210;;;;;;;;;;;;;;;;;;;;;;;;;;;;;;;;;;;;;;;;;;;;;;;;;;;;;;;;;;;;;;;;;;;;;;;;;
348329;27.05.24 04:07:00;-22,740;-1,935;1,974;1,103;12,390;1001,513;22,266;94,445;13,075;94,275;13,050;0,461;276,373;16,697;-50,000;925;92,5;;0,0;60;12,35;15,91;;15;A27210;;;;;;;;;;;;;;;;;;;;;;;;;;;;;;;;;;;;;;;;;;;;;;;;;;;;;;;;;;;;;;;;;;;;;;;;;
348330;27.05.24 04:08:00;-26,450;-1,935;1,809;1,090;12,392;1001,477;22,563;94,580;13,145;94,355;13,105;0,457;31,061;16,700;-50,000;925;92,5;;0,0;60;12,36;15,95;;15;A27210;;;;;;;;;;;;;;;;;;;;;;;;;;;;;;;;;;;;;;;;;;;;;;;;;;;;;;;;;;;;;;;;;;;;;;;;;
348331;27.05.24 04:09:00;-29,990;-1,935;1,568;1,098;12,400;1001,465;22,791;94,650;13,155;94,325;13,110;0,445;45,366;16,694;-50,000;925;92,5;;0,0;60;12,37;15,87;;15;A27210;;;;;;;;;;;;;;;;;;;;;;;;;;;;;;;;;;;;;;;;;;;;;;;;;;;;;;;;;;;;;;;;;;;;;;;;;
348332;27.05.24 04:10:00;-32,903;-1,935;1,291;1,172;12,405;1001,456;22,557;94,635;13,155;94,290;13,130;0,455;72,045;16,700;-50,000;925;92,5;;0,0;60;12,36;16,03;;15;A27210;;;;;;;;;;;;;;;;;;;;;;;;;;;;;;;;;;;;;;;;;;;;;;;;;;;;;;;;;;;;;;;;;;;;;;;;;
348333;27.05.24 04:11:00;-35,141;-1,935;1,026;1,213;12,390;1001,447;22,782;94,610;13,165;94,270;13,130;0,442;39,420;16,678;-50,000;925;92,5;;0,0;60;12,36;15,99;;15;A27210;;;;;;;;;;;;;;;;;;;;;;;;;;;;;;;;;;;;;;;;;;;;;;;;;;;;;;;;;;;;;;;;;;;;;;;;;
348334;27.05.24 04:12:00;-37,487;-1,935;0,689;1,279;12,392;1001,450;22,827;94,590;13,165;94,265;13,140;0,446;15,947;16,691;-50,000;925;92,5;;0,0;60;12,36;16,23;;15;A27210;;;;;;;;;;;;;;;;;;;;;;;;;;;;;;;;;;;;;;;;;;;;;;;;;;;;;;;;;;;;;;;;;;;;;;;;;
348335;27.05.24 04:13:00;-40,075;-1,935;0,307;1,198;12,375;1001,477;22,488;94,470;13,140;94,160;13,125;0,439;186,429;16,654;-50,000;925;92,5;;0,0;60;12,34;16,31;;15;A27210;;;;;;;;;;;;;;;;;;;;;;;;;;;;;;;;;;;;;;;;;;;;;;;;;;;;;;;;;;;;;;;;;;;;;;;;;
348336;27.05.24 04:14:00;-41,143;-1,935;0,028;1,149;12,367;1001,471;23,013;94,355;13,080;94,090;13,095;0,436;369,079;16,657;-50,000;925;92,5;;0,0;60;12,34;16,07;;15;A27210;;;;;;;;;;;;;;;;;;;;;;;;;;;;;;;;;;;;;;;;;;;;;;;;;;;;;;;;;;;;;;;;;;;;;;;;;
348337;27.05.24 04:15:00;-39,401;-1,935;-0,140;1,134;12,355;1001,504;21,927;94,340;13,080;94,125;13,090;0,443;369,062;16,651;-50,000;925;92,5;;0,0;60;12,33;16,07;;15;A27210;;;;;;;;;;;;;;;;;;;;;;;;;;;;;;;;;;;;;;;;;;;;;;;;;;;;;;;;;;;;;;;;;;;;;;;;;
348338;27.05.24 04:16:00;-35,700;-1,935;-0,162;1,221;12,333;1001,534;22,509;94,285;13,075;94,115;13,105;0,445;369,124;16,648;-50,000;925;92,5;;0,0;60;12,34;15,91;;15;A27210;;;;;;;;;;;;;;;;;;;;;;;;;;;;;;;;;;;;;;;;;;;;;;;;;;;;;;;;;;;;;;;;;;;;;;;;;
348339;27.05.24 04:17:00;-31,633;-1,935;0,153;1,261;12,325;1001,570;22,362;94,280;13,105;94,105;13,135;0,527;250,442;16,627;-50,000;925;92,5;;0,0;60;12,35;15,79;;15;A27210;;;;;;;;;;;;;;;;;;;;;;;;;;;;;;;;;;;;;;;;;;;;;;;;;;;;;;;;;;;;;;;;;;;;;;;;;
348340;27.05.24 04:18:00;-28,299;-1,829;0,545;1,251;12,340;1001,603;22,857;94,340;13,140;94,150;13,135;0,632;203,794;16,614;-50,000;925;92,5;;0,0;60;12,35;15,91;;15;A27210;;;;;;;;;;;;;;;;;;;;;;;;;;;;;;;;;;;;;;;;;;;;;;;;;;;;;;;;;;;;;;;;;;;;;;;;;
348341;27.05.24 04:19:00;-26,786;-1,429;0,868;1,317;12,365;1001,618;22,530;94,425;13,150;94,270;13,165;0,850;212,361;16,620;-50,000;925;92,5;;0,0;60;12,35;15,99;;15;A27210;;;;;;;;;;;;;;;;;;;;;;;;;;;;;;;;;;;;;;;;;;;;;;;;;;;;;;;;;;;;;;;;;;;;;;;;;
348342;27.05.24 04:20:00;-27,956;-1,122;1,189;1,448;12,395;1001,594;22,614;94,555;13,150;94,350;13,190;0,707;200,762;16,605;-50,000;925;92,5;;0,0;60;12,34;16,15;;15;A27210;;;;;;;;;;;;;;;;;;;;;;;;;;;;;;;;;;;;;;;;;;;;;;;;;;;;;;;;;;;;;;;;;;;;;;;;;
348343;27.05.24 04:21:00;-31,174;-1,040;1,096;1,519;12,413;1001,588;22,560;94,700;13,150;94,340;13,220;0,489;197,606;16,608;-50,000;925;92,5;;0,0;60;12,35;16,15;;15;A27210;;;;;;;;;;;;;;;;;;;;;;;;;;;;;;;;;;;;;;;;;;;;;;;;;;;;;;;;;;;;;;;;;;;;;;;;;
348344;27.05.24 04:22:00;-35,628;-1,175;0,753;1,574;12,437;1001,564;22,881;94,765;13,155;94,340;13,230;0,449;181,058;16,605;-50,000;925;92,5;;0,0;60;12,35;16,07;;15;A27210;;;;;;;;;;;;;;;;;;;;;;;;;;;;;;;;;;;;;;;;;;;;;;;;;;;;;;;;;;;;;;;;;;;;;;;;;
348345;27.05.24 04:23:00;-40,488;-1,413;0,473;1,516;12,422;1001,567;22,779;94,750;13,170;93,955;13,250;0,593;137,003;16,602;-50,000;925;92,5;;0,0;60;12,35;16,03;;15;A27210;;;;;;;;;;;;;;;;;;;;;;;;;;;;;;;;;;;;;;;;;;;;;;;;;;;;;;;;;;;;;;;;;;;;;;;;;
348346;27.05.24 04:24:00;-44,049;-1,695;0,221;1,334;12,435;1001,555;22,707;94,590;13,185;93,615;13,210;0,531;159,103;16,605;-50,000;925;92,5;;0,0;60;12,36;15,99;;15;A27210;;;;;;;;;;;;;;;;;;;;;;;;;;;;;;;;;;;;;;;;;;;;;;;;;;;;;;;;;;;;;;;;;;;;;;;;;
348347;27.05.24 04:25:00;-46,546;-1,753;-0,085;1,464;12,417;1001,552;22,308;94,555;13,135;93,825;13,200;0,442;191,829;16,605;-50,000;925;92,5;;0,0;60;12,35;15,83;;15;A27210;;;;;;;;;;;;;;;;;;;;;;;;;;;;;;;;;;;;;;;;;;;;;;;;;;;;;;;;;;;;;;;;;;;;;;;;;
348348;27.05.24 04:26:00;-48,611;-1,822;-0,510;1,478;12,388;1001,546;22,719;94,465;13,150;93,735;13,200;0,443;203,164;16,599;-50,000;925;92,5;;0,0;60;12,34;16,11;;15;A27210;;;;;;;;;;;;;;;;;;;;;;;;;;;;;;;;;;;;;;;;;;;;;;;;;;;;;;;;;;;;;;;;;;;;;;;;;
348349;27.05.24 04:27:00;-50,337;-1,870;-1,013;1,476;12,373;1001,543;22,341;94,340;13,155;93,565;13,205;0,441;151,515;16,596;-50,000;925;92,5;;0,0;60;12,36;16,03;;15;A27210;;;;;;;;;;;;;;;;;;;;;;;;;;;;;;;;;;;;;;;;;;;;;;;;;;;;;;;;;;;;;;;;;;;;;;;;;
348350;27.05.24 04:28:00;-51,955;-1,783;-1,283;1,374;12,370;1001,531;22,956;94,085;13,135;93,540;13,195;0,527;127,901;16,593;-50,000;925;92,5;;0,0;60;12,35;16,11;;15;A27210;;;;;;;;;;;;;;;;;;;;;;;;;;;;;;;;;;;;;;;;;;;;;;;;;;;;;;;;;;;;;;;;;;;;;;;;;
348351;27.05.24 04:29:00;-53,005;-1,844;-1,402;1,242;12,320;1001,531;22,503;93,770;13,115;93,050;13,125;0,584;113,839;16,581;-50,000;925;92,5;;0,0;60;12,36;15,71;;15;A27210;;;;;;;;;;;;;;;;;;;;;;;;;;;;;;;;;;;;;;;;;;;;;;;;;;;;;;;;;;;;;;;;;;;;;;;;;
348352;27.05.24 04:30:00;-53,530;-1,858;-1,621;1,110;12,285;1001,510;22,458;93,465;13,090;92,845;13,075;0,572;71,994;16,578;-50,000;925;92,5;;0,0;60;12,36;15,91;;15;A27210;;;;;;;;;;;;;;;;;;;;;;;;;;;;;;;;;;;;;;;;;;;;;;;;;;;;;;;;;;;;;;;;;;;;;;;;;
348353;27.05.24 04:31:00;-53,442;-1,644;-1,774;1,060;12,262;1001,504;22,506;93,245;13,060;92,955;13,035;0,540;74,379;16,569;-50,000;925;92,5;;0,0;60;12,36;16,11;;15;A27210;;;;;;;;;;;;;;;;;;;;;;;;;;;;;;;;;;;;;;;;;;;;;;;;;;;;;;;;;;;;;;;;;;;;;;;;;
348354;27.05.24 04:32:00;-52,599;-1,403;-1,811;1,167;12,227;1001,531;22,782;93,160;13,010;93,125;12,970;0,537;183,566;16,553;-50,000;925;92,5;;0,0;60;12,34;15,99;;15;A27210;;;;;;;;;;;;;;;;;;;;;;;;;;;;;;;;;;;;;;;;;;;;;;;;;;;;;;;;;;;;;;;;;;;;;;;;;
348355;27.05.24 04:33:00;-51,252;-0,712;-1,511;1,285;12,207;1001,561;22,500;93,335;12,990;93,490;12,955;1,015;204,013;16,547;-50,000;925;92,5;;0,0;60;12,34;16,03;;15;A27210;;;;;;;;;;;;;;;;;;;;;;;;;;;;;;;;;;;;;;;;;;;;;;;;;;;;;;;;;;;;;;;;;;;;;;;;;
348356;27.05.24 04:34:00;-49,025;0,111;-0,908;1,428;12,217;1001,591;22,734;93,460;12,985;93,875;12,990;0,814;194,642;16,535;-50,000;925;92,5;;0,0;60;12,35;16,07;;15;A27210;;;;;;;;;;;;;;;;;;;;;;;;;;;;;;;;;;;;;;;;;;;;;;;;;;;;;;;;;;;;;;;;;;;;;;;;;
348357;27.05.24 04:35:00;-47,107;0,535;-1,032;1,554;12,202;1001,603;22,461;93,605;12,970;93,870;12,965;0,607;208,581;16,519;-50,000;925;92,5;;0,0;60;12,34;15,91;;15;A27210;;;;;;;;;;;;;;;;;;;;;;;;;;;;;;;;;;;;;;;;;;;;;;;;;;;;;;;;;;;;;;;;;;;;;;;;;
348358;27.05.24 04:36:00;-46,125;1,122;-0,868;1,716;12,205;1001,618;22,887;93,840;12,935;94,200;12,975;0,586;234,765;16,529;-50,000;925;92,5;;0,0;60;12,35;15,99;;15;A27210;;;;;;;;;;;;;;;;;;;;;;;;;;;;;;;;;;;;;;;;;;;;;;;;;;;;;;;;;;;;;;;;;;;;;;;;;
348359;27.05.24 04:37:00;-45,591;1,695;-0,691;1,865;12,227;1001,624;22,716;94,105;12,945;94,335;12,995;0,938;201,285;16,514;-50,000;925;92,5;;0,0;60;12,34;16,03;;15;A27210;;;;;;;;;;;;;;;;;;;;;;;;;;;;;;;;;;;;;;;;;;;;;;;;;;;;;;;;;;;;;;;;;;;;;;;;;
348360;27.05.24 04:38:00;-44,001;2,236;-0,518;1,987;12,235;1001,609;22,887;94,265;12,945;94,315;13,015;0,455;173,481;16,507;-50,000;925;92,5;;0,0;60;12,35;16,11;;15;A27210;;;;;;;;;;;;;;;;;;;;;;;;;;;;;;;;;;;;;;;;;;;;;;;;;;;;;;;;;;;;;;;;;;;;;;;;;
348361;27.05.24 04:39:00;-42,055;2,387;-0,821;2,115;12,227;1001,606;22,605;94,305;12,930;94,335;12,990;0,434;152,786;16,507;-50,000;925;92,5;;0,0;60;12,35;15,95;;15;A27210;;;;;;;;;;;;;;;;;;;;;;;;;;;;;;;;;;;;;;;;;;;;;;;;;;;;;;;;;;;;;;;;;;;;;;;;;
348362;27.05.24 04:40:00;-39,401;2,935;-0,703;2,172;12,217;1001,645;22,671;94,435;12,900;94,515;12,975;0,622;217,142;16,501;-50,000;925;92,5;;0,0;60;12,34;15,95;;15;A27210;;;;;;;;;;;;;;;;;;;;;;;;;;;;;;;;;;;;;;;;;;;;;;;;;;;;;;;;;;;;;;;;;;;;;;;;;
348363;27.05.24 04:41:00;-36,432;3,858;-0,277;2,302;12,235;1001,663;22,605;94,615;12,905;94,550;12,990;0,648;214,166;16,498;-50,000;925;92,5;;0,0;60;12,35;15,95;;15;A27210;;;;;;;;;;;;;;;;;;;;;;;;;;;;;;;;;;;;;;;;;;;;;;;;;;;;;;;;;;;;;;;;;;;;;;;;;
348364;27.05.24 04:42:00;-33,835;4,419;-0,136;2,371;12,247;1001,648;22,452;94,730;12,945;94,540;12,995;0,653;186,908;16,483;-50,000;925;92,5;;0,0;60;12,35;15,87;;15;A27210;;;;;;;;;;;;;;;;;;;;;;;;;;;;;;;;;;;;;;;;;;;;;;;;;;;;;;;;;;;;;;;;;;;;;;;;;
348365;27.05.24 04:43:00;-32,249;5,044;0,311;2,483;12,252;1001,636;22,734;94,965;12,965;94,670;13,025;0,612;56,104;16,501;-50,000;925;92,5;;0,0;60;12,36;15,99;;15;A27210;;;;;;;;;;;;;;;;;;;;;;;;;;;;;;;;;;;;;;;;;;;;;;;;;;;;;;;;;;;;;;;;;;;;;;;;;
348366;27.05.24 04:44:00;-31,899;5,181;0,446;2,482;12,273;1001,657;22,686;94,995;12,930;94,485;13,000;0,757;180,478;16,459;-50,000;925;92,5;;0,0;60;12,35;16,11;;15;A27210;;;;;;;;;;;;;;;;;;;;;;;;;;;;;;;;;;;;;;;;;;;;;;;;;;;;;;;;;;;;;;;;;;;;;;;;;
348367;27.05.24 04:45:00;-32,018;5,352;0,606;2,456;12,285;1001,666;22,890;95,015;12,925;94,170;12,990;0,980;175,854;16,495;-50,000;925;92,5;;0,0;60;12,35;15,83;;15;A27210;;;;;;;;;;;;;;;;;;;;;;;;;;;;;;;;;;;;;;;;;;;;;;;;;;;;;;;;;;;;;;;;;;;;;;;;;
348368;27.05.24 04:46:00;-31,481;5,395;0,565;2,382;12,298;1001,654;22,839;94,940;12,950;94,085;12,970;0,592;102,797;16,489;-50,000;925;92,5;;0,0;60;12,36;15,87;;15;A27210;;;;;;;;;;;;;;;;;;;;;;;;;;;;;;;;;;;;;;;;;;;;;;;;;;;;;;;;;;;;;;;;;;;;;;;;;
348369;27.05.24 04:47:00;-31,182;5,630;0,694;2,290;12,305;1001,639;22,083;94,940;12,975;94,375;12,985;0,873;75,246;16,471;-50,000;925;92,5;;0,0;60;12,35;15,95;;15;A27210;;;;;;;;;;;;;;;;;;;;;;;;;;;;;;;;;;;;;;;;;;;;;;;;;;;;;;;;;;;;;;;;;;;;;;;;;
348370;27.05.24 04:48:00;-30,998;6,095;0,790;2,366;12,315;1001,651;22,833;95,010;12,970;94,395;12,985;0,708;119,576;16,410;-50,000;925;92,5;;0,0;60;12,35;15,99;;15;A27210;;;;;;;;;;;;;;;;;;;;;;;;;;;;;;;;;;;;;;;;;;;;;;;;;;;;;;;;;;;;;;;;;;;;;;;;;
348371;27.05.24 04:49:00;-31,228;6,382;0,854;2,438;12,320;1001,681;22,920;94,940;12,955;94,115;12,975;0,943;178,003;16,361;-50,000;925;92,5;;0,0;60;12,35;15,91;;15;A27210;;;;;;;;;;;;;;;;;;;;;;;;;;;;;;;;;;;;;;;;;;;;;;;;;;;;;;;;;;;;;;;;;;;;;;;;;
348372;27.05.24 04:50:00;-30,720;6,377;0,840;2,276;12,317;1001,681;22,845;94,735;12,935;93,760;12,930;0,592;154,159;16,416;-50,000;925;92,5;;0,0;60;12,35;15,83;;15;A27210;;;;;;;;;;;;;;;;;;;;;;;;;;;;;;;;;;;;;;;;;;;;;;;;;;;;;;;;;;;;;;;;;;;;;;;;;
348373;27.05.24 04:51:00;-30,292;6,546;0,908;2,259;12,320;1001,684;22,635;94,650;12,955;93,995;12,910;0,634;70,369;16,397;-50,000;925;92,5;;0,0;60;12,35;15,87;;15;A27210;;;;;;;;;;;;;;;;;;;;;;;;;;;;;;;;;;;;;;;;;;;;;;;;;;;;;;;;;;;;;;;;;;;;;;;;;
348374;27.05.24 04:52:00;-30,685;6,719;0,909;2,235;12,300;1001,684;22,560;94,535;12,960;93,985;12,915;0,646;81,984;16,410;-50,000;925;92,5;;0,0;60;12,36;15,95;;15;A27210;;;;;;;;;;;;;;;;;;;;;;;;;;;;;;;;;;;;;;;;;;;;;;;;;;;;;;;;;;;;;;;;;;;;;;;;;
348375;27.05.24 04:53:00;-32,030;6,658;0,841;2,183;12,292;1001,681;22,107;94,415;12,930;93,950;12,895;0,768;103,073;16,349;-50,000;925;92,5;;0,0;60;12,35;16,07;;15;A27210;;;;;;;;;;;;;;;;;;;;;;;;;;;;;;;;;;;;;;;;;;;;;;;;;;;;;;;;;;;;;;;;;;;;;;;;;
348376;27.05.24 04:54:00;-33,539;6,728;0,862;2,206;12,302;1001,684;23,229;94,315;12,915;93,915;12,895;0,577;138,026;16,330;-50,000;925;92,5;;0,0;60;12,35;15,99;;15;A27210;;;;;;;;;;;;;;;;;;;;;;;;;;;;;;;;;;;;;;;;;;;;;;;;;;;;;;;;;;;;;;;;;;;;;;;;;
348377;27.05.24 04:55:00;-34,578;6,854;0,745;2,199;12,277;1001,681;22,233;94,215;12,905;93,750;12,885;0,456;88,256;16,331;-50,000;925;92,5;;0,0;60;12,35;15,83;;15;A27210;;;;;;;;;;;;;;;;;;;;;;;;;;;;;;;;;;;;;;;;;;;;;;;;;;;;;;;;;;;;;;;;;;;;;;;;;
348378;27.05.24 04:56:00;-35,762;7,051;0,673;2,166;12,247;1001,696;22,848;94,100;12,910;93,660;12,850;0,446;109,586;16,318;-50,000;925;92,5;;0,0;60;12,35;15,87;;15;A27210;;;;;;;;;;;;;;;;;;;;;;;;;;;;;;;;;;;;;;;;;;;;;;;;;;;;;;;;;;;;;;;;;;;;;;;;;
348379;27.05.24 04:57:00;-37,598;7,315;0,590;2,207;12,230;1001,696;22,320;94,030;12,895;93,695;12,850;0,432;98,258;16,337;-50,000;925;92,5;;0,0;60;12,35;15,67;;15;A27210;;;;;;;;;;;;;;;;;;;;;;;;;;;;;;;;;;;;;;;;;;;;;;;;;;;;;;;;;;;;;;;;;;;;;;;;;
348380;27.05.24 04:58:00;-40,070;7,565;0,478;2,286;12,207;1001,714;22,920;93,940;12,890;93,630;12,820;0,434;90,686;16,318;-50,000;925;92,5;;0,0;60;12,35;15,95;;15;A27210;;;;;;;;;;;;;;;;;;;;;;;;;;;;;;;;;;;;;;;;;;;;;;;;;;;;;;;;;;;;;;;;;;;;;;;;;
348381;27.05.24 04:59:00;-43,044;7,804;0,340;2,382;12,188;1001,723;23,178;93,900;12,890;93,720;12,815;0,434;89,359;16,318;-50,000;925;92,5;;0,0;60;12,35;15,67;;15;A27210;;;;;;;;;;;;;;;;;;;;;;;;;;;;;;;;;;;;;;;;;;;;;;;;;;;;;;;;;;;;;;;;;;;;;;;;;
348382;27.05.24 05:00:00;-46,593;8,167;0,097;2,473;12,173;1001,714;22,332;93,880;12,895;93,805;12,835;0,439;74,852;16,312;-50,000;925;92,5;;0,0;60;12,35;15,83;;15;A27210;;;;;;;;;;;;;;;;;;;;;;;;;;;;;;;;;;;;;;;;;;;;;;;;;;;;;;;;;;;;;;;;;;;;;;;;;
348383;27.05.24 05:01:00;-50,454;8,482;-0,176;2,546;12,153;1001,705;22,464;93,890;12,890;93,860;12,860;0,521;88,071;16,312;-50,000;925;92,5;;0,0;60;12,35;15,87;;15;A27210;;;;;;;;;;;;;;;;;;;;;;;;;;;;;;;;;;;;;;;;;;;;;;;;;;;;;;;;;;;;;;;;;;;;;;;;;
348384;27.05.24 05:02:00;-54,318;8,610;-0,574;2,547;12,130;1001,693;22,776;93,740;12,885;93,870;12,875;0,563;93,493;16,312;-50,000;925;92,5;;0,0;60;12,36;15,83;;15;A27210;;;;;;;;;;;;;;;;;;;;;;;;;;;;;;;;;;;;;;;;;;;;;;;;;;;;;;;;;;;;;;;;;;;;;;;;;
348385;27.05.24 05:03:00;-57,953;8,751;-0,733;2,585;12,115;1001,696;22,185;93,585;12,860;93,590;12,860;0,503;126,973;16,303;-50,000;925;92,5;;0,0;60;12,35;15,79;;15;A27210;;;;;;;;;;;;;;;;;;;;;;;;;;;;;;;;;;;;;;;;;;;;;;;;;;;;;;;;;;;;;;;;;;;;;;;;;
348386;27.05.24 05:04:00;-60,497;9,102;-1,079;2,678;12,095;1001,705;22,611;93,470;12,870;93,450;12,835;0,441;98,184;16,300;-50,000;925;92,5;;0,0;60;12,36;15,71;;15;A27210;;;;;;;;;;;;;;;;;;;;;;;;;;;;;;;;;;;;;;;;;;;;;;;;;;;;;;;;;;;;;;;;;;;;;;;;;
348387;27.05.24 05:05:00;-62,245;9,683;-1,404;2,766;12,065;1001,705;22,458;93,465;12,865;93,465;12,845;0,449;34,127;16,263;-50,000;925;92,5;;0,0;60;12,36;15,71;;15;A27210;;;;;;;;;;;;;;;;;;;;;;;;;;;;;;;;;;;;;;;;;;;;;;;;;;;;;;;;;;;;;;;;;;;;;;;;;
348388;27.05.24 05:06:00;-63,202;10,519;-1,830;2,981;12,048;1001,705;22,206;93,350;12,745;93,435;12,780;0,448;369,197;16,279;-50,000;925;92,5;;0,0;60;12,34;15,95;;15;A27210;;;;;;;;;;;;;;;;;;;;;;;;;;;;;;;;;;;;;;;;;;;;;;;;;;;;;;;;;;;;;;;;;;;;;;;;;
348389;27.05.24 05:07:00;-63,489;11,642;-2,130;3,087;12,002;1001,696;22,689;93,435;12,825;93,485;12,820;0,434;5,169;16,276;-50,000;925;92,5;;0,0;60;12,36;15,75;;15;A27210;;;;;;;;;;;;;;;;;;;;;;;;;;;;;;;;;;;;;;;;;;;;;;;;;;;;;;;;;;;;;;;;;;;;;;;;;
348390;27.05.24 05:08:00;-63,376;12,956;-2,336;3,354;11,983;1001,690;22,656;93,545;12,825;93,565;12,830;0,439;21,966;16,251;-50,000;925;92,5;;0,0;60;12,36;15,79;;15;A27210;;;;;;;;;;;;;;;;;;;;;;;;;;;;;;;;;;;;;;;;;;;;;;;;;;;;;;;;;;;;;;;;;;;;;;;;;
348391;27.05.24 05:09:00;-63,191;14,420;-2,456;3,594;11,947;1001,687;22,425;93,590;12,825;93,550;12,815;0,437;33,199;16,267;-50,000;925;92,5;;0,0;60;12,36;15,63;;15;A27210;;;;;;;;;;;;;;;;;;;;;;;;;;;;;;;;;;;;;;;;;;;;;;;;;;;;;;;;;;;;;;;;;;;;;;;;;
348392;27.05.24 05:10:00;-63,055;15,947;-2,521;3,871;11,932;1001,675;22,665;93,500;12,780;93,470;12,790;0,587;107,831;16,239;-50,000;925;92,5;;0,0;60;12,36;15,67;;15;A27210;;;;;;;;;;;;;;;;;;;;;;;;;;;;;;;;;;;;;;;;;;;;;;;;;;;;;;;;;;;;;;;;;;;;;;;;;
348393;27.05.24 05:11:00;-62,918;17,594;-2,281;4,192;11,917;1001,651;22,524;93,355;12,775;93,385;12,755;0,659;128,019;16,239;-50,000;925;92,5;;0,0;60;12,36;15,63;;15;A27210;;;;;;;;;;;;;;;;;;;;;;;;;;;;;;;;;;;;;;;;;;;;;;;;;;;;;;;;;;;;;;;;;;;;;;;;;
348394;27.05.24 05:12:00;-62,442;19,317;-2,130;4,576;11,892;1001,651;22,320;93,210;12,735;93,435;12,735;0,714;119,672;16,214;-50,000;925;92,5;;0,0;60;12,35;15,60;;15;A27210;;;;;;;;;;;;;;;;;;;;;;;;;;;;;;;;;;;;;;;;;;;;;;;;;;;;;;;;;;;;;;;;;;;;;;;;;
348395;27.05.24 05:13:00;-62,036;20,886;-2,178;4,819;11,895;1001,663;22,614;93,090;12,715;93,315;12,735;0,534;121,084;16,214;-50,000;925;92,5;;0,0;60;12,36;15,83;;15;A27210;;;;;;;;;;;;;;;;;;;;;;;;;;;;;;;;;;;;;;;;;;;;;;;;;;;;;;;;;;;;;;;;;;;;;;;;;
348396;27.05.24 05:14:00;-62,224;22,254;-2,096;5,094;11,877;1001,690;22,761;93,075;12,695;93,200;12,695;0,477;127,682;16,214;-50,000;925;92,5;;0,0;60;12,36;15,99;;15;A27210;;;;;;;;;;;;;;;;;;;;;;;;;;;;;;;;;;;;;;;;;;;;;;;;;;;;;;;;;;;;;;;;;;;;;;;;;
348397;27.05.24 05:15:00;-62,693;23,569;-2,049;5,351;11,865;1001,708;22,344;93,095;12,655;93,100;12,660;0,435;121,253;16,214;-50,000;925;92,5;;0,0;60;12,35;15,87;;15;A27210;;;;;;;;;;;;;;;;;;;;;;;;;;;;;;;;;;;;;;;;;;;;;;;;;;;;;;;;;;;;;;;;;;;;;;;;;
348398;27.05.24 05:16:00;-63,146;24,931;-1,975;5,613;11,840;1001,738;22,494;93,150;12,655;93,075;12,635;0,435;119,188;16,214;-50,000;925;92,5;;0,0;60;12,36;15,71;;15;A27210;;;;;;;;;;;;;;;;;;;;;;;;;;;;;;;;;;;;;;;;;;;;;;;;;;;;;;;;;;;;;;;;;;;;;;;;;
348399;27.05.24 05:17:00;-63,184;26,288;-1,912;5,952;11,827;1001,753;22,722;93,295;12,650;93,215;12,615;0,443;74,379;16,211;-50,000;925;92,5;;0,0;60;12,36;15,52;;15;A27210;;;;;;;;;;;;;;;;;;;;;;;;;;;;;;;;;;;;;;;;;;;;;;;;;;;;;;;;;;;;;;;;;;;;;;;;;
348400;27.05.24 05:18:00;-63,040;27,639;-2,001;6,370;11,802;1001,759;22,623;93,410;12,655;93,350;12,645;0,436;28,688;16,208;-50,000;925;92,5;;0,0;60;12,36;15,91;;15;A27210;;;;;;;;;;;;;;;;;;;;;;;;;;;;;;;;;;;;;;;;;;;;;;;;;;;;;;;;;;;;;;;;;;;;;;;;;
348401;27.05.24 05:19:00;-62,635;29,493;-1,877;6,773;11,778;1001,738;22,488;93,455;12,655;93,380;12,620;0,437;41,648;16,205;-50,000;925;92,5;;0,0;60;12,36;15,60;;15;A27210;;;;;;;;;;;;;;;;;;;;;;;;;;;;;;;;;;;;;;;;;;;;;;;;;;;;;;;;;;;;;;;;;;;;;;;;;
348402;27.05.24 05:20:00;-62,326;40,853;-1,596;9,780;11,757;1001,696;22,314;93,635;12,655;93,605;12,635;0,434;93,285;16,193;-50,000;925;92,5;;0,0;60;12,37;15,44;;15;A27210;;;;;;;;;;;;;;;;;;;;;;;;;;;;;;;;;;;;;;;;;;;;;;;;;;;;;;;;;;;;;;;;;;;;;;;;;
348403;27.05.24 05:21:00;-62,419;36,387;-1,417;8,492;11,757;1001,738;22,809;93,805;12,645;93,620;12,660;0,442;109,350;16,193;-50,000;925;92,5;;0,0;60;12,37;15,63;;15;A27210;;;;;;;;;;;;;;;;;;;;;;;;;;;;;;;;;;;;;;;;;;;;;;;;;;;;;;;;;;;;;;;;;;;;;;;;;
348404;27.05.24 05:22:00;-62,716;34,150;-1,164;7,779;11,760;1001,738;22,107;93,740;12,660;93,465;12,635;0,567;127,069;16,169;-50,000;925;92,5;;0,0;60;12,37;15,87;;15;A27210;;;;;;;;;;;;;;;;;;;;;;;;;;;;;;;;;;;;;;;;;;;;;;;;;;;;;;;;;;;;;;;;;;;;;;;;;
348405;27.05.24 05:23:00;-62,610;38,427;-0,951;8,891;11,765;1001,792;22,347;93,650;12,660;93,420;12,645;0,543;149,631;16,153;-50,000;925;92,5;;0,0;60;12,37;15,56;;15;A27210;;;;;;;;;;;;;;;;;;;;;;;;;;;;;;;;;;;;;;;;;;;;;;;;;;;;;;;;;;;;;;;;;;;;;;;;;
348406;27.05.24 05:24:00;-62,430;54,938;-0,667;13,531;11,790;1001,807;22,281;93,695;12,695;93,530;12,655;0,492;152,882;16,153;-50,000;925;92,5;;0,0;60;12,37;15,52;;15;A27210;;;;;;;;;;;;;;;;;;;;;;;;;;;;;;;;;;;;;;;;;;;;;;;;;;;;;;;;;;;;;;;;;;;;;;;;;
348407;27.05.24 05:25:00;-62,527;43,774;-0,538;10,393;11,797;1001,831;22,461;93,810;12,730;93,610;12,690;0,477;160,374;16,135;-50,000;925;92,5;;0,0;60;12,37;15,44;;15;A27210;;;;;;;;;;;;;;;;;;;;;;;;;;;;;;;;;;;;;;;;;;;;;;;;;;;;;;;;;;;;;;;;;;;;;;;;;
348408;27.05.24 05:26:00;-63,165;57,976;-0,440;14,055;11,810;1001,843;22,596;93,805;12,780;93,530;12,725;0,704;156,111;16,123;-50,000;925;92,5;;0,0;60;12,37;15,56;;15;A27210;;;;;;;;;;;;;;;;;;;;;;;;;;;;;;;;;;;;;;;;;;;;;;;;;;;;;;;;;;;;;;;;;;;;;;;;;
348409;27.05.24 05:27:00;-63,865;92,790;0,184;23,428;11,858;1001,915;22,116;93,855;12,810;93,415;12,770;0,761;139,247;16,123;-50,000;925;92,5;;0,0;60;12,38;15,56;;15;A27210;;;;;;;;;;;;;;;;;;;;;;;;;;;;;;;;;;;;;;;;;;;;;;;;;;;;;;;;;;;;;;;;;;;;;;;;;
348410;27.05.24 05:28:00;-64,671;98,280;0,528;24,436;11,925;1001,924;22,647;93,885;12,860;93,385;12,810;0,820;162,208;16,120;-50,000;925;92,5;;0,0;60;12,38;15,87;;15;A27210;;;;;;;;;;;;;;;;;;;;;;;;;;;;;;;;;;;;;;;;;;;;;;;;;;;;;;;;;;;;;;;;;;;;;;;;;
348411;27.05.24 05:29:00;-65,093;100,025;0,781;24,479;11,972;1001,930;22,953;93,950;12,975;93,295;12,845;0,560;194,895;16,114;-50,000;925;92,5;;0,0;60;12,38;15,83;;15;A27210;;;;;;;;;;;;;;;;;;;;;;;;;;;;;;;;;;;;;;;;;;;;;;;;;;;;;;;;;;;;;;;;;;;;;;;;;
348412;27.05.24 05:30:00;-65,557;100,738;0,829;24,299;12,032;1001,963;22,545;94,115;13,090;93,125;12,925;0,493;187,667;16,114;-50,000;925;92,5;;0,0;60;12,38;15,52;;15;A27210;;;;;;;;;;;;;;;;;;;;;;;;;;;;;;;;;;;;;;;;;;;;;;;;;;;;;;;;;;;;;;;;;;;;;;;;;
348413;27.05.24 05:31:00;-66,013;99,401;0,749;23,553;12,080;1001,963;22,086;94,100;13,235;92,940;13,030;0,539;185,451;16,111;-50,000;925;92,5;;0,0;60;12,38;15,83;;15;A27210;;;;;;;;;;;;;;;;;;;;;;;;;;;;;;;;;;;;;;;;;;;;;;;;;;;;;;;;;;;;;;;;;;;;;;;;;
348414;27.05.24 05:32:00;-66,273;87,765;0,758;20,277;12,135;1001,942;21,210;93,620;13,400;92,775;13,105;0,439;233,904;16,117;-50,000;925;92,5;;0,0;60;12,38;15,52;;15;A27210;;;;;;;;;;;;;;;;;;;;;;;;;;;;;;;;;;;;;;;;;;;;;;;;;;;;;;;;;;;;;;;;;;;;;;;;;
348415;27.05.24 05:33:00;-66,717;60,254;0,353;13,027;12,172;1001,912;22,515;93,370;13,585;92,475;13,235;0,431;239,726;16,111;-50,000;925;92,5;;0,0;60;12,38;15,71;;15;A27210;;;;;;;;;;;;;;;;;;;;;;;;;;;;;;;;;;;;;;;;;;;;;;;;;;;;;;;;;;;;;;;;;;;;;;;;;
348416;27.05.24 05:34:00;-67,164;33,473;-0,352;6,185;12,180;1001,888;22,338;92,445;13,740;91,750;13,325;0,437;243,259;16,114;-50,000;925;92,5;;0,0;60;12,37;15,95;;15;A27210;;;;;;;;;;;;;;;;;;;;;;;;;;;;;;;;;;;;;;;;;;;;;;;;;;;;;;;;;;;;;;;;;;;;;;;;;
348417;27.05.24 05:35:00;-67,520;30,791;-1,000;5,648;12,185;1001,915;22,146;91,010;13,910;91,105;13,415;0,456;183,504;16,093;-50,000;925;92,5;;0,0;60;12,37;15,95;;15;A27210;;;;;;;;;;;;;;;;;;;;;;;;;;;;;;;;;;;;;;;;;;;;;;;;;;;;;;;;;;;;;;;;;;;;;;;;;
348418;27.05.24 05:36:00;-67,837;30,795;-1,341;5,747;12,170;1001,933;22,518;89,465;14,045;90,560;13,475;0,448;84,954;16,095;-50,000;925;92,5;;0,0;60;12,37;15,75;;15;A27210;;;;;;;;;;;;;;;;;;;;;;;;;;;;;;;;;;;;;;;;;;;;;;;;;;;;;;;;;;;;;;;;;;;;;;;;;
348419;27.05.24 05:37:00;-68,092;30,473;-1,648;5,660;12,165;1001,927;22,479;88,300;14,120;90,240;13,495;0,560;99,804;16,080;-50,000;925;92,5;;0,0;60;12,37;15,75;;15;A27210;;;;;;;;;;;;;;;;;;;;;;;;;;;;;;;;;;;;;;;;;;;;;;;;;;;;;;;;;;;;;;;;;;;;;;;;;
348420;27.05.24 05:38:00;-68,206;30,276;-1,860;5,609;12,167;1001,951;22,284;87,670;14,170;90,115;13,495;0,505;80,882;16,086;-50,000;925;92,5;;0,0;60;12,37;15,87;;15;A27210;;;;;;;;;;;;;;;;;;;;;;;;;;;;;;;;;;;;;;;;;;;;;;;;;;;;;;;;;;;;;;;;;;;;;;;;;
348421;27.05.24 05:39:00;-68,279;30,630;-1,902;5,719;12,145;1001,978;22,764;87,300;14,215;89,995;13,500;0,456;73,519;16,053;-50,000;925;92,5;;0,0;60;12,37;15,79;;15;A27210;;;;;;;;;;;;;;;;;;;;;;;;;;;;;;;;;;;;;;;;;;;;;;;;;;;;;;;;;;;;;;;;;;;;;;;;;
348422;27.05.24 05:40:00;-68,332;30,911;-1,926;5,722;12,163;1001,996;22,605;87,015;14,195;89,905;13,475;0,451;42,868;16,065;-50,000;925;92,5;;0,0;60;12,38;15,63;;15;A27210;;;;;;;;;;;;;;;;;;;;;;;;;;;;;;;;;;;;;;;;;;;;;;;;;;;;;;;;;;;;;;;;;;;;;;;;;
348423;27.05.24 05:41:00;-68,358;31,117;-2,136;5,723;12,125;1002,023;22,650;86,930;14,155;89,890;13,415;0,438;56,689;16,041;-50,000;925;92,5;;0,0;60;12,36;15,79;;15;A27210;;;;;;;;;;;;;;;;;;;;;;;;;;;;;;;;;;;;;;;;;;;;;;;;;;;;;;;;;;;;;;;;;;;;;;;;;
348424;27.05.24 05:42:00;-68,378;31,208;-2,317;5,695;12,112;1002,005;21,480;86,930;14,115;89,900;13,345;0,451;80,258;16,038;-50,000;925;92,5;;0,0;60;12,37;15,99;;15;A27210;;;;;;;;;;;;;;;;;;;;;;;;;;;;;;;;;;;;;;;;;;;;;;;;;;;;;;;;;;;;;;;;;;;;;;;;;
348425;27.05.24 05:43:00;-68,341;31,944;-2,382;5,730;12,108;1002,008;22,488;87,070;14,030;90,400;13,315;0,519;110,222;16,028;-50,000;925;92,5;;0,0;60;12,36;15,71;;15;A27210;;;;;;;;;;;;;;;;;;;;;;;;;;;;;;;;;;;;;;;;;;;;;;;;;;;;;;;;;;;;;;;;;;;;;;;;;
348426;27.05.24 05:44:00;-68,294;33,191;-2,467;5,939;12,100;1001,984;22,086;87,355;13,990;90,840;13,310;0,568;120,038;16,025;-50,000;925;92,5;;0,0;60;12,37;15,75;;15;A27210;;;;;;;;;;;;;;;;;;;;;;;;;;;;;;;;;;;;;;;;;;;;;;;;;;;;;;;;;;;;;;;;;;;;;;;;;
348427;27.05.24 05:45:00;-68,421;35,400;-2,376;6,440;12,095;1001,987;22,638;87,645;13,930;91,200;13,275;0,546;131,068;16,028;-50,000;925;92,5;;0,0;60;12,36;15,67;;15;A27210;;;;;;;;;;;;;;;;;;;;;;;;;;;;;;;;;;;;;;;;;;;;;;;;;;;;;;;;;;;;;;;;;;;;;;;;;
348428;27.05.24 05:46:00;-68,209;38,466;-2,325;7,056;12,100;1001,984;22,320;88,020;13,875;91,330;13,285;0,572;103,562;16,019;-50,000;925;92,5;;0,0;60;12,37;15,83;;15;A27210;;;;;;;;;;;;;;;;;;;;;;;;;;;;;;;;;;;;;;;;;;;;;;;;;;;;;;;;;;;;;;;;;;;;;;;;;
348429;27.05.24 05:47:00;-68,244;62,777;-2,198;12,306;12,095;1002,011;21,921;88,285;13,830;91,290;13,275;0,560;108,686;16,019;-50,000;925;92,5;;0,0;60;12,37;15,75;;15;A27210;;;;;;;;;;;;;;;;;;;;;;;;;;;;;;;;;;;;;;;;;;;;;;;;;;;;;;;;;;;;;;;;;;;;;;;;;
348430;27.05.24 05:48:00;-67,959;131,305;-1,019;27,808;12,115;1002,041;22,758;88,870;13,805;91,650;13,270;0,544;101,874;16,013;-50,000;925;92,5;;0,0;60;12,38;15,87;;15;A27210;;;;;;;;;;;;;;;;;;;;;;;;;;;;;;;;;;;;;;;;;;;;;;;;;;;;;;;;;;;;;;;;;;;;;;;;;
348431;27.05.24 05:49:00;-68,113;142,042;-0,094;29,873;12,182;1002,056;22,452;89,745;13,820;92,075;13,285;0,686;103,286;16,013;-50,000;925;92,5;;0,0;60;12,39;15,83;;15;A27210;;;;;;;;;;;;;;;;;;;;;;;;;;;;;;;;;;;;;;;;;;;;;;;;;;;;;;;;;;;;;;;;;;;;;;;;;
348432;27.05.24 05:50:00;-68,387;93,823;-0,041;18,401;12,237;1002,041;22,596;90,305;13,885;92,025;13,335;0,626;93,623;16,016;-50,000;925;92,5;;0,0;60;12,39;15,56;;15;A27210;;;;;;;;;;;;;;;;;;;;;;;;;;;;;;;;;;;;;;;;;;;;;;;;;;;;;;;;;;;;;;;;;;;;;;;;;
348433;27.05.24 05:51:00;-68,381;142,578;0,338;29,231;12,285;1002,059;22,683;90,440;13,965;91,845;13,390;0,599;111,870;15,992;-50,000;925;92,5;;0,0;60;12,39;15,75;;15;A27210;;;;;;;;;;;;;;;;;;;;;;;;;;;;;;;;;;;;;;;;;;;;;;;;;;;;;;;;;;;;;;;;;;;;;;;;;
348434;27.05.24 05:52:00;-68,349;157,042;0,895;31,999;12,350;1002,074;22,554;90,705;14,100;91,875;13,515;0,593;102,825;15,992;-50,000;925;92,5;;0,0;60;12,40;15,83;;15;A27210;;;;;;;;;;;;;;;;;;;;;;;;;;;;;;;;;;;;;;;;;;;;;;;;;;;;;;;;;;;;;;;;;;;;;;;;;
348435;27.05.24 05:53:00;-68,501;159,090;1,373;32,363;12,427;1002,077;21,873;91,205;14,280;91,720;13,635;0,606;93,786;15,986;-50,000;925;92,5;;0,0;60;12,40;16,03;;15;A27210;;;;;;;;;;;;;;;;;;;;;;;;;;;;;;;;;;;;;;;;;;;;;;;;;;;;;;;;;;;;;;;;;;;;;;;;;
348436;27.05.24 05:54:00;-68,841;161,010;1,432;32,681;12,525;1002,092;22,248;90,775;14,485;91,525;13,795;0,530;89,601;15,986;-50,000;925;92,5;;0,0;60;12,40;15,83;;15;A27210;;;;;;;;;;;;;;;;;;;;;;;;;;;;;;;;;;;;;;;;;;;;;;;;;;;;;;;;;;;;;;;;;;;;;;;;;
348437;27.05.24 05:55:00;-69,323;163,421;1,316;32,987;12,605;1002,092;22,167;89,940;14,665;90,720;13,940;0,705;91,929;15,958;-50,000;925;92,5;;0,0;60;12,40;15,87;;15;A27210;;;;;;;;;;;;;;;;;;;;;;;;;;;;;;;;;;;;;;;;;;;;;;;;;;;;;;;;;;;;;;;;;;;;;;;;;
348438;27.05.24 05:56:00;-69,879;167,102;1,512;33,578;12,688;1002,092;22,440;88,930;14,905;89,690;14,085;0,647;91,164;15,964;-50,000;925;92,5;;0,0;60;12,41;15,95;;15;A27210;;;;;;;;;;;;;;;;;;;;;;;;;;;;;;;;;;;;;;;;;;;;;;;;;;;;;;;;;;;;;;;;;;;;;;;;;
348439;27.05.24 05:57:00;-70,228;169,697;1,396;34,064;12,767;1002,083;22,512;87,960;15,155;88,980;14,220;0,462;98,213;15,977;-50,000;925;92,5;;0,0;60;12,42;15,79;;15;A27210;;;;;;;;;;;;;;;;;;;;;;;;;;;;;;;;;;;;;;;;;;;;;;;;;;;;;;;;;;;;;;;;;;;;;;;;;
348440;27.05.24 05:58:00;-70,586;171,520;1,341;34,448;12,857;1002,089;22,101;86,410;15,400;88,505;14,380;0,461;94,871;15,955;-50,000;925;92,5;;0,0;60;12,41;16,03;;15;A27210;;;;;;;;;;;;;;;;;;;;;;;;;;;;;;;;;;;;;;;;;;;;;;;;;;;;;;;;;;;;;;;;;;;;;;;;;
348441;27.05.24 05:59:00;-70,888;173,649;1,268;34,980;12,955;1002,092;22,518;84,565;15,650;87,555;14,525;0,459;71,584;15,946;-50,000;925;92,5;;0,0;60;12,42;16,03;;15;A27210;;;;;;;;;;;;;;;;;;;;;;;;;;;;;;;;;;;;;;;;;;;;;;;;;;;;;;;;;;;;;;;;;;;;;;;;;
348442;27.05.24 06:00:00;-71,252;176,065;1,278;35,714;13,047;1002,086;22,332;83,530;15,880;86,680;14,660;0,513;88,228;15,946;-50,000;925;92,5;;0,0;60;12,42;16,19;;15;A27210;;;;;;;;;;;;;;;;;;;;;;;;;;;;;;;;;;;;;;;;;;;;;;;;;;;;;;;;;;;;;;;;;;;;;;;;;
348443;27.05.24 06:01:00;-71,473;170,461;1,031;34,657;13,125;1002,092;22,431;82,570;16,135;86,295;14,820;0,458;70,268;15,921;-50,000;925;92,5;;0,0;60;12,42;16,19;;15;A27210;;;;;;;;;;;;;;;;;;;;;;;;;;;;;;;;;;;;;;;;;;;;;;;;;;;;;;;;;;;;;;;;;;;;;;;;;
348444;27.05.24 06:02:00;-71,660;175,148;0,899;36,130;13,215;1002,101;21,276;81,090;16,370;85,615;14,970;0,499;57,555;15,927;-50,000;925;92,5;;0,0;60;12,42;16,11;;15;A27210;;;;;;;;;;;;;;;;;;;;;;;;;;;;;;;;;;;;;;;;;;;;;;;;;;;;;;;;;;;;;;;;;;;;;;;;;
348445;27.05.24 06:03:00;-71,943;171,139;0,849;35,998;13,295;1002,098;21,819;79,855;16,565;84,950;15,125;0,604;59,501;15,927;-50,000;925;92,5;;0,0;60;12,42;16,39;;15;A27210;;;;;;;;;;;;;;;;;;;;;;;;;;;;;;;;;;;;;;;;;;;;;;;;;;;;;;;;;;;;;;;;;;;;;;;;;
348446;27.05.24 06:04:00;-72,481;131,215;0,409;26,993;13,382;1002,092;22,374;79,085;16,780;84,020;15,250;0,523;74,306;15,937;-50,000;925;92,5;;0,0;60;12,42;16,35;;15;A27210;;;;;;;;;;;;;;;;;;;;;;;;;;;;;;;;;;;;;;;;;;;;;;;;;;;;;;;;;;;;;;;;;;;;;;;;;
348447;27.05.24 06:05:00;-72,625;161,715;0,419;34,874;13,457;1002,113;22,740;78,275;16,920;83,720;15,350;0,519;113,788;15,940;-50,000;925;92,5;;0,0;60;12,42;16,67;;15;A27210;;;;;;;;;;;;;;;;;;;;;;;;;;;;;;;;;;;;;;;;;;;;;;;;;;;;;;;;;;;;;;;;;;;;;;;;;
348448;27.05.24 06:06:00;-72,893;163,919;0,383;35,311;13,527;1002,104;22,119;79,030;17,090;83,520;15,420;0,442;166,371;15,937;-50,000;925;92,5;;0,0;60;12,41;16,71;;15;A27210;;;;;;;;;;;;;;;;;;;;;;;;;;;;;;;;;;;;;;;;;;;;;;;;;;;;;;;;;;;;;;;;;;;;;;;;;
348449;27.05.24 06:07:00;-72,891;176,621;0,518;38,489;13,610;1002,137;22,335;78,570;17,255;83,815;15,545;0,448;65,756;15,928;-50,000;925;92,5;;0,0;60;12,43;16,67;;15;A27210;;;;;;;;;;;;;;;;;;;;;;;;;;;;;;;;;;;;;;;;;;;;;;;;;;;;;;;;;;;;;;;;;;;;;;;;;
348450;27.05.24 06:08:00;-73,320;168,063;0,491;36,661;13,722;1002,170;22,206;76,760;17,395;82,765;15,700;0,502;48,218;15,943;-50,000;925;92,5;;0,0;60;12,43;16,75;;15;A27210;;;;;;;;;;;;;;;;;;;;;;;;;;;;;;;;;;;;;;;;;;;;;;;;;;;;;;;;;;;;;;;;;;;;;;;;;
348451;27.05.24 06:09:00;-73,849;133,904;-0,107;28,243;13,805;1002,182;22,236;76,480;17,560;82,150;15,790;0,552;52,695;15,937;-50,000;925;92,5;;0,0;60;12,42;16,98;;15;A27210;;;;;;;;;;;;;;;;;;;;;;;;;;;;;;;;;;;;;;;;;;;;;;;;;;;;;;;;;;;;;;;;;;;;;;;;;
348452;27.05.24 06:10:00;-73,921;170,018;-0,273;37,589;13,872;1002,191;22,335;75,015;17,670;81,545;15,840;0,472;73,609;15,928;-50,000;925;92,5;;0,0;60;12,43;16,90;;15;A27210;;;;;;;;;;;;;;;;;;;;;;;;;;;;;;;;;;;;;;;;;;;;;;;;;;;;;;;;;;;;;;;;;;;;;;;;;
348453;27.05.24 06:11:00;-73,961;173,017;-0,181;38,270;13,960;1002,197;22,137;74,995;17,775;81,775;15,915;0,437;179,651;15,928;-50,000;925;92,5;;0,0;60;12,42;16,87;;15;A27210;;;;;;;;;;;;;;;;;;;;;;;;;;;;;;;;;;;;;;;;;;;;;;;;;;;;;;;;;;;;;;;;;;;;;;;;;
348454;27.05.24 06:12:00;-74,133;184,345;-0,002;41,028;14,060;1002,194;22,338;75,465;17,930;82,630;16,045;0,488;83,003;15,921;-50,000;925;92,5;;0,0;60;12,43;17,10;;15;A27210;;;;;;;;;;;;;;;;;;;;;;;;;;;;;;;;;;;;;;;;;;;;;;;;;;;;;;;;;;;;;;;;;;;;;;;;;
348455;27.05.24 06:13:00;-74,691;185,810;-0,589;41,308;14,142;1002,185;21,438;73,985;18,070;81,045;16,130;0,742;161,916;15,924;-50,000;925;92,5;;0,0;60;12,40;17,10;;15;A27210;;;;;;;;;;;;;;;;;;;;;;;;;;;;;;;;;;;;;;;;;;;;;;;;;;;;;;;;;;;;;;;;;;;;;;;;;
348456;27.05.24 06:14:00;-75,080;186,717;-0,989;41,444;14,210;1002,158;22,359;72,855;18,210;79,685;16,195;0,593;136,643;15,921;-50,000;925;92,5;;0,0;60;12,43;17,02;;15;A27210;;;;;;;;;;;;;;;;;;;;;;;;;;;;;;;;;;;;;;;;;;;;;;;;;;;;;;;;;;;;;;;;;;;;;;;;;
348457;27.05.24 06:15:00;-75,255;187,984;-1,053;41,672;14,285;1002,140;22,032;72,625;18,325;79,780;16,250;0,518;87,744;15,924;-50,000;925;92,5;;0,0;60;12,42;17,18;;15;A27210;;;;;;;;;;;;;;;;;;;;;;;;;;;;;;;;;;;;;;;;;;;;;;;;;;;;;;;;;;;;;;;;;;;;;;;;;
348458;27.05.24 06:16:00;-75,551;189,700;-0,745;41,964;14,363;1002,131;21,798;73,125;18,420;79,755;16,335;0,568;169,509;15,924;-50,000;925;92,5;;0,0;60;12,43;17,22;;15;A27210;;;;;;;;;;;;;;;;;;;;;;;;;;;;;;;;;;;;;;;;;;;;;;;;;;;;;;;;;;;;;;;;;;;;;;;;;
348459;27.05.24 06:17:00;-75,872;192,166;-0,642;42,516;14,470;1002,116;22,077;73,785;18,560;79,460;16,440;0,589;148,084;15,924;-50,000;925;92,5;;0,0;60;12,43;17,46;;15;A27210;;;;;;;;;;;;;;;;;;;;;;;;;;;;;;;;;;;;;;;;;;;;;;;;;;;;;;;;;;;;;;;;;;;;;;;;;
348460;27.05.24 06:18:00;-76,406;194,388;-0,716;43,052;14,565;1002,128;22,083;72,545;18,705;79,005;16,545;0,634;81,731;15,924;-50,000;925;92,5;;0,0;60;12,43;17,42;;15;A27210;;;;;;;;;;;;;;;;;;;;;;;;;;;;;;;;;;;;;;;;;;;;;;;;;;;;;;;;;;;;;;;;;;;;;;;;;
348461;27.05.24 06:19:00;-76,806;197,123;-0,900;43,627;14,640;1002,143;22,275;71,305;18,825;78,420;16,640;0,694;82,744;15,924;-50,000;925;92,5;;0,0;60;12,43;17,42;;15;A27210;;;;;;;;;;;;;;;;;;;;;;;;;;;;;;;;;;;;;;;;;;;;;;;;;;;;;;;;;;;;;;;;;;;;;;;;;
348462;27.05.24 06:20:00;-77,111;199,439;-1,302;44,050;14,725;1002,113;22,419;70,775;18,905;78,060;16,665;0,635;85,157;15,921;-50,000;925;92,5;;0,0;60;12,44;17,74;;15;A27210;;;;;;;;;;;;;;;;;;;;;;;;;;;;;;;;;;;;;;;;;;;;;;;;;;;;;;;;;;;;;;;;;;;;;;;;;
348463;27.05.24 06:21:00;-77,348;201,833;-1,168;44,534;14,823;1002,104;22,149;71,770;19,015;78,045;16,720;0,720;93,752;15,924;-50,000;925;92,5;;0,0;60;12,44;17,62;;15;A27210;;;;;;;;;;;;;;;;;;;;;;;;;;;;;;;;;;;;;;;;;;;;;;;;;;;;;;;;;;;;;;;;;;;;;;;;;
348464;27.05.24 06:22:00;-77,830;204,370;-1,744;45,146;14,903;1002,110;22,401;69,740;19,125;77,520;16,760;0,598;61,639;15,924;-50,000;925;92,5;;0,0;60;12,45;17,66;;15;A27210;;;;;;;;;;;;;;;;;;;;;;;;;;;;;;;;;;;;;;;;;;;;;;;;;;;;;;;;;;;;;;;;;;;;;;;;;
348465;27.05.24 06:23:00;-78,083;206,624;-1,740;45,577;14,998;1002,101;21,771;69,750;19,175;77,630;16,805;0,565;58,674;15,928;-50,000;925;92,5;;0,0;60;12,44;17,86;;15;A27210;;;;;;;;;;;;;;;;;;;;;;;;;;;;;;;;;;;;;;;;;;;;;;;;;;;;;;;;;;;;;;;;;;;;;;;;;
348466;27.05.24 06:24:00;-78,394;209,248;-1,918;46,155;15,085;1002,095;22,632;69,625;19,280;77,220;16,830;0,708;57,864;15,924;-50,000;925;92,5;;0,0;60;12,45;17,90;;15;A27210;;;;;;;;;;;;;;;;;;;;;;;;;;;;;;;;;;;;;;;;;;;;;;;;;;;;;;;;;;;;;;;;;;;;;;;;;
348467;27.05.24 06:25:00;-78,635;211,247;-1,867;46,527;15,180;1002,086;21,513;69,625;19,355;77,635;16,880;0,593;66,122;15,921;-50,000;925;92,5;;0,0;60;12,44;18,13;;15;A27210;;;;;;;;;;;;;;;;;;;;;;;;;;;;;;;;;;;;;;;;;;;;;;;;;;;;;;;;;;;;;;;;;;;;;;;;;
348468;27.05.24 06:26:00;-78,960;213,327;-2,094;46,919;15,273;1002,089;22,236;69,315;19,415;77,510;16,890;0,464;71,888;15,928;-50,000;925;92,5;;0,0;60;12,44;18,21;;15;A27210;;;;;;;;;;;;;;;;;;;;;;;;;;;;;;;;;;;;;;;;;;;;;;;;;;;;;;;;;;;;;;;;;;;;;;;;;
348469;27.05.24 06:27:00;-79,116;215,773;-2,141;47,391;15,362;1002,077;22,071;69,355;19,520;77,975;16,965;0,534;83,548;15,928;-50,000;925;92,5;;0,0;60;12,45;18,29;;15;A27210;;;;;;;;;;;;;;;;;;;;;;;;;;;;;;;;;;;;;;;;;;;;;;;;;;;;;;;;;;;;;;;;;;;;;;;;;
348470;27.05.24 06:28:00;-79,562;218,145;-2,540;47,997;15,448;1002,083;22,110;68,365;19,600;76,785;17,025;0,713;55,643;15,927;-50,000;925;92,5;;0,0;60;12,45;18,17;;15;A27210;;;;;;;;;;;;;;;;;;;;;;;;;;;;;;;;;;;;;;;;;;;;;;;;;;;;;;;;;;;;;;;;;;;;;;;;;
348471;27.05.24 06:29:00;-79,743;220,321;-2,773;48,390;15,535;1002,077;22,386;68,185;19,645;76,730;17,035;0,572;115,914;15,934;-50,000;925;92,5;;0,0;60;12,45;18,33;;15;A27210;;;;;;;;;;;;;;;;;;;;;;;;;;;;;;;;;;;;;;;;;;;;;;;;;;;;;;;;;;;;;;;;;;;;;;;;;
348472;27.05.24 06:30:00;-80,070;223,110;-2,921;48,984;15,612;1002,083;22,074;67,975;19,725;76,605;17,060;0,690;88,729;15,924;-50,000;925;92,5;;0,0;60;12,45;18,57;;15;A27210;;;;;;;;;;;;;;;;;;;;;;;;;;;;;;;;;;;;;;;;;;;;;;;;;;;;;;;;;;;;;;;;;;;;;;;;;
348473;27.05.24 06:31:00;-80,134;225,460;-3,169;49,560;15,700;1002,071;21,699;67,860;19,795;76,670;17,110;0,659;74,233;15,937;-50,000;925;92,5;;0,0;60;12,45;18,57;;15;A27210;;;;;;;;;;;;;;;;;;;;;;;;;;;;;;;;;;;;;;;;;;;;;;;;;;;;;;;;;;;;;;;;;;;;;;;;;
348474;27.05.24 06:32:00;-80,127;228,011;-2,822;50,105;15,792;1002,089;21,936;68,110;19,850;76,680;17,140;0,654;129,026;15,940;-50,000;925;92,5;;0,0;60;12,45;18,61;;15;A27210;;;;;;;;;;;;;;;;;;;;;;;;;;;;;;;;;;;;;;;;;;;;;;;;;;;;;;;;;;;;;;;;;;;;;;;;;
348475;27.05.24 06:33:00;-80,563;231,139;-2,848;50,824;15,875;1002,092;22,509;68,430;19,940;77,140;17,225;0,621;92,666;15,921;-50,000;925;92,5;;0,0;60;12,45;18,65;;15;A27210;;;;;;;;;;;;;;;;;;;;;;;;;;;;;;;;;;;;;;;;;;;;;;;;;;;;;;;;;;;;;;;;;;;;;;;;;
348476;27.05.24 06:34:00;-80,824;234,106;-2,864;51,524;15,960;1002,080;22,068;67,925;20,035;76,755;17,290;0,814;70,611;15,946;-50,000;925;92,5;;0,0;60;12,45;19,01;;15;A27210;;;;;;;;;;;;;;;;;;;;;;;;;;;;;;;;;;;;;;;;;;;;;;;;;;;;;;;;;;;;;;;;;;;;;;;;;
348477;27.05.24 06:35:00;-81,206;236,611;-3,133;52,055;16,048;1002,077;22,020;66,825;20,105;76,445;17,335;0,852;55,941;15,940;-50,000;925;92,5;;0,0;60;12,46;18,85;;15;A27210;;;;;;;;;;;;;;;;;;;;;;;;;;;;;;;;;;;;;;;;;;;;;;;;;;;;;;;;;;;;;;;;;;;;;;;;;
348478;27.05.24 06:36:00;-81,435;238,612;-2,724;52,381;16,142;1002,071;22,500;67,900;20,160;76,860;17,355;0,709;91,367;15,943;-50,000;925;92,5;;0,0;60;12,46;19,09;;15;A27210;;;;;;;;;;;;;;;;;;;;;;;;;;;;;;;;;;;;;;;;;;;;;;;;;;;;;;;;;;;;;;;;;;;;;;;;;
348479;27.05.24 06:37:00;-81,830;241,552;-2,776;53,116;16,210;1002,047;21,273;69,360;20,240;76,875;17,420;0,981;101,160;15,958;-50,000;925;92,5;;0,0;60;12,45;19,13;;15;A27210;;;;;;;;;;;;;;;;;;;;;;;;;;;;;;;;;;;;;;;;;;;;;;;;;;;;;;;;;;;;;;;;;;;;;;;;;
348480;27.05.24 06:38:00;-82,148;243,797;-2,697;53,665;16,295;1002,044;22,119;67,795;20,340;76,075;17,430;0,977;78,643;15,955;-50,000;925;92,5;;0,0;60;12,46;19,48;;15;A27210;;;;;;;;;;;;;;;;;;;;;;;;;;;;;;;;;;;;;;;;;;;;;;;;;;;;;;;;;;;;;;;;;;;;;;;;;
348481;27.05.24 06:39:00;-82,327;245,916;-2,682;54,158;16,360;1002,041;22,173;67,110;20,420;76,225;17,415;0,810;65,363;15,943;-50,000;925;92,5;;0,0;60;12,46;19,40;;15;A27210;;;;;;;;;;;;;;;;;;;;;;;;;;;;;;;;;;;;;;;;;;;;;;;;;;;;;;;;;;;;;;;;;;;;;;;;;
348482;27.05.24 06:40:00;-82,651;248,807;-2,843;54,869;16,455;1002,008;22,059;66,200;20,445;75,725;17,450;1,002;86,653;15,965;-50,000;925;92,5;;0,0;60;12,46;19,60;;15;A27210;;;;;;;;;;;;;;;;;;;;;;;;;;;;;;;;;;;;;;;;;;;;;;;;;;;;;;;;;;;;;;;;;;;;;;;;;
348483;27.05.24 06:41:00;-82,931;250,998;-3,008;55,291;16,517;1001,996;22,419;66,260;20,500;75,575;17,455;0,898;77,529;15,958;-50,000;925;92,5;;0,0;60;12,46;19,80;;15;A27210;;;;;;;;;;;;;;;;;;;;;;;;;;;;;;;;;;;;;;;;;;;;;;;;;;;;;;;;;;;;;;;;;;;;;;;;;
348484;27.05.24 06:42:00;-82,914;253,775;-3,576;55,963;16,570;1001,957;21,765;65,940;20,530;75,420;17,435;1,338;114,266;15,980;-50,000;925;92,5;;0,0;60;12,46;19,80;;15;A27210;;;;;;;;;;;;;;;;;;;;;;;;;;;;;;;;;;;;;;;;;;;;;;;;;;;;;;;;;;;;;;;;;;;;;;;;;
348485;27.05.24 06:43:00;-83,013;255,568;-4,126;55,966;16,620;1001,909;22,020;66,025;20,555;75,430;17,425;0,964;106,560;15,982;-50,000;925;92,5;;0,0;60;12,46;19,84;;15;A27210;;;;;;;;;;;;;;;;;;;;;;;;;;;;;;;;;;;;;;;;;;;;;;;;;;;;;;;;;;;;;;;;;;;;;;;;;
348486;27.05.24 06:44:00;-83,103;258,039;-3,557;56,637;16,665;1001,924;22,071;66,115;20,590;75,935;17,470;0,884;85,106;15,995;-50,000;925;92,5;;0,0;60;12,46;19,88;;15;A27210;;;;;;;;;;;;;;;;;;;;;;;;;;;;;;;;;;;;;;;;;;;;;;;;;;;;;;;;;;;;;;;;;;;;;;;;;
348487;27.05.24 06:45:00;-83,197;260,712;-3,126;57,140;16,735;1001,915;22,110;65,885;20,615;76,325;17,520;0,743;65,599;16,007;-50,000;925;92,5;;0,0;60;12,46;20,04;;15;A27210;;;;;;;;;;;;;;;;;;;;;;;;;;;;;;;;;;;;;;;;;;;;;;;;;;;;;;;;;;;;;;;;;;;;;;;;;
348488;27.05.24 06:46:00;-83,483;263,345;-3,768;57,967;16,810;1001,870;22,485;65,325;20,630;75,775;17,555;0,749;145,958;15,989;-50,000;925;92,5;;0,0;60;12,46;20,16;;15;A27210;;;;;;;;;;;;;;;;;;;;;;;;;;;;;;;;;;;;;;;;;;;;;;;;;;;;;;;;;;;;;;;;;;;;;;;;;
348489;27.05.24 06:47:00;-83,564;265,758;-3,937;58,593;16,880;1001,819;21,831;65,070;20,685;75,950;17,635;0,799;130,371;16,016;-50,000;925;92,5;;0,0;60;12,46;20,20;;15;A27210;;;;;;;;;;;;;;;;;;;;;;;;;;;;;;;;;;;;;;;;;;;;;;;;;;;;;;;;;;;;;;;;;;;;;;;;;
348490;27.05.24 06:48:00;-84,028;268,502;-3,607;59,156;16,935;1001,807;21,945;66,045;20,760;75,385;17,695;0,966;95,079;16,016;-50,000;925;92,5;;0,0;60;12,47;20,36;;15;A27210;;;;;;;;;;;;;;;;;;;;;;;;;;;;;;;;;;;;;;;;;;;;;;;;;;;;;;;;;;;;;;;;;;;;;;;;;
348491;27.05.24 06:49:00;-84,031;271,633;-3,709;60,088;17,000;1001,822;22,068;64,975;20,810;75,215;17,695;0,915;119,284;16,001;-50,000;925;92,5;;0,0;60;12,46;20,32;;15;A27210;;;;;;;;;;;;;;;;;;;;;;;;;;;;;;;;;;;;;;;;;;;;;;;;;;;;;;;;;;;;;;;;;;;;;;;;;
348492;27.05.24 06:50:00;-84,021;274,682;-4,047;60,902;17,032;1001,819;22,107;65,740;20,835;75,270;17,720;1,345;124,841;16,013;-50,000;925;92,5;;0,0;60;12,46;20,52;;15;A27210;;;;;;;;;;;;;;;;;;;;;;;;;;;;;;;;;;;;;;;;;;;;;;;;;;;;;;;;;;;;;;;;;;;;;;;;;
348493;27.05.24 06:51:00;-84,069;277,943;-3,976;61,735;17,090;1001,819;22,029;65,720;20,870;75,155;17,750;1,359;110,424;16,010;-50,000;925;92,5;;0,0;60;12,46;20,60;;15;A27210;;;;;;;;;;;;;;;;;;;;;;;;;;;;;;;;;;;;;;;;;;;;;;;;;;;;;;;;;;;;;;;;;;;;;;;;;
348494;27.05.24 06:52:00;-84,236;280,893;-3,758;62,680;17,125;1001,840;22,215;65,405;20,915;75,015;17,760;1,121;85,590;16,016;-50,000;925;92,5;;0,0;60;12,47;20,52;;15;A27210;;;;;;;;;;;;;;;;;;;;;;;;;;;;;;;;;;;;;;;;;;;;;;;;;;;;;;;;;;;;;;;;;;;;;;;;;
348495;27.05.24 06:53:00;-84,274;283,926;-3,670;63,856;17,192;1001,825;22,194;66,165;20,925;75,390;17,775;1,072;110,070;16,016;-50,000;925;92,5;;0,0;60;12,47;20,48;;15;A27210;;;;;;;;;;;;;;;;;;;;;;;;;;;;;;;;;;;;;;;;;;;;;;;;;;;;;;;;;;;;;;;;;;;;;;;;;
348496;27.05.24 06:54:00;-84,271;287,307;-3,925;65,273;17,247;1001,843;21,969;65,530;20,985;74,930;17,805;0,981;110,098;16,019;-50,000;925;92,5;;0,0;60;12,47;20,63;;15;A27210;;;;;;;;;;;;;;;;;;;;;;;;;;;;;;;;;;;;;;;;;;;;;;;;;;;;;;;;;;;;;;;;;;;;;;;;;
348497;27.05.24 06:55:00;-84,369;290,212;-3,421;66,681;17,300;1001,855;21,861;65,025;21,050;75,115;17,855;0,927;73,586;16,019;-50,000;925;92,5;;0,0;60;12,47;20,63;;15;A27210;;;;;;;;;;;;;;;;;;;;;;;;;;;;;;;;;;;;;;;;;;;;;;;;;;;;;;;;;;;;;;;;;;;;;;;;;
348498;27.05.24 06:56:00;-84,454;293,274;-3,232;68,185;17,397;1001,888;21,879;65,390;21,070;75,570;17,910;0,553;122,529;16,016;-50,000;925;92,5;;0,0;60;12,47;20,79;;15;A27210;;;;;;;;;;;;;;;;;;;;;;;;;;;;;;;;;;;;;;;;;;;;;;;;;;;;;;;;;;;;;;;;;;;;;;;;;
348499;27.05.24 06:57:00;-84,942;296,660;-3,234;70,176;17,493;1001,912;22,266;65,865;21,145;74,920;18,030;0,954;116,252;16,016;-50,000;925;92,5;;0,0;60;12,47;20,79;;15;A27210;;;;;;;;;;;;;;;;;;;;;;;;;;;;;;;;;;;;;;;;;;;;;;;;;;;;;;;;;;;;;;;;;;;;;;;;;
348500;27.05.24 06:58:00;-85,549;299,489;-4,443;72,068;17,550;1001,912;21,876;63,770;21,205;73,315;18,065;0,907;132,109;16,025;-50,000;925;92,5;;0,0;60;12,46;21,11;;15;A27210;;;;;;;;;;;;;;;;;;;;;;;;;;;;;;;;;;;;;;;;;;;;;;;;;;;;;;;;;;;;;;;;;;;;;;;;;
348501;27.05.24 06:59:00;-85,494;302,394;-4,182;74,293;17,620;1001,915;22,134;63,550;21,265;73,130;18,110;0,892;112,056;16,019;-50,000;925;92,5;;0,0;60;12,47;20,87;;15;A27210;;;;;;;;;;;;;;;;;;;;;;;;;;;;;;;;;;;;;;;;;;;;;;;;;;;;;;;;;;;;;;;;;;;;;;;;;
348502;27.05.24 07:00:00;-85,372;305,587;-3,559;76,951;17,708;1001,930;21,840;64,165;21,295;73,615;18,170;0,920;153,051;16,025;-50,000;925;92,5;;0,0;60;12,47;21,03;;15;A27210;;;;;;;;;;;;;;;;;;;;;;;;;;;;;;;;;;;;;;;;;;;;;;;;;;;;;;;;;;;;;;;;;;;;;;;;;
348503;27.05.24 07:01:00;-85,840;308,196;-4,771;78,670;17,747;1001,936;22,170;62,880;21,320;72,890;18,210;0,646;218,925;16,028;-50,000;925;92,5;;0,0;60;12,47;21,15;;15;A27210;;;;;;;;;;;;;;;;;;;;;;;;;;;;;;;;;;;;;;;;;;;;;;;;;;;;;;;;;;;;;;;;;;;;;;;;;
348504;27.05.24 07:02:00;-85,699;311,785;-5,334;79,541;17,823;1001,930;22,614;62,485;21,350;72,775;18,270;1,316;171,242;16,028;-50,000;925;92,5;;0,0;60;12,47;21,07;;15;A27210;;;;;;;;;;;;;;;;;;;;;;;;;;;;;;;;;;;;;;;;;;;;;;;;;;;;;;;;;;;;;;;;;;;;;;;;;
348505;27.05.24 07:03:00;-86,128;314,625;-5,154;78,072;17,845;1001,942;21,657;62,230;21,340;72,130;18,320;1,119;144,478;16,035;-50,000;925;92,5;;0,0;60;12,47;21,19;;15;A27210;;;;;;;;;;;;;;;;;;;;;;;;;;;;;;;;;;;;;;;;;;;;;;;;;;;;;;;;;;;;;;;;;;;;;;;;;
348506;27.05.24 07:04:00;-85,969;317,670;-5,010;76,216;17,907;1001,927;22,095;62,585;21,315;72,020;18,380;0,880;163,299;16,040;-50,000;925;92,5;;0,0;60;12,48;21,11;;15;A27210;;;;;;;;;;;;;;;;;;;;;;;;;;;;;;;;;;;;;;;;;;;;;;;;;;;;;;;;;;;;;;;;;;;;;;;;;
348507;27.05.24 07:05:00;-85,971;320,296;-4,696;74,459;17,960;1001,915;22,062;63,205;21,290;71,950;18,390;0,893;205,262;16,041;-50,000;925;92,5;;0,0;60;12,48;21,31;;15;A27210;;;;;;;;;;;;;;;;;;;;;;;;;;;;;;;;;;;;;;;;;;;;;;;;;;;;;;;;;;;;;;;;;;;;;;;;;
348508;27.05.24 07:06:00;-85,935;322,448;-4,049;72,990;18,005;1001,858;22,110;63,210;21,315;71,885;18,460;0,633;163,569;16,056;-50,000;925;92,5;;0,0;60;12,48;21,39;;15;A27210;;;;;;;;;;;;;;;;;;;;;;;;;;;;;;;;;;;;;;;;;;;;;;;;;;;;;;;;;;;;;;;;;;;;;;;;;
348509;27.05.24 07:07:00;-86,102;324,690;-4,319;72,210;18,110;1001,789;21,612;63,340;21,390;71,655;18,635;0,704;171,658;16,074;-50,000;925;92,5;;0,0;60;12,48;21,67;;15;A27210;;;;;;;;;;;;;;;;;;;;;;;;;;;;;;;;;;;;;;;;;;;;;;;;;;;;;;;;;;;;;;;;;;;;;;;;;
348510;27.05.24 07:08:00;-86,295;326,805;-5,028;71,741;18,157;1001,735;22,014;62,100;21,450;69,930;18,735;1,034;221,664;16,050;-50,000;925;92,5;;0,0;60;12,47;21,63;;15;A27210;;;;;;;;;;;;;;;;;;;;;;;;;;;;;;;;;;;;;;;;;;;;;;;;;;;;;;;;;;;;;;;;;;;;;;;;;
348511;27.05.24 07:09:00;-86,219;329,162;-5,040;71,313;18,213;1001,741;22,197;61,720;21,490;69,965;18,725;1,230;192,859;16,080;-50,000;925;92,5;;0,0;60;12,47;21,71;;15;A27210;;;;;;;;;;;;;;;;;;;;;;;;;;;;;;;;;;;;;;;;;;;;;;;;;;;;;;;;;;;;;;;;;;;;;;;;;
348512;27.05.24 07:10:00;-86,057;331,980;-5,111;71,250;18,220;1001,738;21,930;61,260;21,540;69,955;18,700;1,154;216,641;16,074;-50,000;925;92,5;;0,0;60;12,47;21,75;;15;A27210;;;;;;;;;;;;;;;;;;;;;;;;;;;;;;;;;;;;;;;;;;;;;;;;;;;;;;;;;;;;;;;;;;;;;;;;;
348513;27.05.24 07:11:00;-86,775;334,003;-4,805;71,353;18,245;1001,729;21,930;62,285;21,565;70,250;18,720;1,116;183,482;16,086;-50,000;925;92,5;;0,0;60;12,48;21,87;;15;A27210;;;;;;;;;;;;;;;;;;;;;;;;;;;;;;;;;;;;;;;;;;;;;;;;;;;;;;;;;;;;;;;;;;;;;;;;;
348514;27.05.24 07:12:00;-86,708;336,677;-5,250;71,811;18,282;1001,729;22,014;61,160;21,580;70,215;18,700;1,177;166,725;16,099;-50,000;925;92,5;;0,0;60;12,48;21,87;;15;A27210;;;;;;;;;;;;;;;;;;;;;;;;;;;;;;;;;;;;;;;;;;;;;;;;;;;;;;;;;;;;;;;;;;;;;;;;;
348515;27.05.24 07:13:00;-86,537;339,611;-5,247;71,819;18,295;1001,717;21,906;61,110;21,610;70,200;18,700;1,480;171,326;16,096;-50,000;925;92,5;;0,0;60;12,48;21,90;;15;A27210;;;;;;;;;;;;;;;;;;;;;;;;;;;;;;;;;;;;;;;;;;;;;;;;;;;;;;;;;;;;;;;;;;;;;;;;;
348516;27.05.24 07:14:00;-86,763;342,262;-4,899;71,838;18,302;1001,702;21,732;61,120;21,530;70,520;18,660;1,252;183,786;16,105;-50,000;925;92,5;;0,0;60;12,48;21,98;;15;A27210;;;;;;;;;;;;;;;;;;;;;;;;;;;;;;;;;;;;;;;;;;;;;;;;;;;;;;;;;;;;;;;;;;;;;;;;;
348517;27.05.24 07:15:00;-86,830;344,754;-4,230;72,200;18,345;1001,714;21,564;62,430;21,500;71,395;18,650;0,800;171,720;16,111;-50,000;925;92,5;;0,0;60;12,48;22,14;;15;A27210;;;;;;;;;;;;;;;;;;;;;;;;;;;;;;;;;;;;;;;;;;;;;;;;;;;;;;;;;;;;;;;;;;;;;;;;;
348518;27.05.24 07:16:00;-87,055;347,941;-4,512;73,120;18,423;1001,723;21,993;62,215;21,495;71,480;18,725;0,891;143,207;16,105;-50,000;925;92,5;;0,0;60;12,48;22,18;;15;A27210;;;;;;;;;;;;;;;;;;;;;;;;;;;;;;;;;;;;;;;;;;;;;;;;;;;;;;;;;;;;;;;;;;;;;;;;;
348519;27.05.24 07:17:00;-86,725;351,150;-3,650;74,021;18,487;1001,702;21,939;62,870;21,510;71,210;18,780;1,484;108,951;16,117;-50,000;925;92,5;;0,0;60;12,49;22,46;;15;A27210;;;;;;;;;;;;;;;;;;;;;;;;;;;;;;;;;;;;;;;;;;;;;;;;;;;;;;;;;;;;;;;;;;;;;;;;;
348520;27.05.24 07:18:00;-86,833;353,871;-3,064;74,493;18,540;1001,714;21,975;64,185;21,525;72,020;18,855;0,854;164,188;16,117;-50,000;925;92,5;;0,0;60;12,49;22,34;;15;A27210;;;;;;;;;;;;;;;;;;;;;;;;;;;;;;;;;;;;;;;;;;;;;;;;;;;;;;;;;;;;;;;;;;;;;;;;;
348521;27.05.24 07:19:00;-87,094;356,998;-3,535;75,439;18,617;1001,726;22,248;62,670;21,560;71,310;18,910;0,893;168,441;16,117;-50,000;925;92,5;;0,0;60;12,49;22,58;;15;A27210;;;;;;;;;;;;;;;;;;;;;;;;;;;;;;;;;;;;;;;;;;;;;;;;;;;;;;;;;;;;;;;;;;;;;;;;;
348522;27.05.24 07:20:00;-87,158;360,007;-2,472;76,165;18,695;1001,735;21,846;63,335;21,615;71,300;19,010;1,365;113,552;16,117;-50,000;925;92,5;;0,0;60;12,50;22,54;;15;A27210;;;;;;;;;;;;;;;;;;;;;;;;;;;;;;;;;;;;;;;;;;;;;;;;;;;;;;;;;;;;;;;;;;;;;;;;;
348523;27.05.24 07:21:00;-87,395;362,970;-3,329;76,844;18,763;1001,780;21,858;62,960;21,640;71,180;19,050;0,904;138,623;16,120;-50,000;925;92,5;;0,0;60;12,50;22,58;;15;A27210;;;;;;;;;;;;;;;;;;;;;;;;;;;;;;;;;;;;;;;;;;;;;;;;;;;;;;;;;;;;;;;;;;;;;;;;;
348524;27.05.24 07:22:00;-87,759;365,892;-2,949;77,541;18,860;1001,819;22,398;62,785;21,675;71,010;19,120;0,768;135,692;16,114;-50,000;925;92,5;;0,0;60;12,50;22,90;;15;A27210;;;;;;;;;;;;;;;;;;;;;;;;;;;;;;;;;;;;;;;;;;;;;;;;;;;;;;;;;;;;;;;;;;;;;;;;;
348525;27.05.24 07:23:00;-87,969;369,002;-2,648;78,244;18,970;1001,753;21,573;63,100;21,720;70,990;19,190;0,539;193,978;16,120;-50,000;925;92,5;;0,0;60;12,50;22,94;;15;A27210;;;;;;;;;;;;;;;;;;;;;;;;;;;;;;;;;;;;;;;;;;;;;;;;;;;;;;;;;;;;;;;;;;;;;;;;;
348526;27.05.24 07:24:00;-88,881;372,119;-3,558;79,043;19,052;1001,729;22,743;62,165;21,810;69,640;19,325;1,157;152,865;16,123;-50,000;925;92,5;;0,0;60;12,50;22,94;;15;A27210;;;;;;;;;;;;;;;;;;;;;;;;;;;;;;;;;;;;;;;;;;;;;;;;;;;;;;;;;;;;;;;;;;;;;;;;;
348527;27.05.24 07:25:00;-89,273;374,204;-5,145;79,127;19,120;1001,759;21,690;61,370;21,865;68,460;19,325;0,783;202,320;16,138;-50,000;925;92,5;;0,0;60;12,49;23,13;;15;A27210;;;;;;;;;;;;;;;;;;;;;;;;;;;;;;;;;;;;;;;;;;;;;;;;;;;;;;;;;;;;;;;;;;;;;;;;;
348528;27.05.24 07:26:00;-88,923;377,175;-3,929;79,556;19,210;1001,858;21,627;61,635;21,930;69,260;19,355;0,997;188,601;16,132;-50,000;925;92,5;;0,0;60;12,50;23,25;;15;A27210;;;;;;;;;;;;;;;;;;;;;;;;;;;;;;;;;;;;;;;;;;;;;;;;;;;;;;;;;;;;;;;;;;;;;;;;;
348529;27.05.24 07:27:00;-89,453;379,806;-4,591;79,968;19,278;1002,167;21,207;61,095;22,015;68,820;19,410;1,107;143,961;16,138;-50,000;925;92,5;;0,0;60;12,50;23,41;;15;A27210;;;;;;;;;;;;;;;;;;;;;;;;;;;;;;;;;;;;;;;;;;;;;;;;;;;;;;;;;;;;;;;;;;;;;;;;;
348530;27.05.24 07:28:00;-89,313;383,390;-5,293;80,349;19,295;1002,254;21,999;60,410;22,055;68,225;19,375;1,896;123,064;16,129;-50,000;925;92,5;;0,0;60;12,50;23,53;;15;A27210;;;;;;;;;;;;;;;;;;;;;;;;;;;;;;;;;;;;;;;;;;;;;;;;;;;;;;;;;;;;;;;;;;;;;;;;;
348531;27.05.24 07:29:00;-89,257;386,605;-5,222;80,591;19,310;1002,314;22,266;60,540;22,055;68,525;19,355;1,389;152,173;16,156;-50,000;925;92,5;;0,0;60;12,51;23,49;;15;A27210;;;;;;;;;;;;;;;;;;;;;;;;;;;;;;;;;;;;;;;;;;;;;;;;;;;;;;;;;;;;;;;;;;;;;;;;;
348532;27.05.24 07:30:00;-89,364;388,714;-4,468;81,116;19,330;1002,347;21,969;60,905;22,055;68,440;19,360;1,723;99,433;16,156;-50,000;925;92,5;;0,0;60;12,51;23,37;;15;A27210;;;;;;;;;;;;;;;;;;;;;;;;;;;;;;;;;;;;;;;;;;;;;;;;;;;;;;;;;;;;;;;;;;;;;;;;;
348533;27.05.24 07:31:00;-89,663;391,172;-3,513;81,573;19,367;1002,371;21,927;61,405;22,015;69,210;19,350;1,044;216,692;16,169;-50,000;925;92,5;;0,0;60;12,51;23,73;;15;A27210;;;;;;;;;;;;;;;;;;;;;;;;;;;;;;;;;;;;;;;;;;;;;;;;;;;;;;;;;;;;;;;;;;;;;;;;;
348534;27.05.24 07:32:00;-89,985;394,709;-4,043;82,804;19,403;1002,410;22,200;61,330;22,035;68,140;19,330;1,821;209,171;16,184;-50,000;925;92,5;;0,0;60;12,51;23,53;;15;A27210;;;;;;;;;;;;;;;;;;;;;;;;;;;;;;;;;;;;;;;;;;;;;;;;;;;;;;;;;;;;;;;;;;;;;;;;;
348535;27.05.24 07:33:00;-90,287;396,774;-5,071;82,848;19,427;1002,392;21,888;58,905;22,045;67,070;19,250;1,532;184,978;16,196;-50,000;925;92,5;;0,0;60;12,51;23,89;;15;A27210;;;;;;;;;;;;;;;;;;;;;;;;;;;;;;;;;;;;;;;;;;;;;;;;;;;;;;;;;;;;;;;;;;;;;;;;;
348536;27.05.24 07:34:00;-90,485;399,183;-5,888;83,000;19,423;1002,398;21,723;58,465;22,000;66,920;19,185;1,261;148,224;16,196;-50,000;925;92,5;;0,0;60;12,51;23,85;;15;A27210;;;;;;;;;;;;;;;;;;;;;;;;;;;;;;;;;;;;;;;;;;;;;;;;;;;;;;;;;;;;;;;;;;;;;;;;;
348537;27.05.24 07:35:00;-90,521;402,501;-4,505;83,750;19,447;1002,191;21,672;59,675;21,945;67,290;19,155;1,317;189,518;16,199;-50,000;925;92,5;;0,0;60;12,51;23,93;;15;A27210;;;;;;;;;;;;;;;;;;;;;;;;;;;;;;;;;;;;;;;;;;;;;;;;;;;;;;;;;;;;;;;;;;;;;;;;;
348538;27.05.24 07:36:00;-90,502;405,092;-4,573;84,275;19,460;1001,816;21,984;58,735;21,880;66,895;19,070;1,317;224,432;16,205;-50,000;925;92,5;;0,0;60;12,51;24,01;;15;A27210;;;;;;;;;;;;;;;;;;;;;;;;;;;;;;;;;;;;;;;;;;;;;;;;;;;;;;;;;;;;;;;;;;;;;;;;;
348539;27.05.24 07:37:00;-90,496;407,292;-4,076;84,774;19,495;1000,877;21,867;59,960;21,905;67,515;19,035;1,096;159,159;16,214;-50,000;925;92,5;;0,0;60;12,52;24,21;;15;A27210;;;;;;;;;;;;;;;;;;;;;;;;;;;;;;;;;;;;;;;;;;;;;;;;;;;;;;;;;;;;;;;;;;;;;;;;;
348540;27.05.24 07:38:00;-90,830;409,436;-3,508;85,246;19,550;1001,135;22,242;60,660;21,900;68,370;19,065;0,996;208,322;16,208;-50,000;925;92,5;;0,0;60;12,52;24,40;;15;A27210;;;;;;;;;;;;;;;;;;;;;;;;;;;;;;;;;;;;;;;;;;;;;;;;;;;;;;;;;;;;;;;;;;;;;;;;;
348541;27.05.24 07:39:00;-91,237;412,810;-4,065;86,236;19,605;1002,092;21,363;59,570;21,935;67,665;19,120;0,888;222,137;16,214;-50,000;925;92,5;;0,0;60;12,52;24,40;;15;A27210;;;;;;;;;;;;;;;;;;;;;;;;;;;;;;;;;;;;;;;;;;;;;;;;;;;;;;;;;;;;;;;;;;;;;;;;;
348542;27.05.24 07:40:00;-91,336;415,256;-3,448;86,828;19,685;1002,071;22,470;59,895;22,005;67,675;19,150;0,989;199,215;16,211;-50,000;925;92,5;;0,0;60;12,52;24,52;;15;A27210;;;;;;;;;;;;;;;;;;;;;;;;;;;;;;;;;;;;;;;;;;;;;;;;;;;;;;;;;;;;;;;;;;;;;;;;;
348543;27.05.24 07:41:00;-90,885;418,803;-3,819;87,390;19,722;1001,957;21,753;59,025;22,080;67,075;19,165;1,662;188,775;16,214;-50,000;925;92,5;;0,0;60;12,52;24,48;;15;A27210;;;;;;;;;;;;;;;;;;;;;;;;;;;;;;;;;;;;;;;;;;;;;;;;;;;;;;;;;;;;;;;;;;;;;;;;;
348544;27.05.24 07:42:00;-91,247;421,251;-3,608;87,636;19,733;1002,593;21,450;59,670;22,125;67,165;19,175;1,337;116,179;16,223;-50,000;925;92,5;;0,0;60;12,52;24,88;;15;A27210;;;;;;;;;;;;;;;;;;;;;;;;;;;;;;;;;;;;;;;;;;;;;;;;;;;;;;;;;;;;;;;;;;;;;;;;;
348545;27.05.24 07:43:00;-91,635;423,739;-4,037;88,309;19,775;1002,380;21,873;59,220;22,160;67,205;19,215;1,430;121,174;16,214;-50,000;925;92,5;;0,0;60;12,53;24,48;;15;A27210;;;;;;;;;;;;;;;;;;;;;;;;;;;;;;;;;;;;;;;;;;;;;;;;;;;;;;;;;;;;;;;;;;;;;;;;;
348546;27.05.24 07:44:00;-91,888;426,182;-2,834;88,769;19,855;1001,453;21,843;59,645;22,145;67,940;19,265;0,732;264,926;16,223;-50,000;925;92,5;;0,0;60;12,52;24,84;;15;A27210;;;;;;;;;;;;;;;;;;;;;;;;;;;;;;;;;;;;;;;;;;;;;;;;;;;;;;;;;;;;;;;;;;;;;;;;;
348547;27.05.24 07:45:00;-92,325;429,263;-3,470;89,772;19,927;1001,396;22,092;60,075;22,225;67,215;19,345;1,163;166,776;16,214;-50,000;925;92,5;;0,0;60;12,53;24,96;;15;A27210;;;;;;;;;;;;;;;;;;;;;;;;;;;;;;;;;;;;;;;;;;;;;;;;;;;;;;;;;;;;;;;;;;;;;;;;;
348548;27.05.24 07:46:00;-92,683;431,565;-4,343;89,899;19,972;1001,462;21,873;58,330;22,230;66,650;19,340;0,802;156,904;16,236;-50,000;925;92,5;;0,0;60;12,53;24,72;;15;A27210;;;;;;;;;;;;;;;;;;;;;;;;;;;;;;;;;;;;;;;;;;;;;;;;;;;;;;;;;;;;;;;;;;;;;;;;;
348549;27.05.24 07:47:00;-92,754;434,251;-4,387;90,495;20,035;1001,912;21,621;58,915;22,225;66,340;19,395;1,300;194,608;16,242;-50,000;925;92,5;;0,0;60;12,53;25,08;;15;A27210;;;;;;;;;;;;;;;;;;;;;;;;;;;;;;;;;;;;;;;;;;;;;;;;;;;;;;;;;;;;;;;;;;;;;;;;;
348550;27.05.24 07:48:00;-92,581;436,853;-3,444;90,668;20,100;1002,191;21,822;59,225;22,240;66,880;19,405;0,821;257,963;16,230;-50,000;925;92,5;;0,0;60;12,53;25,32;;15;A27210;;;;;;;;;;;;;;;;;;;;;;;;;;;;;;;;;;;;;;;;;;;;;;;;;;;;;;;;;;;;;;;;;;;;;;;;;
348551;27.05.24 07:49:00;-92,837;440,429;-1,629;91,704;20,202;1002,824;21,939;60,930;22,345;68,025;19,545;0,904;111,386;16,230;-50,000;925;92,5;;0,0;60;12,54;25,20;;15;A27210;;;;;;;;;;;;;;;;;;;;;;;;;;;;;;;;;;;;;;;;;;;;;;;;;;;;;;;;;;;;;;;;;;;;;;;;;
348552;27.05.24 07:50:00;-93,430;443,084;-3,551;92,353;20,285;1002,992;21,444;59,160;22,390;67,035;19,660;1,031;198,765;16,288;-50,000;925;92,5;;0,0;60;12,54;25,40;;15;A27210;;;;;;;;;;;;;;;;;;;;;;;;;;;;;;;;;;;;;;;;;;;;;;;;;;;;;;;;;;;;;;;;;;;;;;;;;
348553;27.05.24 07:51:00;-93,793;445,635;-3,725;92,409;20,357;1002,557;22,191;57,820;22,470;65,540;19,735;0,912;168,694;16,276;-50,000;925;92,5;;0,0;60;12,54;25,28;;15;A27210;;;;;;;;;;;;;;;;;;;;;;;;;;;;;;;;;;;;;;;;;;;;;;;;;;;;;;;;;;;;;;;;;;;;;;;;;
348554;27.05.24 07:52:00;-94,042;448,663;-4,745;93,006;20,417;1002,938;21,063;57,370;22,515;65,230;19,765;1,515;162,242;16,294;-50,000;925;92,5;;0,0;60;12,55;25,60;;15;A27210;;;;;;;;;;;;;;;;;;;;;;;;;;;;;;;;;;;;;;;;;;;;;;;;;;;;;;;;;;;;;;;;;;;;;;;;;
348555;27.05.24 07:53:00;-93,986;451,280;-4,147;93,239;20,465;1002,908;21,486;58,270;22,520;65,565;19,770;1,151;225,023;16,300;-50,000;925;92,5;;0,0;60;12,54;25,52;;15;A27210;;;;;;;;;;;;;;;;;;;;;;;;;;;;;;;;;;;;;;;;;;;;;;;;;;;;;;;;;;;;;;;;;;;;;;;;;
348556;27.05.24 07:54:00;-94,052;453,908;-3,805;93,825;20,535;1002,707;22,338;57,955;22,565;65,430;19,765;1,253;193,815;16,300;-50,000;925;92,5;;0,0;60;12,55;25,91;;15;A27210;;;;;;;;;;;;;;;;;;;;;;;;;;;;;;;;;;;;;;;;;;;;;;;;;;;;;;;;;;;;;;;;;;;;;;;;;
348557;27.05.24 07:55:00;-93,494;456,672;-3,508;94,203;20,562;1002,335;21,906;58,465;22,615;65,225;19,760;1,391;226,097;16,312;-50,000;925;92,5;;0,0;60;12,55;25,91;;15;A27210;;;;;;;;;;;;;;;;;;;;;;;;;;;;;;;;;;;;;;;;;;;;;;;;;;;;;;;;;;;;;;;;;;;;;;;;;
348558;27.05.24 07:56:00;-93,352;459,865;-3,555;94,668;20,557;1002,194;22,308;58,250;22,645;65,550;19,770;1,968;200,357;16,309;-50,000;925;92,5;;0,0;60;12,55;26,07;;15;A27210;;;;;;;;;;;;;;;;;;;;;;;;;;;;;;;;;;;;;;;;;;;;;;;;;;;;;;;;;;;;;;;;;;;;;;;;;
348559;27.05.24 07:57:00;-93,684;461,542;-3,760;94,494;20,562;1002,140;22,014;57,540;22,640;65,565;19,725;0,921;178,397;16,309;-50,000;925;92,5;;0,0;60;12,55;25,83;;15;A27210;;;;;;;;;;;;;;;;;;;;;;;;;;;;;;;;;;;;;;;;;;;;;;;;;;;;;;;;;;;;;;;;;;;;;;;;;
348560;27.05.24 07:58:00;-93,700;463,654;-2,831;95,550;20,655;1003,028;21,870;59,095;22,670;67,140;19,785;0,950;112,815;16,315;-50,000;925;92,5;;0,0;60;12,56;26,07;;15;A27210;;;;;;;;;;;;;;;;;;;;;;;;;;;;;;;;;;;;;;;;;;;;;;;;;;;;;;;;;;;;;;;;;;;;;;;;;
348561;27.05.24 07:59:00;-94,182;467,378;-3,677;96,697;20,695;1003,235;21,768;58,170;22,720;65,945;19,885;2,018;141,036;16,312;-50,000;925;92,5;;0,0;60;12,56;26,27;;15;A27210;;;;;;;;;;;;;;;;;;;;;;;;;;;;;;;;;;;;;;;;;;;;;;;;;;;;;;;;;;;;;;;;;;;;;;;;;
348562;27.05.24 08:00:00;-93,633;470,230;-4,293;96,273;20,637;1003,529;21,804;56,910;22,720;64,880;19,855;2,102;130,731;16,315;-50,000;925;92,5;;0,0;60;12,56;26,07;;15;A27210;;;;;;;;;;;;;;;;;;;;;;;;;;;;;;;;;;;;;;;;;;;;;;;;;;;;;;;;;;;;;;;;;;;;;;;;;
348563;27.05.24 08:01:00;-93,332;472,627;-3,271;96,557;20,622;1003,802;21,906;58,280;22,665;65,895;19,780;1,595;120,876;16,306;-50,000;925;92,5;;0,0;60;12,57;26,31;;15;A27210;;;;;;;;;;;;;;;;;;;;;;;;;;;;;;;;;;;;;;;;;;;;;;;;;;;;;;;;;;;;;;;;;;;;;;;;;
348564;27.05.24 08:02:00;-93,485;474,742;-1,950;97,334;20,660;1004,027;21,747;59,625;22,665;66,615;19,815;1,423;74,948;16,312;-50,000;925;92,5;;0,0;60;12,57;26,27;;15;A27210;;;;;;;;;;;;;;;;;;;;;;;;;;;;;;;;;;;;;;;;;;;;;;;;;;;;;;;;;;;;;;;;;;;;;;;;;
348565;27.05.24 08:03:00;-93,242;478,430;-1,492;98,751;20,722;1003,832;21,552;59,855;22,665;66,325;19,865;2,255;146,953;16,318;-50,000;925;92,5;;0,0;60;12,57;26,27;;15;A27210;;;;;;;;;;;;;;;;;;;;;;;;;;;;;;;;;;;;;;;;;;;;;;;;;;;;;;;;;;;;;;;;;;;;;;;;;
348566;27.05.24 08:04:00;-94,089;480,506;-1,948;98,782;20,748;1003,988;21,927;58,150;22,665;66,190;19,840;0,993;164,891;16,331;-50,000;925;92,5;;0,0;60;12,57;26,31;;15;A27210;;;;;;;;;;;;;;;;;;;;;;;;;;;;;;;;;;;;;;;;;;;;;;;;;;;;;;;;;;;;;;;;;;;;;;;;;
348567;27.05.24 08:05:00;-94,208;483,633;-2,190;99,655;20,805;1004,075;22,008;57,050;22,680;64,690;19,860;1,331;150,806;16,349;-50,000;925;92,5;;0,0;60;12,57;26,63;;15;A27210;;;;;;;;;;;;;;;;;;;;;;;;;;;;;;;;;;;;;;;;;;;;;;;;;;;;;;;;;;;;;;;;;;;;;;;;;
348568;27.05.24 08:06:00;-94,342;485,288;-2,026;99,606;20,850;1004,018;21,384;57,550;22,665;65,125;19,885;1,152;196,031;16,349;-50,000;925;92,5;;0,0;60;12,57;26,63;;15;A27210;;;;;;;;;;;;;;;;;;;;;;;;;;;;;;;;;;;;;;;;;;;;;;;;;;;;;;;;;;;;;;;;;;;;;;;;;
348569;27.05.24 08:07:00;-94,521;488,171;-1,991;100,335;20,920;1003,997;21,975;58,040;22,700;64,975;19,880;1,259;217,271;16,342;-50,000;925;92,5;;0,0;60;12,58;26,59;;15;A27210;;;;;;;;;;;;;;;;;;;;;;;;;;;;;;;;;;;;;;;;;;;;;;;;;;;;;;;;;;;;;;;;;;;;;;;;;
348570;27.05.24 08:08:00;-94,770;490,217;-2,228;100,849;20,995;1004,111;20,850;57,680;22,740;65,330;19,885;0,987;196,251;16,410;-50,000;925;92,5;;0,0;60;12,58;26,59;;15;A27210;;;;;;;;;;;;;;;;;;;;;;;;;;;;;;;;;;;;;;;;;;;;;;;;;;;;;;;;;;;;;;;;;;;;;;;;;
348571;27.05.24 08:09:00;-94,846;493,241;-3,434;101,296;21,035;1004,138;22,035;57,325;22,805;65,065;19,900;1,444;148,843;16,373;-50,000;925;92,5;;0,0;60;12,58;26,71;;15;A27210;;;;;;;;;;;;;;;;;;;;;;;;;;;;;;;;;;;;;;;;;;;;;;;;;;;;;;;;;;;;;;;;;;;;;;;;;
348572;27.05.24 08:10:00;-95,377;495,434;-2,579;101,377;21,087;1003,862;22,164;57,685;22,825;65,380;19,985;1,118;133,813;16,404;-50,000;925;92,5;;0,0;60;12,59;26,59;;15;A27210;;;;;;;;;;;;;;;;;;;;;;;;;;;;;;;;;;;;;;;;;;;;;;;;;;;;;;;;;;;;;;;;;;;;;;;;;
348573;27.05.24 08:11:00;-94,606;498,568;-3,082;102,098;21,100;1003,700;21,678;56,410;22,840;63,750;20,015;1,714;231,384;16,434;-50,000;925;92,5;;0,0;60;12,58;26,94;;15;A27210;;;;;;;;;;;;;;;;;;;;;;;;;;;;;;;;;;;;;;;;;;;;;;;;;;;;;;;;;;;;;;;;;;;;;;;;;
348574;27.05.24 08:12:00;-94,766;500,516;-3,714;102,130;21,087;1003,595;21,849;56,555;22,865;64,530;19,960;1,720;128,081;16,483;-50,000;925;92,5;;0,0;60;12,59;27,06;;15;A27210;;;;;;;;;;;;;;;;;;;;;;;;;;;;;;;;;;;;;;;;;;;;;;;;;;;;;;;;;;;;;;;;;;;;;;;;;
348575;27.05.24 08:13:00;-95,330;502,205;-4,401;102,229;21,093;1003,289;21,906;55,855;22,835;64,290;19,925;1,242;126,861;16,471;-50,000;925;92,5;;0,0;60;12,59;27,06;;15;A27210;;;;;;;;;;;;;;;;;;;;;;;;;;;;;;;;;;;;;;;;;;;;;;;;;;;;;;;;;;;;;;;;;;;;;;;;;
348576;27.05.24 08:14:00;-95,052;505,741;-2,275;103,039;21,173;1003,478;21,660;57,485;22,805;65,280;19,960;0,926;170,764;16,501;-50,000;925;92,5;;0,0;60;12,60;26,94;;15;A27210;;;;;;;;;;;;;;;;;;;;;;;;;;;;;;;;;;;;;;;;;;;;;;;;;;;;;;;;;;;;;;;;;;;;;;;;;
348577;27.05.24 08:15:00;-95,191;509,010;-0,250;104,211;21,285;1003,235;21,834;59,795;22,860;67,005;20,080;0,930;178,611;16,495;-50,000;925;92,5;;0,0;60;12,60;27,22;;15;A27210;;;;;;;;;;;;;;;;;;;;;;;;;;;;;;;;;;;;;;;;;;;;;;;;;;;;;;;;;;;;;;;;;;;;;;;;;
348578;27.05.24 08:16:00;-96,477;512,386;-1,731;105,307;21,400;1002,845;21,927;56,385;22,940;63,790;20,235;1,157;117,878;16,477;-50,000;925;92,5;;0,0;60;12,60;27,10;;15;A27210;;;;;;;;;;;;;;;;;;;;;;;;;;;;;;;;;;;;;;;;;;;;;;;;;;;;;;;;;;;;;;;;;;;;;;;;;
348579;27.05.24 08:17:00;-96,261;514,476;-0,855;105,405;21,510;1003,205;21,504;57,755;22,985;63,955;20,265;0,933;121,281;16,507;-50,000;925;92,5;;0,0;60;12,61;27,34;;15;A27210;;;;;;;;;;;;;;;;;;;;;;;;;;;;;;;;;;;;;;;;;;;;;;;;;;;;;;;;;;;;;;;;;;;;;;;;;
348580;27.05.24 08:18:00;-96,498;517,497;-0,648;106,324;21,605;1003,454;21,846;59,240;23,075;64,320;20,355;1,561;98,404;16,507;-50,000;925;92,5;;0,0;60;12,61;27,42;;15;A27210;;;;;;;;;;;;;;;;;;;;;;;;;;;;;;;;;;;;;;;;;;;;;;;;;;;;;;;;;;;;;;;;;;;;;;;;;
348581;27.05.24 08:19:00;-72,311;389,776;-0,582;79,776;-52,040;1003,424;21,708;57,995;23,160;64,350;20,425;1,400;130,489;16,510;-50,000;925;92,5;;0,0;60;12,61;27,78;;15;A27210;;;;;;;;;;;;;;;;;;;;;;;;;;;;;;;;;;;;;;;;;;;;;;;;;;;;;;;;;;;;;;;;;;;;;;;;;
348582;27.05.24 08:20:00;NaN;522,788;-1,901;106,681;21,735;1003,289;21,726;56,110;23,230;62,315;20,445;1,391;76,388;16,507;-50,000;925;92,5;;0,0;59;12,62;27,62;;15;A27210;;;;;;;;;;;;;;;;;;;;;;;;;;;;;;;;;;;;;;;;;;;;;;;;;;;;;;;;;;;;;;;;;;;;;;;;;
348583;27.05.24 08:21:00;-72,379;393,806;-1,607;80,129;-51,940;1003,118;21,972;56,230;23,255;63,875;20,455;1,076;153,174;16,507;-50,000;925;92,5;;0,0;60;12,62;27,82;;15;A27210;;;;;;;;;;;;;;;;;;;;;;;;;;;;;;;;;;;;;;;;;;;;;;;;;;;;;;;;;;;;;;;;;;;;;;;;;
348584;27.05.24 08:22:00;-97,378;527,183;-1,360;107,531;21,907;1003,622;21,399;57,195;23,325;64,250;20,565;0,930;176,659;16,514;-50,000;925;92,5;;0,0;60;12,62;27,82;;15;A27210;;;;;;;;;;;;;;;;;;;;;;;;;;;;;;;;;;;;;;;;;;;;;;;;;;;;;;;;;;;;;;;;;;;;;;;;;
348585;27.05.24 08:23:00;-97,454;530,296;-1,620;108,069;21,990;1003,643;22,251;57,215;23,390;62,725;20,620;1,254;154,564;16,514;-50,000;925;92,5;;0,0;60;12,62;28,25;;15;A27210;;;;;;;;;;;;;;;;;;;;;;;;;;;;;;;;;;;;;;;;;;;;;;;;;;;;;;;;;;;;;;;;;;;;;;;;;
348586;27.05.24 08:24:00;-97,235;533,797;-2,450;108,737;22,025;1003,352;21,015;55,250;23,485;61,780;20,660;2,059;191,700;16,516;-50,000;925;92,5;;0,0;60;12,62;27,94;;15;A27210;;;;;;;;;;;;;;;;;;;;;;;;;;;;;;;;;;;;;;;;;;;;;;;;;;;;;;;;;;;;;;;;;;;;;;;;;
348587;27.05.24 08:25:00;-97,114;536,483;-3,701;108,241;21,965;1003,319;21,375;53,675;23,505;60,735;20,615;1,743;193,551;16,550;-50,000;925;92,5;;0,0;60;12,63;27,98;;15;A27210;;;;;;;;;;;;;;;;;;;;;;;;;;;;;;;;;;;;;;;;;;;;;;;;;;;;;;;;;;;;;;;;;;;;;;;;;
348588;27.05.24 08:26:00;-96,982;537,687;-2,197;108,029;22,010;1003,520;21,960;55,930;23,480;62,375;20,545;1,050;229,438;16,556;-50,000;925;92,5;;0,0;60;12,63;28,21;;15;A27210;;;;;;;;;;;;;;;;;;;;;;;;;;;;;;;;;;;;;;;;;;;;;;;;;;;;;;;;;;;;;;;;;;;;;;;;;
348589;27.05.24 08:27:00;-97,628;540,756;-2,967;108,858;22,040;1003,754;21,900;55,000;23,520;62,575;20,585;1,579;188,741;16,581;-50,000;925;92,5;;0,0;60;12,63;28,29;;15;A27210;;;;;;;;;;;;;;;;;;;;;;;;;;;;;;;;;;;;;;;;;;;;;;;;;;;;;;;;;;;;;;;;;;;;;;;;;
348590;27.05.24 08:28:00;-97,922;543,297;-2,098;109,149;22,092;1003,832;22,083;56,410;23,530;62,610;20,585;0,998;188,100;16,590;-50,000;925;92,5;;0,0;60;12,63;28,25;;15;A27210;;;;;;;;;;;;;;;;;;;;;;;;;;;;;;;;;;;;;;;;;;;;;;;;;;;;;;;;;;;;;;;;;;;;;;;;;
348591;27.05.24 08:29:00;-98,383;546,271;-3,357;109,867;22,130;1003,847;21,774;53,950;23,570;61,635;20,580;1,536;169,487;16,590;-50,000;925;92,5;;0,0;60;12,64;28,33;;15;A27210;;;;;;;;;;;;;;;;;;;;;;;;;;;;;;;;;;;;;;;;;;;;;;;;;;;;;;;;;;;;;;;;;;;;;;;;;
348592;27.05.24 08:30:00;-98,285;549,147;-2,689;110,099;22,190;1003,778;21,633;56,610;23,585;63,165;20,590;0,798;151,487;16,599;-50,000;925;92,5;;0,0;60;12,64;28,49;;15;A27210;;;;;;;;;;;;;;;;;;;;;;;;;;;;;;;;;;;;;;;;;;;;;;;;;;;;;;;;;;;;;;;;;;;;;;;;;
348593;27.05.24 08:31:00;-98,482;552,477;-2,513;111,264;22,267;1003,709;21,819;54,930;23,615;62,570;20,695;1,407;173,031;16,596;-50,000;925;92,5;;0,0;60;12,64;28,49;;15;A27210;;;;;;;;;;;;;;;;;;;;;;;;;;;;;;;;;;;;;;;;;;;;;;;;;;;;;;;;;;;;;;;;;;;;;;;;;
348594;27.05.24 08:32:00;-98,436;555,360;-3,962;111,318;22,282;1003,664;22,191;54,335;23,600;61,600;20,670;1,855;271,080;16,605;-50,000;925;92,5;;0,0;60;12,64;28,57;;15;A27210;;;;;;;;;;;;;;;;;;;;;;;;;;;;;;;;;;;;;;;;;;;;;;;;;;;;;;;;;;;;;;;;;;;;;;;;;
348595;27.05.24 08:33:00;-98,527;557,750;-2,883;111,153;22,257;1003,646;21,825;53,990;23,585;61,520;20,625;1,239;204,306;16,605;-50,000;925;92,5;;0,0;60;12,65;28,53;;15;A27210;;;;;;;;;;;;;;;;;;;;;;;;;;;;;;;;;;;;;;;;;;;;;;;;;;;;;;;;;;;;;;;;;;;;;;;;;
348596;27.05.24 08:34:00;-98,018;560,322;-1,847;111,480;22,260;1003,634;21,690;54,360;23,590;61,060;20,560;1,357;212,237;16,605;-50,000;925;92,5;;0,0;60;12,65;28,69;;15;A27210;;;;;;;;;;;;;;;;;;;;;;;;;;;;;;;;;;;;;;;;;;;;;;;;;;;;;;;;;;;;;;;;;;;;;;;;;
348597;27.05.24 08:35:00;-97,808;561,324;-0,461;111,992;22,355;1003,682;21,981;57,025;23,615;64,075;20,570;0,929;170,651;16,605;-50,000;925;92,5;;0,0;60;12,65;28,97;;15;A27210;;;;;;;;;;;;;;;;;;;;;;;;;;;;;;;;;;;;;;;;;;;;;;;;;;;;;;;;;;;;;;;;;;;;;;;;;
348598;27.05.24 08:36:00;-98,088;558,778;-0,099;109,828;22,470;1003,682;21,405;55,935;23,685;62,850;20,710;1,521;212,079;16,605;-50,000;925;92,5;;0,0;60;12,65;28,77;;15;A27210;;;;;;;;;;;;;;;;;;;;;;;;;;;;;;;;;;;;;;;;;;;;;;;;;;;;;;;;;;;;;;;;;;;;;;;;;
348599;27.05.24 08:37:00;-98,101;563,993;-2,233;103,628;22,515;1003,622;21,324;54,375;23,775;61,750;20,795;1,684;183,679;16,608;-50,000;925;92,5;;0,0;60;12,66;28,85;;15;A27210;;;;;;;;;;;;;;;;;;;;;;;;;;;;;;;;;;;;;;;;;;;;;;;;;;;;;;;;;;;;;;;;;;;;;;;;;
348600;27.05.24 08:38:00;-99,166;570,127;-3,516;113,590;22,532;1003,640;21,645;54,040;23,810;61,735;20,870;1,106;127,305;16,621;-50,000;925;92,5;;0,0;60;12,66;29,17;;15;A27210;;;;;;;;;;;;;;;;;;;;;;;;;;;;;;;;;;;;;;;;;;;;;;;;;;;;;;;;;;;;;;;;;;;;;;;;;
348601;27.05.24 08:39:00;-99,651;573,475;-2,189;114,808;22,650;1003,673;22,338;55,245;23,830;62,310;20,970;1,001;160,487;16,620;-50,000;925;92,5;;0,0;60;12,66;29,29;;15;A27210;;;;;;;;;;;;;;;;;;;;;;;;;;;;;;;;;;;;;;;;;;;;;;;;;;;;;;;;;;;;;;;;;;;;;;;;;
348602;27.05.24 08:40:00;-100,315;576,866;-1,805;115,743;22,762;1003,661;21,318;54,425;23,885;60,975;21,085;1,093;156,336;16,645;-50,000;925;92,5;;0,0;60;12,66;28,89;;15;A27210;;;;;;;;;;;;;;;;;;;;;;;;;;;;;;;;;;;;;;;;;;;;;;;;;;;;;;;;;;;;;;;;;;;;;;;;;
348603;27.05.24 08:41:00;-101,196;579,632;-2,080;116,042;22,855;1003,625;21,072;54,085;23,945;60,185;21,175;1,255;139,179;16,666;-50,000;925;92,5;;0,0;60;12,66;29,25;;15;A27210;;;;;;;;;;;;;;;;;;;;;;;;;;;;;;;;;;;;;;;;;;;;;;;;;;;;;;;;;;;;;;;;;;;;;;;;;
348604;27.05.24 08:42:00;-101,763;581,561;-2,880;115,995;22,927;1003,604;21,531;53,430;24,005;59,070;21,210;1,155;138,774;16,679;-50,000;925;92,5;;0,0;60;12,67;29,25;;15;A27210;;;;;;;;;;;;;;;;;;;;;;;;;;;;;;;;;;;;;;;;;;;;;;;;;;;;;;;;;;;;;;;;;;;;;;;;;
348605;27.05.24 08:43:00;-100,477;584,574;-2,584;116,177;22,990;1003,565;21,150;52,925;24,015;59,670;21,185;1,388;141,654;16,700;-50,000;925;92,5;;0,0;60;12,68;29,40;;15;A27210;;;;;;;;;;;;;;;;;;;;;;;;;;;;;;;;;;;;;;;;;;;;;;;;;;;;;;;;;;;;;;;;;;;;;;;;;
348606;27.05.24 08:44:00;-101,076;587,470;-2,116;116,487;23,033;1003,580;22,026;54,765;24,035;59,630;21,265;1,386;93,758;16,703;-50,000;925;92,5;;0,0;60;12,69;29,44;;15;A27210;;;;;;;;;;;;;;;;;;;;;;;;;;;;;;;;;;;;;;;;;;;;;;;;;;;;;;;;;;;;;;;;;;;;;;;;;
348607;27.05.24 08:45:00;-101,572;589,260;-1,312;116,661;23,080;1003,616;21,879;55,310;24,055;58,805;21,280;1,870;114,519;16,706;-50,000;925;92,5;;0,0;60;12,69;29,68;;15;A27210;;;;;;;;;;;;;;;;;;;;;;;;;;;;;;;;;;;;;;;;;;;;;;;;;;;;;;;;;;;;;;;;;;;;;;;;;
348608;27.05.24 08:46:00;-100,746;591,853;-2,173;116,672;23,077;1003,634;22,302;53,420;24,085;59,315;21,230;1,208;148,590;16,703;-50,000;925;92,5;;0,0;60;12,69;29,64;;15;A27210;;;;;;;;;;;;;;;;;;;;;;;;;;;;;;;;;;;;;;;;;;;;;;;;;;;;;;;;;;;;;;;;;;;;;;;;;
348609;27.05.24 08:47:00;-101,036;595,298;-0,927;117,607;23,150;1003,550;21,810;54,275;24,110;60,665;21,220;1,154;176,856;16,706;-50,000;925;92,5;;0,0;60;12,69;29,60;;15;A27210;;;;;;;;;;;;;;;;;;;;;;;;;;;;;;;;;;;;;;;;;;;;;;;;;;;;;;;;;;;;;;;;;;;;;;;;;
348610;27.05.24 08:48:00;-102,148;599,872;-1,313;118,400;23,230;1003,553;21,711;53,000;24,140;59,965;21,280;0,895;121,421;16,715;-50,000;925;92,5;;0,0;60;12,70;29,76;;15;A27210;;;;;;;;;;;;;;;;;;;;;;;;;;;;;;;;;;;;;;;;;;;;;;;;;;;;;;;;;;;;;;;;;;;;;;;;;
348611;27.05.24 08:49:00;-102,316;602,488;-2,453;119,048;23,292;1003,535;21,594;52,435;24,125;58,800;21,305;1,259;219,645;16,721;-50,000;925;92,5;;0,0;60;12,70;29,96;;15;A27210;;;;;;;;;;;;;;;;;;;;;;;;;;;;;;;;;;;;;;;;;;;;;;;;;;;;;;;;;;;;;;;;;;;;;;;;;
348612;27.05.24 08:50:00;-103,271;604,658;-2,945;119,011;23,345;1003,535;22,611;51,750;24,180;58,235;21,300;1,242;163,423;16,733;-50,000;925;92,5;;0,0;60;12,70;30,16;;15;A27210;;;;;;;;;;;;;;;;;;;;;;;;;;;;;;;;;;;;;;;;;;;;;;;;;;;;;;;;;;;;;;;;;;;;;;;;;
348613;27.05.24 08:51:00;-102,872;607,106;-2,368;119,158;23,405;1003,541;21,831;51,990;24,190;57,775;21,330;1,579;152,218;16,736;-50,000;925;92,5;;0,0;60;12,71;30,16;;15;A27210;;;;;;;;;;;;;;;;;;;;;;;;;;;;;;;;;;;;;;;;;;;;;;;;;;;;;;;;;;;;;;;;;;;;;;;;;
348614;27.05.24 08:52:00;-102,988;609,927;-4,510;119,475;23,405;1003,532;22,722;49,830;24,185;56,170;21,310;1,669;187,419;16,755;-50,000;925;92,5;;0,0;60;12,71;30,20;;15;A27210;;;;;;;;;;;;;;;;;;;;;;;;;;;;;;;;;;;;;;;;;;;;;;;;;;;;;;;;;;;;;;;;;;;;;;;;;
348615;27.05.24 08:53:00;-102,423;612,974;-2,929;119,559;23,395;1003,538;21,705;50,690;24,130;56,360;21,245;1,412;197,573;16,773;-50,000;925;92,5;;0,0;60;12,68;30,28;;15;A27210;;;;;;;;;;;;;;;;;;;;;;;;;;;;;;;;;;;;;;;;;;;;;;;;;;;;;;;;;;;;;;;;;;;;;;;;;
348616;27.05.24 08:54:00;-102,327;615,284;-2,966;119,961;23,388;1003,541;22,095;51,020;24,120;56,655;21,230;1,338;205,071;16,785;-50,000;925;92,5;;0,0;60;12,71;30,32;;15;A27210;;;;;;;;;;;;;;;;;;;;;;;;;;;;;;;;;;;;;;;;;;;;;;;;;;;;;;;;;;;;;;;;;;;;;;;;;
348617;27.05.24 08:55:00;-102,938;618,530;-2,495;120,604;23,410;1003,571;21,291;51,335;24,130;56,935;21,265;1,266;184,669;16,797;-50,000;925;92,5;;0,0;60;12,72;30,36;;15;A27210;;;;;;;;;;;;;;;;;;;;;;;;;;;;;;;;;;;;;;;;;;;;;;;;;;;;;;;;;;;;;;;;;;;;;;;;;
348618;27.05.24 08:56:00;-103,293;620,254;-1,550;121,134;23,500;1003,592;21,900;51,575;24,150;56,595;21,325;1,171;171,276;16,797;-50,000;925;92,5;;0,0;60;12,73;30,48;;15;A27210;;;;;;;;;;;;;;;;;;;;;;;;;;;;;;;;;;;;;;;;;;;;;;;;;;;;;;;;;;;;;;;;;;;;;;;;;
348619;27.05.24 08:57:00;-103,881;622,302;-3,477;121,916;23,587;1003,535;21,672;49,235;24,195;54,905;21,360;1,359;205,858;16,803;-50,000;925;92,5;;0,0;60;12,73;30,48;;15;A27210;;;;;;;;;;;;;;;;;;;;;;;;;;;;;;;;;;;;;;;;;;;;;;;;;;;;;;;;;;;;;;;;;;;;;;;;;
348620;27.05.24 08:58:00;-103,200;623,458;-3,845;121,942;23,600;1003,496;21,513;49,520;24,240;55,305;21,365;1,985;202,404;16,806;-50,000;925;92,5;;0,0;60;12,73;30,56;;15;A27210;;;;;;;;;;;;;;;;;;;;;;;;;;;;;;;;;;;;;;;;;;;;;;;;;;;;;;;;;;;;;;;;;;;;;;;;;
348621;27.05.24 08:59:00;-103,118;628,766;-3,190;122,499;23,530;1003,442;21,492;49,035;24,250;55,020;21,335;1,969;195,362;16,803;-50,000;925;92,5;;0,0;60;12,74;30,67;;15;A27210;;;;;;;;;;;;;;;;;;;;;;;;;;;;;;;;;;;;;;;;;;;;;;;;;;;;;;;;;;;;;;;;;;;;;;;;;
348622;27.05.24 09:00:00;-102,821;630,582;-3,285;122,446;23,515;1003,430;22,242;48,345;24,220;55,190;21,280;1,410;155,644;16,813;-50,000;925;92,5;;0,0;60;12,74;30,71;;15;A27210;;;;;;;;;;;;;;;;;;;;;;;;;;;;;;;;;;;;;;;;;;;;;;;;;;;;;;;;;;;;;;;;;;;;;;;;;
348623;27.05.24 09:01:00;-102,915;632,517;-2,103;122,940;23,565;1003,454;21,531;49,870;24,190;56,185;21,260;1,355;197,668;16,837;-50,000;925;92,5;;0,0;60;12,74;30,91;;15;A27210;;;;;;;;;;;;;;;;;;;;;;;;;;;;;;;;;;;;;;;;;;;;;;;;;;;;;;;;;;;;;;;;;;;;;;;;;
348624;27.05.24 09:02:00;-102,668;635,490;-2,155;124,051;23,567;1003,376;21,969;49,495;24,205;55,330;21,280;2,659;196,043;16,843;-50,000;925;92,5;;0,0;60;12,75;30,52;;15;A27210;;;;;;;;;;;;;;;;;;;;;;;;;;;;;;;;;;;;;;;;;;;;;;;;;;;;;;;;;;;;;;;;;;;;;;;;;
348625;27.05.24 09:03:00;-102,282;636,791;-2,360;123,450;23,478;1003,328;21,468;48,900;24,165;54,975;21,230;1,521;181,980;16,877;-50,000;925;92,5;;0,0;60;12,75;30,75;;15;A27210;;;;;;;;;;;;;;;;;;;;;;;;;;;;;;;;;;;;;;;;;;;;;;;;;;;;;;;;;;;;;;;;;;;;;;;;;
348626;27.05.24 09:04:00;-102,960;639,253;-2,270;124,164;23,487;1003,349;22,335;48,975;24,145;54,945;21,180;1,343;122,288;16,880;-50,000;925;92,5;;0,0;60;12,76;30,87;;15;A27210;;;;;;;;;;;;;;;;;;;;;;;;;;;;;;;;;;;;;;;;;;;;;;;;;;;;;;;;;;;;;;;;;;;;;;;;;
348627;27.05.24 09:05:00;-102,535;641,286;-0,973;124,643;23,558;1003,370;22,236;49,835;24,105;55,800;21,200;1,155;147,504;16,892;-50,000;925;92,5;;0,0;60;12,77;30,87;;15;A27210;;;;;;;;;;;;;;;;;;;;;;;;;;;;;;;;;;;;;;;;;;;;;;;;;;;;;;;;;;;;;;;;;;;;;;;;;
348628;27.05.24 09:06:00;-103,238;643,354;-1,794;124,859;23,600;1003,343;22,173;50,095;24,120;56,300;21,245;1,366;192,094;16,871;-50,000;925;92,5;;0,0;60;12,77;31,03;;15;A27210;;;;;;;;;;;;;;;;;;;;;;;;;;;;;;;;;;;;;;;;;;;;;;;;;;;;;;;;;;;;;;;;;;;;;;;;;
348629;27.05.24 09:07:00;-102,367;645,190;-1,740;125,009;23,603;1003,325;22,041;50,045;24,120;56,670;21,255;1,405;173,948;16,877;-50,000;925;92,5;;0,0;60;12,77;30,95;;15;A27210;;;;;;;;;;;;;;;;;;;;;;;;;;;;;;;;;;;;;;;;;;;;;;;;;;;;;;;;;;;;;;;;;;;;;;;;;
348630;27.05.24 09:08:00;-102,083;647,414;1,031;125,592;23,730;1003,376;21,453;54,350;24,115;59,285;21,315;1,025;242,286;16,898;-50,000;925;92,5;;0,0;60;12,77;31,19;;15;A27210;;;;;;;;;;;;;;;;;;;;;;;;;;;;;;;;;;;;;;;;;;;;;;;;;;;;;;;;;;;;;;;;;;;;;;;;;
348631;27.05.24 09:09:00;-103,236;650,471;0,161;126,621;23,772;1003,325;21,981;52,330;24,225;56,635;21,485;1,671;110,610;16,901;-50,000;925;92,5;;0,0;60;12,78;31,39;;15;A27210;;;;;;;;;;;;;;;;;;;;;;;;;;;;;;;;;;;;;;;;;;;;;;;;;;;;;;;;;;;;;;;;;;;;;;;;;
348632;27.05.24 09:10:00;-103,727;650,325;0,921;126,062;23,853;1003,340;22,029;54,330;24,260;59,615;21,535;0,697;251,753;16,916;-50,000;925;92,5;;0,0;60;12,78;31,43;;15;A27210;;;;;;;;;;;;;;;;;;;;;;;;;;;;;;;;;;;;;;;;;;;;;;;;;;;;;;;;;;;;;;;;;;;;;;;;;
348633;27.05.24 09:11:00;-103,912;652,288;-0,158;126,971;23,950;1003,307;21,861;50,855;24,375;56,320;21,650;1,095;146,571;16,907;-50,000;925;92,5;;0,0;60;12,79;30,95;;15;A27210;;;;;;;;;;;;;;;;;;;;;;;;;;;;;;;;;;;;;;;;;;;;;;;;;;;;;;;;;;;;;;;;;;;;;;;;;
348634;27.05.24 09:12:00;-104,995;653,718;0,046;127,004;24,048;1003,286;22,845;50,645;24,445;55,610;21,670;1,295;64,215;16,944;-50,000;925;92,5;;0,0;60;12,80;31,27;;15;A27210;;;;;;;;;;;;;;;;;;;;;;;;;;;;;;;;;;;;;;;;;;;;;;;;;;;;;;;;;;;;;;;;;;;;;;;;;
348635;27.05.24 09:13:00;-104,905;656,990;0,326;127,598;24,157;1003,274;22,020;51,850;24,470;57,045;21,665;1,339;134,010;16,947;-50,000;925;92,5;;0,0;60;12,80;31,43;;15;A27210;;;;;;;;;;;;;;;;;;;;;;;;;;;;;;;;;;;;;;;;;;;;;;;;;;;;;;;;;;;;;;;;;;;;;;;;;
348636;27.05.24 09:14:00;-105,224;659,093;-0,178;127,941;24,245;1003,208;23,349;50,585;24,525;56,930;21,690;1,148;180,793;16,969;-50,000;925;92,5;;0,0;60;12,80;31,67;;15;A27210;;;;;;;;;;;;;;;;;;;;;;;;;;;;;;;;;;;;;;;;;;;;;;;;;;;;;;;;;;;;;;;;;;;;;;;;;
348637;27.05.24 09:15:00;-105,419;663,484;-0,833;128,922;24,323;1003,145;21,549;50,840;24,595;56,085;21,795;1,850;116,814;16,978;-50,000;925;92,5;;0,0;60;12,81;31,67;;15;A27210;;;;;;;;;;;;;;;;;;;;;;;;;;;;;;;;;;;;;;;;;;;;;;;;;;;;;;;;;;;;;;;;;;;;;;;;;
348638;27.05.24 09:16:00;-106,571;668,579;-2,778;129,518;24,365;1003,133;22,149;47,560;24,610;53,090;21,875;1,470;139,843;16,996;-50,000;925;92,5;;0,0;60;12,81;31,75;;15;A27210;;;;;;;;;;;;;;;;;;;;;;;;;;;;;;;;;;;;;;;;;;;;;;;;;;;;;;;;;;;;;;;;;;;;;;;;;
348639;27.05.24 09:17:00;-106,574;671,443;-3,145;129,389;24,358;1003,118;22,206;47,675;24,620;52,410;21,855;1,958;185,501;16,990;-50,000;925;92,5;;0,0;60;12,81;31,71;;15;A27210;;;;;;;;;;;;;;;;;;;;;;;;;;;;;;;;;;;;;;;;;;;;;;;;;;;;;;;;;;;;;;;;;;;;;;;;;
348640;27.05.24 09:18:00;-106,745;673,570;-3,157;129,147;24,262;1003,085;22,386;47,385;24,585;51,770;21,795;2,152;207,591;16,999;-50,000;925;92,5;;0,0;60;12,81;31,87;;15;A27210;;;;;;;;;;;;;;;;;;;;;;;;;;;;;;;;;;;;;;;;;;;;;;;;;;;;;;;;;;;;;;;;;;;;;;;;;
348641;27.05.24 09:19:00;-107,011;674,779;-2,536;128,305;24,255;1003,154;22,119;46,255;24,535;51,310;21,705;1,100;153,546;17,002;-50,000;925;92,5;;0,0;60;12,82;31,94;;15;A27210;;;;;;;;;;;;;;;;;;;;;;;;;;;;;;;;;;;;;;;;;;;;;;;;;;;;;;;;;;;;;;;;;;;;;;;;;
348642;27.05.24 09:20:00;-106,514;676,552;-1,220;128,410;24,333;1003,220;22,239;48,435;24,525;53,910;21,690;1,151;199,485;16,996;-50,000;925;92,5;;0,0;60;12,82;31,98;;15;A27210;;;;;;;;;;;;;;;;;;;;;;;;;;;;;;;;;;;;;;;;;;;;;;;;;;;;;;;;;;;;;;;;;;;;;;;;;
348643;27.05.24 09:21:00;-106,355;679,704;-1,041;129,230;24,415;1003,208;21,897;48,255;24,565;53,610;21,760;1,373;211,866;17,005;-50,000;925;92,5;;0,0;60;12,82;32,14;;15;A27210;;;;;;;;;;;;;;;;;;;;;;;;;;;;;;;;;;;;;;;;;;;;;;;;;;;;;;;;;;;;;;;;;;;;;;;;;
348644;27.05.24 09:22:00;-105,894;682,782;-0,434;129,663;24,435;1003,145;21,975;47,825;24,600;52,605;21,835;2,307;224,319;17,029;-50,000;925;92,5;;0,0;60;12,82;32,14;;15;A27210;;;;;;;;;;;;;;;;;;;;;;;;;;;;;;;;;;;;;;;;;;;;;;;;;;;;;;;;;;;;;;;;;;;;;;;;;
348645;27.05.24 09:23:00;-106,299;684,787;-1,077;129,033;24,340;1003,151;21,327;46,980;24,640;51,625;21,860;2,002;197,100;17,038;-50,000;925;92,5;;0,0;60;12,83;31,94;;15;A27210;;;;;;;;;;;;;;;;;;;;;;;;;;;;;;;;;;;;;;;;;;;;;;;;;;;;;;;;;;;;;;;;;;;;;;;;;
348646;27.05.24 09:24:00;-106,115;685,669;-0,719;129,599;24,342;1003,217;22,206;46,955;24,635;52,335;21,835;1,320;164,273;17,066;-50,000;925;92,5;;0,0;60;12,83;32,10;;15;A27210;;;;;;;;;;;;;;;;;;;;;;;;;;;;;;;;;;;;;;;;;;;;;;;;;;;;;;;;;;;;;;;;;;;;;;;;;
348647;27.05.24 09:25:00;-106,124;688,377;0,148;131,358;24,425;1003,247;22,035;47,920;24,695;52,800;21,845;1,342;177,098;17,087;-50,000;925;92,5;;0,0;60;12,84;32,22;;15;A27210;;;;;;;;;;;;;;;;;;;;;;;;;;;;;;;;;;;;;;;;;;;;;;;;;;;;;;;;;;;;;;;;;;;;;;;;;
348648;27.05.24 09:26:00;-107,004;692,800;0,044;132,392;24,500;1003,241;20,952;46,790;24,745;51,845;21,925;1,139;177,272;17,084;-50,000;925;92,5;;0,0;60;12,84;32,34;;15;A27210;;;;;;;;;;;;;;;;;;;;;;;;;;;;;;;;;;;;;;;;;;;;;;;;;;;;;;;;;;;;;;;;;;;;;;;;;
348649;27.05.24 09:27:00;-106,721;695,284;0,386;133,013;24,560;1003,250;22,386;47,800;24,800;51,465;22,025;1,897;171,692;17,096;-50,000;925;92,5;;0,0;60;12,85;32,30;;15;A27210;;;;;;;;;;;;;;;;;;;;;;;;;;;;;;;;;;;;;;;;;;;;;;;;;;;;;;;;;;;;;;;;;;;;;;;;;
348650;27.05.24 09:28:00;-106,244;697,304;0,436;133,063;24,565;1003,211;21,792;47,170;24,865;50,590;22,120;2,184;116,803;17,100;-50,000;925;92,5;;0,0;60;12,85;32,46;;15;A27210;;;;;;;;;;;;;;;;;;;;;;;;;;;;;;;;;;;;;;;;;;;;;;;;;;;;;;;;;;;;;;;;;;;;;;;;;
348651;27.05.24 09:29:00;-106,024;699,886;0,957;133,244;24,567;1003,205;22,230;46,835;24,890;50,650;22,115;1,637;159,778;17,105;-50,000;925;92,5;;0,0;60;12,85;32,70;;15;A27210;;;;;;;;;;;;;;;;;;;;;;;;;;;;;;;;;;;;;;;;;;;;;;;;;;;;;;;;;;;;;;;;;;;;;;;;;
348652;27.05.24 09:30:00;-106,280;703,138;-0,006;131,320;24,625;1003,235;21,846;44,440;24,890;49,085;22,105;1,004;148,635;17,099;-50,000;925;92,5;;0,0;60;12,86;32,58;;15;A27210;;;;;;;;;;;;;;;;;;;;;;;;;;;;;;;;;;;;;;;;;;;;;;;;;;;;;;;;;;;;;;;;;;;;;;;;;
348653;27.05.24 09:31:00;-106,105;706,209;-0,078;132,904;24,710;1003,241;22,050;44,610;24,905;49,665;22,190;1,700;164,897;17,118;-50,000;925;92,5;;0,0;60;12,87;32,70;;15;A27210;;;;;;;;;;;;;;;;;;;;;;;;;;;;;;;;;;;;;;;;;;;;;;;;;;;;;;;;;;;;;;;;;;;;;;;;;
348654;27.05.24 09:32:00;-106,311;706,247;-0,021;132,175;24,743;1003,253;22,275;46,370;24,910;50,410;22,210;0,933;238,292;17,154;-50,000;925;92,5;;0,0;60;12,86;32,74;;15;A27210;;;;;;;;;;;;;;;;;;;;;;;;;;;;;;;;;;;;;;;;;;;;;;;;;;;;;;;;;;;;;;;;;;;;;;;;;
348655;27.05.24 09:33:00;-106,277;708,764;0,893;132,711;24,858;1003,259;22,077;46,865;24,930;50,400;22,345;1,729;138,656;17,161;-50,000;925;92,5;;0,0;60;12,88;32,74;;15;A27210;;;;;;;;;;;;;;;;;;;;;;;;;;;;;;;;;;;;;;;;;;;;;;;;;;;;;;;;;;;;;;;;;;;;;;;;;
348656;27.05.24 09:34:00;-106,771;709,776;-1,671;132,966;24,860;1003,247;21,840;44,805;24,930;49,685;22,410;1,431;201,566;17,167;-50,000;925;92,5;;0,0;60;12,88;32,78;;15;A27210;;;;;;;;;;;;;;;;;;;;;;;;;;;;;;;;;;;;;;;;;;;;;;;;;;;;;;;;;;;;;;;;;;;;;;;;;
348657;27.05.24 09:35:00;-107,627;711,772;-0,890;134,876;24,895;1003,271;22,806;45,645;24,930;49,405;22,435;1,813;215,010;17,191;-50,000;925;92,5;;0,0;60;12,88;32,86;;15;A27210;;;;;;;;;;;;;;;;;;;;;;;;;;;;;;;;;;;;;;;;;;;;;;;;;;;;;;;;;;;;;;;;;;;;;;;;;
348658;27.05.24 09:36:00;-108,079;715,502;-2,126;135,514;24,885;1003,289;21,783;44,415;24,925;48,185;22,470;1,945;171,540;17,182;-50,000;925;92,5;;0,0;60;12,89;33,17;;15;A27210;;;;;;;;;;;;;;;;;;;;;;;;;;;;;;;;;;;;;;;;;;;;;;;;;;;;;;;;;;;;;;;;;;;;;;;;;
348659;27.05.24 09:37:00;-107,756;720,195;-1,893;135,028;24,852;1003,409;21,786;43,000;24,890;46,700;22,405;1,530;211,224;17,191;-50,000;925;92,5;;0,0;60;12,90;32,90;;15;A27210;;;;;;;;;;;;;;;;;;;;;;;;;;;;;;;;;;;;;;;;;;;;;;;;;;;;;;;;;;;;;;;;;;;;;;;;;
348660;27.05.24 09:38:00;-106,813;721,888;-1,289;136,294;24,820;1003,517;22,065;43,045;24,860;46,715;22,355;1,286;151,110;17,200;-50,000;925;92,5;;0,0;60;12,91;32,86;;15;A27210;;;;;;;;;;;;;;;;;;;;;;;;;;;;;;;;;;;;;;;;;;;;;;;;;;;;;;;;;;;;;;;;;;;;;;;;;
348661;27.05.24 09:39:00;-107,244;723,697;0,537;137,000;24,907;1003,658;21,786;45,325;24,860;48,695;22,405;0,867;169,774;17,215;-50,000;925;92,5;;0,0;60;12,92;32,86;;15;A27210;;;;;;;;;;;;;;;;;;;;;;;;;;;;;;;;;;;;;;;;;;;;;;;;;;;;;;;;;;;;;;;;;;;;;;;;;
348662;27.05.24 09:40:00;-107,642;726,390;1,041;138,255;25,070;1003,712;22,032;45,225;24,920;49,155;22,500;1,290;204,728;17,240;-50,000;925;92,5;;0,0;60;12,92;33,17;;15;A27210;;;;;;;;;;;;;;;;;;;;;;;;;;;;;;;;;;;;;;;;;;;;;;;;;;;;;;;;;;;;;;;;;;;;;;;;;
348663;27.05.24 09:41:00;-108,026;729,093;0,345;138,816;25,142;1003,679;22,056;45,050;25,020;47,960;22,600;1,669;153,309;17,255;-50,000;925;92,5;;0,0;60;12,92;33,17;;15;A27210;;;;;;;;;;;;;;;;;;;;;;;;;;;;;;;;;;;;;;;;;;;;;;;;;;;;;;;;;;;;;;;;;;;;;;;;;
348664;27.05.24 09:42:00;-107,627;731,751;-0,147;138,759;25,150;1003,607;22,794;44,065;25,040;47,240;22,585;1,724;216,152;17,274;-50,000;925;92,5;;0,0;60;12,92;33,25;;15;A27210;;;;;;;;;;;;;;;;;;;;;;;;;;;;;;;;;;;;;;;;;;;;;;;;;;;;;;;;;;;;;;;;;;;;;;;;;
348665;27.05.24 09:43:00;-107,418;736,206;1,130;138,529;25,162;1003,670;22,224;45,390;25,100;48,455;22,635;1,709;202,230;17,274;-50,000;925;92,5;;0,0;60;12,94;33,10;;15;A27210;;;;;;;;;;;;;;;;;;;;;;;;;;;;;;;;;;;;;;;;;;;;;;;;;;;;;;;;;;;;;;;;;;;;;;;;;
348666;27.05.24 09:44:00;-90,375;704,913;6,324;132,437;25,230;1003,640;21,834;44,905;25,130;48,810;22,695;1,941;189,253;17,286;-50,000;925;92,5;;0,0;60;12,94;33,45;;15;A27210;;;;;;;;;;;;;;;;;;;;;;;;;;;;;;;;;;;;;;;;;;;;;;;;;;;;;;;;;;;;;;;;;;;;;;;;;
348667;27.05.24 09:45:00;-102,917;722,556;6,698;131,841;25,227;1003,625;21,834;45,365;25,160;48,925;22,725;1,651;218,132;17,292;-50,000;925;92,5;;0,0;60;12,94;33,45;;15;A27210;;;;;;;;;;;;;;;;;;;;;;;;;;;;;;;;;;;;;;;;;;;;;;;;;;;;;;;;;;;;;;;;;;;;;;;;;
348668;27.05.24 09:46:00;-104,555;727,437;-2,152;136,934;25,208;1003,559;22,116;43,335;25,150;46,840;22,735;2,941;200,104;17,295;-50,000;925;92,5;;0,0;60;12,95;33,49;;15;A27210;;;;;;;;;;;;;;;;;;;;;;;;;;;;;;;;;;;;;;;;;;;;;;;;;;;;;;;;;;;;;;;;;;;;;;;;;
348669;27.05.24 09:47:00;-106,628;730,134;-1,835;141,330;25,120;1003,565;21,858;44,040;25,105;47,110;22,615;1,740;225,253;17,304;-50,000;925;92,5;;0,0;60;12,95;33,49;;15;A27210;;;;;;;;;;;;;;;;;;;;;;;;;;;;;;;;;;;;;;;;;;;;;;;;;;;;;;;;;;;;;;;;;;;;;;;;;
348670;27.05.24 09:48:00;-106,103;731,421;-0,853;141,808;25,142;1003,550;22,596;43,340;25,090;47,880;22,550;1,515;145,839;17,328;-50,000;925;92,5;;0,0;60;12,96;33,69;;15;A27210;;;;;;;;;;;;;;;;;;;;;;;;;;;;;;;;;;;;;;;;;;;;;;;;;;;;;;;;;;;;;;;;;;;;;;;;;
348671;27.05.24 09:49:00;-106,079;733,598;2,282;142,682;25,233;1003,583;22,188;47,325;25,105;50,090;22,595;1,325;216,726;17,359;-50,000;925;92,5;;0,0;60;12,96;33,73;;15;A27210;;;;;;;;;;;;;;;;;;;;;;;;;;;;;;;;;;;;;;;;;;;;;;;;;;;;;;;;;;;;;;;;;;;;;;;;;
348672;27.05.24 09:50:00;-106,903;736,829;2,615;143,833;25,332;1003,679;22,251;47,175;25,180;49,805;22,715;1,120;197,235;17,347;-50,000;925;92,5;;0,0;60;12,97;33,65;;15;A27210;;;;;;;;;;;;;;;;;;;;;;;;;;;;;;;;;;;;;;;;;;;;;;;;;;;;;;;;;;;;;;;;;;;;;;;;;
348673;27.05.24 09:51:00;-107,690;741,312;2,203;145,058;25,460;1003,688;22,566;45,740;25,295;48,695;22,850;1,679;178,976;17,374;-50,000;925;92,5;;0,0;60;12,98;33,45;;15;A27210;;;;;;;;;;;;;;;;;;;;;;;;;;;;;;;;;;;;;;;;;;;;;;;;;;;;;;;;;;;;;;;;;;;;;;;;;
348674;27.05.24 09:52:00;-108,329;744,621;-0,382;145,354;25,485;1003,652;21,816;43,620;25,325;47,350;22,900;2,316;177,368;17,386;-50,000;925;92,5;;0,0;60;12,99;33,73;;15;A27210;;;;;;;;;;;;;;;;;;;;;;;;;;;;;;;;;;;;;;;;;;;;;;;;;;;;;;;;;;;;;;;;;;;;;;;;;
348675;27.05.24 09:53:00;-108,143;744,781;-0,110;144,085;25,435;1003,673;21,885;44,215;25,345;47,705;22,850;1,443;155,284;17,396;-50,000;925;92,5;;0,0;60;13,00;33,93;;15;A27210;;;;;;;;;;;;;;;;;;;;;;;;;;;;;;;;;;;;;;;;;;;;;;;;;;;;;;;;;;;;;;;;;;;;;;;;;
348676;27.05.24 09:54:00;-107,142;748,898;2,272;144,809;25,460;1003,697;22,440;46,185;25,340;47,950;22,805;1,561;171,771;17,396;-50,000;925;92,5;;0,0;60;13,00;33,85;;15;A27210;;;;;;;;;;;;;;;;;;;;;;;;;;;;;;;;;;;;;;;;;;;;;;;;;;;;;;;;;;;;;;;;;;;;;;;;;
348677;27.05.24 09:55:00;-107,894;754,055;3,011;146,395;25,548;1003,775;22,215;46,035;25,400;49,060;22,865;1,533;108,208;17,435;-50,000;925;92,5;;0,0;60;13,01;34,13;;15;A27210;;;;;;;;;;;;;;;;;;;;;;;;;;;;;;;;;;;;;;;;;;;;;;;;;;;;;;;;;;;;;;;;;;;;;;;;;
348678;27.05.24 09:56:00;-107,345;761,608;1,154;147,629;25,568;1003,739;22,545;44,125;25,430;47,495;22,905;1,491;139,337;17,441;-50,000;925;92,5;;0,0;60;13,02;33,89;;15;A27210;;;;;;;;;;;;;;;;;;;;;;;;;;;;;;;;;;;;;;;;;;;;;;;;;;;;;;;;;;;;;;;;;;;;;;;;;
348679;27.05.24 09:57:00;-106,936;767,982;2,650;144,312;25,655;1003,793;21,798;45,505;25,460;47,690;22,925;1,458;202,444;17,475;-50,000;925;92,5;;0,0;60;13,02;34,01;;15;A27210;;;;;;;;;;;;;;;;;;;;;;;;;;;;;;;;;;;;;;;;;;;;;;;;;;;;;;;;;;;;;;;;;;;;;;;;;
348680;27.05.24 09:58:00;-107,346;774,538;1,300;146,130;25,725;1003,754;22,110;44,290;25,510;47,350;22,915;2,054;246,651;17,472;-50,000;925;92,5;;0,0;60;13,03;33,97;;15;A27210;;;;;;;;;;;;;;;;;;;;;;;;;;;;;;;;;;;;;;;;;;;;;;;;;;;;;;;;;;;;;;;;;;;;;;;;;
348681;27.05.24 09:59:00;-107,247;779,664;-1,915;151,016;25,710;1003,664;22,230;41,955;25,555;45,925;22,970;2,229;202,646;17,481;-50,000;925;92,5;;0,0;60;13,04;34,13;;15;A27210;;;;;;;;;;;;;;;;;;;;;;;;;;;;;;;;;;;;;;;;;;;;;;;;;;;;;;;;;;;;;;;;;;;;;;;;;
348682;27.05.24 10:00:00;-106,583;789,498;-0,343;152,263;25,647;1003,649;21,597;41,730;25,545;45,075;22,920;2,064;159,497;17,493;-50,000;925;92,5;;0,0;60;13,04;34,25;;15;A27210;;;;;;;;;;;;;;;;;;;;;;;;;;;;;;;;;;;;;;;;;;;;;;;;;;;;;;;;;;;;;;;;;;;;;;;;;
348683;27.05.24 10:01:00;-106,137;793,550;1,006;152,955;25,667;1003,700;21,726;42,440;25,525;46,875;22,845;1,520;210,330;17,506;-50,000;925;92,5;;0,0;60;13,04;34,17;;15;A27210;;;;;;;;;;;;;;;;;;;;;;;;;;;;;;;;;;;;;;;;;;;;;;;;;;;;;;;;;;;;;;;;;;;;;;;;;
348684;27.05.24 10:02:00;-106,234;799,169;2,582;154,549;25,712;1003,700;22,209;43,415;25,515;46,085;22,810;1,942;186,998;17,536;-50,000;925;92,5;;0,0;60;13,05;33,93;;15;A27210;;;;;;;;;;;;;;;;;;;;;;;;;;;;;;;;;;;;;;;;;;;;;;;;;;;;;;;;;;;;;;;;;;;;;;;;;
348685;27.05.24 10:03:00;-105,845;796,941;1,700;153,887;25,670;1003,616;21,912;42,250;25,550;46,060;22,745;1,755;165,893;17,567;-50,000;925;92,5;;0,0;60;13,04;34,17;;15;A27210;;;;;;;;;;;;;;;;;;;;;;;;;;;;;;;;;;;;;;;;;;;;;;;;;;;;;;;;;;;;;;;;;;;;;;;;;
348686;27.05.24 10:04:00;-106,628;786,884;3,920;151,304;25,718;1003,595;21,951;44,325;25,535;48,020;22,725;1,369;192,606;17,576;-50,000;925;92,5;;0,0;60;13,05;34,37;;15;A27210;;;;;;;;;;;;;;;;;;;;;;;;;;;;;;;;;;;;;;;;;;;;;;;;;;;;;;;;;;;;;;;;;;;;;;;;;
348687;27.05.24 10:05:00;-107,225;780,707;3,733;150,063;25,802;1003,601;22,134;44,920;25,615;47,180;22,785;1,398;124,971;17,582;-50,000;925;92,5;;0,0;60;13,05;34,40;;15;A27210;;;;;;;;;;;;;;;;;;;;;;;;;;;;;;;;;;;;;;;;;;;;;;;;;;;;;;;;;;;;;;;;;;;;;;;;;
348688;27.05.24 10:06:00;-106,878;777,253;3,341;149,041;25,850;1003,535;22,227;44,000;25,645;47,740;22,770;1,791;235,198;17,582;-50,000;925;92,5;;0,0;60;13,04;34,40;;15;A27210;;;;;;;;;;;;;;;;;;;;;;;;;;;;;;;;;;;;;;;;;;;;;;;;;;;;;;;;;;;;;;;;;;;;;;;;;
348689;27.05.24 10:07:00;-106,574;778,571;2,826;148,622;25,823;1003,427;21,957;43,365;25,655;47,890;22,765;2,290;134,179;17,588;-50,000;925;92,5;;0,0;60;13,05;34,64;;15;A27210;;;;;;;;;;;;;;;;;;;;;;;;;;;;;;;;;;;;;;;;;;;;;;;;;;;;;;;;;;;;;;;;;;;;;;;;;
348690;27.05.24 10:08:00;-105,901;780,119;1,760;148,713;25,815;1003,448;21,897;43,440;25,630;47,865;22,765;1,479;138,279;17,631;-50,000;925;92,5;;0,0;60;13,05;34,76;;15;A27210;;;;;;;;;;;;;;;;;;;;;;;;;;;;;;;;;;;;;;;;;;;;;;;;;;;;;;;;;;;;;;;;;;;;;;;;;
348691;27.05.24 10:09:00;-106,156;783,122;2,542;147,371;25,870;1003,661;21,999;44,070;25,605;48,495;22,790;1,321;204,081;17,649;-50,000;925;92,5;;0,0;60;13,02;34,60;;15;A27210;;;;;;;;;;;;;;;;;;;;;;;;;;;;;;;;;;;;;;;;;;;;;;;;;;;;;;;;;;;;;;;;;;;;;;;;;
348692;27.05.24 10:10:00;-105,872;786,022;1,794;148,218;25,887;1003,676;22,479;43,680;25,625;48,380;22,830;1,721;128,351;17,679;-50,000;925;92,5;;0,0;60;13,05;34,52;;15;A27210;;;;;;;;;;;;;;;;;;;;;;;;;;;;;;;;;;;;;;;;;;;;;;;;;;;;;;;;;;;;;;;;;;;;;;;;;
348693;27.05.24 10:11:00;-104,362;794,224;3,550;149,686;25,897;1003,748;21,843;44,750;25,625;48,635;22,855;1,786;156,696;17,686;-50,000;925;92,5;;0,0;60;13,06;34,76;;15;A27210;;;;;;;;;;;;;;;;;;;;;;;;;;;;;;;;;;;;;;;;;;;;;;;;;;;;;;;;;;;;;;;;;;;;;;;;;
348694;27.05.24 10:12:00;-103,510;803,037;2,788;151,314;25,880;1003,733;21,969;45,035;25,610;49,255;22,840;1,928;166,556;17,710;-50,000;925;92,5;;0,0;60;13,07;34,76;;15;A27210;;;;;;;;;;;;;;;;;;;;;;;;;;;;;;;;;;;;;;;;;;;;;;;;;;;;;;;;;;;;;;;;;;;;;;;;;
348695;27.05.24 10:13:00;-102,239;813,243;2,168;152,871;25,867;1003,769;22,380;43,815;25,565;48,090;22,800;1,487;168,334;17,762;-50,000;925;92,5;;0,0;60;13,08;34,80;;15;A27210;;;;;;;;;;;;;;;;;;;;;;;;;;;;;;;;;;;;;;;;;;;;;;;;;;;;;;;;;;;;;;;;;;;;;;;;;
348696;27.05.24 10:14:00;-100,940;824,697;1,618;154,766;25,852;1003,805;22,062;44,640;25,490;48,955;22,720;2,031;216,118;17,780;-50,000;925;92,5;;0,0;60;13,09;34,80;;15;A27210;;;;;;;;;;;;;;;;;;;;;;;;;;;;;;;;;;;;;;;;;;;;;;;;;;;;;;;;;;;;;;;;;;;;;;;;;
348697;27.05.24 10:15:00;-100,367;835,690;3,128;156,678;25,923;1003,886;22,251;45,375;25,520;49,715;22,760;1,282;134,567;17,813;-50,000;925;92,5;;0,0;60;13,10;34,76;;15;A27210;;;;;;;;;;;;;;;;;;;;;;;;;;;;;;;;;;;;;;;;;;;;;;;;;;;;;;;;;;;;;;;;;;;;;;;;;
348698;27.05.24 10:16:00;-97,927;847,092;4,409;159,140;26,063;1003,865;22,209;44,715;25,495;49,175;22,810;1,395;214,779;17,854;-50,000;925;92,5;;0,0;60;13,10;34,92;;15;A27210;;;;;;;;;;;;;;;;;;;;;;;;;;;;;;;;;;;;;;;;;;;;;;;;;;;;;;;;;;;;;;;;;;;;;;;;;
348699;27.05.24 10:17:00;-97,587;857,064;4,907;161,184;26,117;1003,895;21,813;45,550;25,535;49,575;22,870;1,395;179,162;17,872;-50,000;925;92,5;;0,0;60;13,11;34,96;;15;A27210;;;;;;;;;;;;;;;;;;;;;;;;;;;;;;;;;;;;;;;;;;;;;;;;;;;;;;;;;;;;;;;;;;;;;;;;;
348700;27.05.24 10:18:00;-95,263;868,336;5,376;163,000;26,125;1003,955;21,912;44,090;25,540;47,600;22,845;2,231;184,472;17,896;-50,000;925;92,5;;0,0;60;13,12;34,84;;15;A27210;;;;;;;;;;;;;;;;;;;;;;;;;;;;;;;;;;;;;;;;;;;;;;;;;;;;;;;;;;;;;;;;;;;;;;;;;
348701;27.05.24 10:19:00;-94,140;878,172;4,309;164,345;26,120;1003,997;21,879;43,560;25,530;48,120;22,760;1,474;145,958;17,960;-50,000;925;92,5;;0,0;60;13,13;34,92;;15;A27210;;;;;;;;;;;;;;;;;;;;;;;;;;;;;;;;;;;;;;;;;;;;;;;;;;;;;;;;;;;;;;;;;;;;;;;;;
348702;27.05.24 10:20:00;-92,752;883,926;5,747;165,761;26,167;1003,886;21,828;44,295;25,515;47,850;22,725;1,984;206,353;17,972;-50,000;925;92,5;;0,0;60;13,14;35,00;;15;A27210;;;;;;;;;;;;;;;;;;;;;;;;;;;;;;;;;;;;;;;;;;;;;;;;;;;;;;;;;;;;;;;;;;;;;;;;;
348703;27.05.24 10:21:00;-91,860;897,516;5,930;167,803;26,143;1003,859;21,978;44,125;25,515;48,030;22,655;1,822;166,556;18,009;-50,000;925;92,5;;0,0;60;13,15;35,32;;15;A27210;;;;;;;;;;;;;;;;;;;;;;;;;;;;;;;;;;;;;;;;;;;;;;;;;;;;;;;;;;;;;;;;;;;;;;;;;
348704;27.05.24 10:22:00;-90,607;909,371;6,001;169,552;26,147;1003,829;21,924;44,350;25,495;48,585;22,575;1,770;196,127;18,064;-50,000;925;92,5;;0,0;60;13,17;35,08;;15;A27210;;;;;;;;;;;;;;;;;;;;;;;;;;;;;;;;;;;;;;;;;;;;;;;;;;;;;;;;;;;;;;;;;;;;;;;;;
348705;27.05.24 10:23:00;-87,999;925,161;6,559;173,113;26,142;1003,604;21,819;44,355;25,465;49,215;22,550;2,912;162,765;18,073;-50,000;925;92,5;;0,0;60;13,18;35,20;;15;A27210;;;;;;;;;;;;;;;;;;;;;;;;;;;;;;;;;;;;;;;;;;;;;;;;;;;;;;;;;;;;;;;;;;;;;;;;;
348706;27.05.24 10:24:00;-86,855;935,902;6,425;174,236;26,042;1003,364;21,963;44,965;25,450;49,665;22,550;2,179;183,999;18,146;-50,000;925;92,5;;0,0;60;13,20;35,20;;15;A27210;;;;;;;;;;;;;;;;;;;;;;;;;;;;;;;;;;;;;;;;;;;;;;;;;;;;;;;;;;;;;;;;;;;;;;;;;
348707;27.05.24 10:25:00;-86,237;967,960;9,303;181,146;26,022;1003,427;22,041;45,565;25,435;49,085;22,580;2,715;86,799;18,116;-50,000;925;92,5;;0,0;60;13,24;35,32;;15;A27210;;;;;;;;;;;;;;;;;;;;;;;;;;;;;;;;;;;;;;;;;;;;;;;;;;;;;;;;;;;;;;;;;;;;;;;;;
348708;27.05.24 10:26:00;-85,119;1011,964;10,380;189,684;26,078;1003,340;22,161;44,635;25,395;48,985;22,545;1,638;91,974;18,201;-50,000;925;92,5;;0,0;60;13,26;35,24;;15;A27210;;;;;;;;;;;;;;;;;;;;;;;;;;;;;;;;;;;;;;;;;;;;;;;;;;;;;;;;;;;;;;;;;;;;;;;;;
348709;27.05.24 10:27:00;-88,965;451,852;3,443;75,307;26,155;1002,689;21,474;46,850;25,435;49,845;22,575;1,853;87,902;18,253;-50,000;925;92,5;;0,0;60;13,22;35,48;;15;A27210;;;;;;;;;;;;;;;;;;;;;;;;;;;;;;;;;;;;;;;;;;;;;;;;;;;;;;;;;;;;;;;;;;;;;;;;;
348710;27.05.24 10:28:00;-89,325;512,856;-2,695;88,387;26,040;1002,365;21,957;46,460;25,420;49,590;22,510;2,438;114,233;18,293;-50,000;925;92,5;;0,0;60;13,20;35,32;;15;A27210;;;;;;;;;;;;;;;;;;;;;;;;;;;;;;;;;;;;;;;;;;;;;;;;;;;;;;;;;;;;;;;;;;;;;;;;;
348711;27.05.24 10:29:00;-89,745;756,691;0,958;136,524;25,913;1002,449;21,975;46,000;25,355;49,025;22,430;1,793;125,578;18,341;-50,000;925;92,5;;0,0;60;13,22;35,28;;15;A27210;;;;;;;;;;;;;;;;;;;;;;;;;;;;;;;;;;;;;;;;;;;;;;;;;;;;;;;;;;;;;;;;;;;;;;;;;
348712;27.05.24 10:30:00;-88,370;998,904;7,103;189,440;25,875;1002,461;22,509;45,440;25,280;49,580;22,340;2,109;148,523;18,369;-50,000;925;92,5;;0,0;60;13,25;35,36;;15;A27210;;;;;;;;;;;;;;;;;;;;;;;;;;;;;;;;;;;;;;;;;;;;;;;;;;;;;;;;;;;;;;;;;;;;;;;;;
348713;27.05.24 10:31:00;-90,525;960,695;9,172;180,835;25,912;1002,491;21,966;45,185;25,215;50,195;22,345;1,696;201,651;18,412;-50,000;925;92,5;;0,0;60;13,26;35,48;;15;A27210;;;;;;;;;;;;;;;;;;;;;;;;;;;;;;;;;;;;;;;;;;;;;;;;;;;;;;;;;;;;;;;;;;;;;;;;;
348714;27.05.24 10:32:00;-90,920;939,270;8,961;176,474;26,012;1002,539;22,068;45,335;25,215;50,075;22,395;1,955;165,105;18,458;-50,000;925;92,5;;0,0;60;13,29;35,20;;15;A27210;;;;;;;;;;;;;;;;;;;;;;;;;;;;;;;;;;;;;;;;;;;;;;;;;;;;;;;;;;;;;;;;;;;;;;;;;
348715;27.05.24 10:33:00;-91,054;938,890;7,775;175,772;26,063;1002,563;22,002;45,380;25,240;49,690;22,495;2,091;118,738;18,510;-50,000;925;92,5;;0,0;60;13,31;35,36;;15;A27210;;;;;;;;;;;;;;;;;;;;;;;;;;;;;;;;;;;;;;;;;;;;;;;;;;;;;;;;;;;;;;;;;;;;;;;;;
348716;27.05.24 10:34:00;-88,497;952,315;9,465;178,110;26,132;1002,632;22,134;46,150;25,230;49,930;22,545;2,134;143,466;18,549;-50,000;925;92,5;;0,0;60;13,31;35,32;;15;A27210;;;;;;;;;;;;;;;;;;;;;;;;;;;;;;;;;;;;;;;;;;;;;;;;;;;;;;;;;;;;;;;;;;;;;;;;;
348717;27.05.24 10:35:00;-86,285;965,686;8,751;179,953;26,100;1002,635;21,705;45,055;25,235;49,360;22,540;1,821;152,156;18,586;-50,000;925;92,5;;0,0;60;13,34;35,48;;15;A27210;;;;;;;;;;;;;;;;;;;;;;;;;;;;;;;;;;;;;;;;;;;;;;;;;;;;;;;;;;;;;;;;;;;;;;;;;
348718;27.05.24 10:36:00;-85,231;981,881;10,065;183,645;26,170;1002,719;22,272;46,315;25,205;50,915;22,530;1,622;157,843;18,650;-50,000;925;92,5;;0,0;60;13,34;35,79;;15;A27210;;;;;;;;;;;;;;;;;;;;;;;;;;;;;;;;;;;;;;;;;;;;;;;;;;;;;;;;;;;;;;;;;;;;;;;;;
348719;27.05.24 10:37:00;-85,352;910,916;7,692;171,224;26,217;1002,716;22,356;45,965;25,240;50,110;22,680;2,380;137,694;18,677;-50,000;925;92,5;;0,0;60;13,35;35,56;;15;A27210;;;;;;;;;;;;;;;;;;;;;;;;;;;;;;;;;;;;;;;;;;;;;;;;;;;;;;;;;;;;;;;;;;;;;;;;;
348720;27.05.24 10:38:00;-83,962;1007,368;11,740;189,296;26,280;1002,743;22,512;46,765;25,285;49,615;22,745;2,227;129,701;18,742;-50,000;925;92,5;;0,0;60;13,38;35,52;;15;A27210;;;;;;;;;;;;;;;;;;;;;;;;;;;;;;;;;;;;;;;;;;;;;;;;;;;;;;;;;;;;;;;;;;;;;;;;;
348721;27.05.24 10:39:00;-81,470;1048,148;14,283;196,922;26,352;1002,764;22,503;47,705;25,350;49,815;22,780;2,375;123,840;18,791;-50,000;925;92,5;;0,0;60;13,39;35,83;;15;A27210;;;;;;;;;;;;;;;;;;;;;;;;;;;;;;;;;;;;;;;;;;;;;;;;;;;;;;;;;;;;;;;;;;;;;;;;;
348722;27.05.24 10:40:00;-78,446;1048,954;13,234;196,616;26,375;1003,112;22,368;45,805;25,385;49,015;22,755;1,819;184,607;18,845;-50,000;925;92,5;;0,0;60;13,41;35,63;;15;A27210;;;;;;;;;;;;;;;;;;;;;;;;;;;;;;;;;;;;;;;;;;;;;;;;;;;;;;;;;;;;;;;;;;;;;;;;;
348723;27.05.24 10:41:00;-75,392;1060,241;14,762;199,990;26,528;1003,514;21,903;46,720;25,465;51,130;22,825;2,025;169,211;18,891;-50,000;925;92,5;;0,0;60;13,41;35,60;;15;A27210;;;;;;;;;;;;;;;;;;;;;;;;;;;;;;;;;;;;;;;;;;;;;;;;;;;;;;;;;;;;;;;;;;;;;;;;;
348724;27.05.24 10:42:00;-75,574;655,348;7,187;119,319;26,545;1003,538;22,455;44,950;25,565;48,685;22,975;1,684;170,910;18,955;-50,000;925;92,5;;0,0;60;13,39;35,75;;15;A27210;;;;;;;;;;;;;;;;;;;;;;;;;;;;;;;;;;;;;;;;;;;;;;;;;;;;;;;;;;;;;;;;;;;;;;;;;
348725;27.05.24 10:43:00;-72,605;828,465;6,760;151,314;26,610;1003,562;22,167;44,705;25,635;48,270;23,035;2,381;149,721;19,010;-50,000;925;92,5;;0,0;60;13,38;35,83;;15;A27210;;;;;;;;;;;;;;;;;;;;;;;;;;;;;;;;;;;;;;;;;;;;;;;;;;;;;;;;;;;;;;;;;;;;;;;;;
348726;27.05.24 10:44:00;-69,976;761,134;4,446;138,875;26,507;1003,286;22,119;43,980;25,670;47,485;23,010;2,299;172,631;19,047;-50,000;925;92,5;;0,0;60;13,35;35,83;;15;A27210;;;;;;;;;;;;;;;;;;;;;;;;;;;;;;;;;;;;;;;;;;;;;;;;;;;;;;;;;;;;;;;;;;;;;;;;;
348727;27.05.24 10:45:00;-69,774;394,072;-1,945;68,525;26,415;1003,190;22,485;44,355;25,645;48,295;22,910;1,586;262,074;19,096;-50,000;925;92,5;;0,0;60;13,32;35,95;;15;A27210;;;;;;;;;;;;;;;;;;;;;;;;;;;;;;;;;;;;;;;;;;;;;;;;;;;;;;;;;;;;;;;;;;;;;;;;;
348728;27.05.24 10:46:00;-67,417;399,716;-5,246;70,025;26,252;1003,193;22,104;44,095;25,640;48,370;22,850;1,884;163,564;19,147;-50,000;925;92,5;;0,0;60;13,32;35,91;;15;A27210;;;;;;;;;;;;;;;;;;;;;;;;;;;;;;;;;;;;;;;;;;;;;;;;;;;;;;;;;;;;;;;;;;;;;;;;;
348729;27.05.24 10:47:00;-65,673;332,605;-8,230;57,808;26,035;1003,193;22,704;42,815;25,495;47,755;22,725;1,992;246,904;19,200;-50,000;925;92,5;;0,0;60;13,30;35,60;;15;A27210;;;;;;;;;;;;;;;;;;;;;;;;;;;;;;;;;;;;;;;;;;;;;;;;;;;;;;;;;;;;;;;;;;;;;;;;;
348730;27.05.24 10:48:00;-64,113;316,652;-10,517;54,559;25,885;1003,232;21,972;41,930;25,390;47,210;22,580;1,031;176,355;19,239;-50,000;925;92,5;;0,0;60;13,31;35,63;;15;A27210;;;;;;;;;;;;;;;;;;;;;;;;;;;;;;;;;;;;;;;;;;;;;;;;;;;;;;;;;;;;;;;;;;;;;;;;;
348731;27.05.24 10:49:00;-60,982;311,084;-9,366;54,268;25,737;1003,259;22,479;43,290;25,230;48,040;22,475;1,591;218,019;19,263;-50,000;925;92,5;;0,0;60;13,31;35,52;;15;A27210;;;;;;;;;;;;;;;;;;;;;;;;;;;;;;;;;;;;;;;;;;;;;;;;;;;;;;;;;;;;;;;;;;;;;;;;;
348732;27.05.24 10:50:00;-58,757;301,535;-9,689;53,338;25,555;1003,235;22,410;43,925;25,070;48,050;22,395;1,717;212,192;19,312;-50,000;925;92,5;;0,0;60;13,32;35,28;;15;A27210;;;;;;;;;;;;;;;;;;;;;;;;;;;;;;;;;;;;;;;;;;;;;;;;;;;;;;;;;;;;;;;;;;;;;;;;;
348733;27.05.24 10:51:00;-57,807;290,108;-9,836;51,732;25,417;1003,289;22,257;43,305;24,925;46,705;22,300;1,334;184,742;19,337;-50,000;925;92,5;;0,0;60;13,30;34,92;;15;A27210;;;;;;;;;;;;;;;;;;;;;;;;;;;;;;;;;;;;;;;;;;;;;;;;;;;;;;;;;;;;;;;;;;;;;;;;;
348734;27.05.24 10:52:00;-56,068;271,790;-9,960;49,080;25,290;1003,292;22,542;42,360;24,775;46,860;22,260;1,233;202,016;19,346;-50,000;925;92,5;;0,0;60;13,28;34,88;;15;A27210;;;;;;;;;;;;;;;;;;;;;;;;;;;;;;;;;;;;;;;;;;;;;;;;;;;;;;;;;;;;;;;;;;;;;;;;;
348735;27.05.24 10:53:00;-54,757;261,485;-9,720;47,751;25,170;1003,313;21,945;44,140;24,645;47,265;22,240;1,809;210,336;19,367;-50,000;925;92,5;;0,0;60;13,25;34,52;;15;A27210;;;;;;;;;;;;;;;;;;;;;;;;;;;;;;;;;;;;;;;;;;;;;;;;;;;;;;;;;;;;;;;;;;;;;;;;;
348736;27.05.24 10:54:00;-53,837;225,744;-11,472;40,852;24,943;1003,262;22,311;42,640;24,510;46,510;22,175;2,583;218,453;19,389;-50,000;925;92,5;;0,0;60;13,22;34,64;;15;A27210;;;;;;;;;;;;;;;;;;;;;;;;;;;;;;;;;;;;;;;;;;;;;;;;;;;;;;;;;;;;;;;;;;;;;;;;;
348737;27.05.24 10:55:00;-52,272;196,886;-12,136;34,630;24,618;1003,247;22,095;42,495;24,325;46,380;22,060;2,250;183,308;19,398;-50,000;925;92,5;;0,0;60;13,18;34,40;;15;A27210;;;;;;;;;;;;;;;;;;;;;;;;;;;;;;;;;;;;;;;;;;;;;;;;;;;;;;;;;;;;;;;;;;;;;;;;;
348738;27.05.24 10:56:00;-51,370;173,902;-12,296;30,231;24,442;1003,328;22,101;44,415;24,160;47,545;21,975;0,980;136,974;19,425;-50,000;925;92,5;;0,0;60;13,16;34,37;;15;A27210;;;;;;;;;;;;;;;;;;;;;;;;;;;;;;;;;;;;;;;;;;;;;;;;;;;;;;;;;;;;;;;;;;;;;;;;;
348739;27.05.24 10:57:00;-50,128;153,520;-12,129;27,049;24,302;1003,337;22,053;44,845;23,990;47,505;21,885;1,627;204,323;19,413;-50,000;925;92,5;;0,0;60;13,13;33,85;;15;A27210;;;;;;;;;;;;;;;;;;;;;;;;;;;;;;;;;;;;;;;;;;;;;;;;;;;;;;;;;;;;;;;;;;;;;;;;;
348740;27.05.24 10:58:00;-48,955;139,601;-12,561;24,724;24,085;1003,295;21,969;43,580;23,835;46,950;21,815;2,825;205,706;19,434;-50,000;925;92,5;;0,0;60;13,11;33,81;;15;A27210;;;;;;;;;;;;;;;;;;;;;;;;;;;;;;;;;;;;;;;;;;;;;;;;;;;;;;;;;;;;;;;;;;;;;;;;;
348741;27.05.24 10:59:00;-47,555;128,352;-13,056;22,349;23,853;1003,271;22,488;43,520;23,655;46,930;21,730;1,771;225,298;19,422;-50,000;925;92,5;;0,0;60;13,08;33,61;;15;A27210;;;;;;;;;;;;;;;;;;;;;;;;;;;;;;;;;;;;;;;;;;;;;;;;;;;;;;;;;;;;;;;;;;;;;;;;;
348742;27.05.24 11:00:00;-46,585;118,394;-12,964;20,650;23,692;1003,340;22,404;46,000;23,505;48,970;21,690;1,302;189,011;19,428;-50,000;925;92,5;;0,0;60;13,06;33,25;;15;A27210;;;;;;;;;;;;;;;;;;;;;;;;;;;;;;;;;;;;;;;;;;;;;;;;;;;;;;;;;;;;;;;;;;;;;;;;;
348743;27.05.24 11:01:00;-45,210;111,496;-12,645;19,652;23,503;1003,319;22,335;44,575;23,345;47,185;21,610;2,441;203,192;19,428;-50,000;925;92,5;;0,0;60;13,04;33,06;;15;A27210;;;;;;;;;;;;;;;;;;;;;;;;;;;;;;;;;;;;;;;;;;;;;;;;;;;;;;;;;;;;;;;;;;;;;;;;;
348744;27.05.24 11:02:00;-44,732;105,054;-12,837;18,117;23,307;1003,349;22,425;45,065;23,170;47,445;21,530;1,281;184,984;19,425;-50,000;925;92,5;;0,0;60;13,03;32,78;;15;A27210;;;;;;;;;;;;;;;;;;;;;;;;;;;;;;;;;;;;;;;;;;;;;;;;;;;;;;;;;;;;;;;;;;;;;;;;;
348745;27.05.24 11:03:00;-43,859;102,165;-12,224;17,867;23,177;1003,382;22,383;45,855;23,010;47,975;21,460;1,615;197,798;19,422;-50,000;925;92,5;;0,0;60;13,02;32,42;;15;A27210;;;;;;;;;;;;;;;;;;;;;;;;;;;;;;;;;;;;;;;;;;;;;;;;;;;;;;;;;;;;;;;;;;;;;;;;;
348746;27.05.24 11:04:00;-43,693;100,621;-11,867;17,544;23,062;1003,415;22,608;47,480;22,875;49,295;21,420;1,376;211,719;19,425;-50,000;925;92,5;;0,0;60;13,01;32,34;;15;A27210;;;;;;;;;;;;;;;;;;;;;;;;;;;;;;;;;;;;;;;;;;;;;;;;;;;;;;;;;;;;;;;;;;;;;;;;;
348747;27.05.24 11:05:00;-43,551;100,253;-11,581;17,662;22,945;1003,424;22,065;46,290;22,755;48,130;21,405;1,843;213,581;19,401;-50,000;925;92,5;;0,0;60;13,00;32,14;;15;A27210;;;;;;;;;;;;;;;;;;;;;;;;;;;;;;;;;;;;;;;;;;;;;;;;;;;;;;;;;;;;;;;;;;;;;;;;;
348748;27.05.24 11:06:00;-43,165;99,249;-11,704;17,435;22,852;1003,424;22,200;46,515;22,630;47,565;21,375;1,597;247,320;19,416;-50,000;925;92,5;;0,0;60;12,99;31,98;;15;A27210;;;;;;;;;;;;;;;;;;;;;;;;;;;;;;;;;;;;;;;;;;;;;;;;;;;;;;;;;;;;;;;;;;;;;;;;;
348749;27.05.24 11:07:00;-42,788;97,209;-11,061;17,138;22,755;1003,457;22,671;48,000;22,520;49,140;21,385;1,729;210,454;19,358;-50,000;925;92,5;;0,0;60;12,99;31,71;;15;A27210;;;;;;;;;;;;;;;;;;;;;;;;;;;;;;;;;;;;;;;;;;;;;;;;;;;;;;;;;;;;;;;;;;;;;;;;;
348750;27.05.24 11:08:00;-42,505;97,618;-10,999;17,570;22,672;1003,478;21,984;47,885;22,430;48,660;21,410;1,593;211,011;19,380;-50,000;925;92,5;;0,0;60;12,98;31,67;;15;A27210;;;;;;;;;;;;;;;;;;;;;;;;;;;;;;;;;;;;;;;;;;;;;;;;;;;;;;;;;;;;;;;;;;;;;;;;;
348751;27.05.24 11:09:00;-42,254;102,201;-10,756;18,695;22,620;1003,505;22,347;47,835;22,315;48,790;21,390;1,304;274,264;19,346;-50,000;925;92,5;;0,0;60;12,97;31,43;;15;A27210;;;;;;;;;;;;;;;;;;;;;;;;;;;;;;;;;;;;;;;;;;;;;;;;;;;;;;;;;;;;;;;;;;;;;;;;;
348752;27.05.24 11:10:00;-42,421;112,645;-10,480;21,039;22,525;1003,451;22,200;47,760;22,250;48,040;21,405;2,978;209,149;19,346;-50,000;925;92,5;;0,0;60;12,99;31,47;;15;A27210;;;;;;;;;;;;;;;;;;;;;;;;;;;;;;;;;;;;;;;;;;;;;;;;;;;;;;;;;;;;;;;;;;;;;;;;;
348753;27.05.24 11:11:00;-42,252;126,342;-10,094;23,005;22,390;1003,451;22,740;48,310;22,150;49,105;21,355;1,629;219,206;19,340;-50,000;925;92,5;;0,0;60;13,01;30,99;;15;A27210;;;;;;;;;;;;;;;;;;;;;;;;;;;;;;;;;;;;;;;;;;;;;;;;;;;;;;;;;;;;;;;;;;;;;;;;;
348754;27.05.24 11:12:00;-42,769;141,877;-9,788;25,789;22,315;1003,502;22,167;49,845;22,075;50,575;21,295;1,600;193,320;19,337;-50,000;925;92,5;;0,0;60;13,03;30,83;;15;A27210;;;;;;;;;;;;;;;;;;;;;;;;;;;;;;;;;;;;;;;;;;;;;;;;;;;;;;;;;;;;;;;;;;;;;;;;;
348755;27.05.24 11:13:00;-42,887;157,521;-9,293;28,391;22,235;1003,502;21,903;50,750;21,950;51,250;21,195;1,655;227,931;19,325;-50,000;925;92,5;;0,0;60;13,03;30,75;;15;A27210;;;;;;;;;;;;;;;;;;;;;;;;;;;;;;;;;;;;;;;;;;;;;;;;;;;;;;;;;;;;;;;;;;;;;;;;;
348756;27.05.24 11:14:00;-42,785;171,514;-8,986;30,895;22,140;1003,475;22,401;50,240;21,850;50,915;21,075;2,320;260,331;19,321;-50,000;925;92,5;;0,0;60;13,04;30,60;;15;A27210;;;;;;;;;;;;;;;;;;;;;;;;;;;;;;;;;;;;;;;;;;;;;;;;;;;;;;;;;;;;;;;;;;;;;;;;;
348757;27.05.24 11:15:00;-42,676;182,553;-7,773;32,487;22,040;1003,511;22,761;53,390;21,755;52,030;20,975;1,849;320,743;19,306;-50,000;925;92,5;;0,0;60;13,05;30,67;;15;A27210;;;;;;;;;;;;;;;;;;;;;;;;;;;;;;;;;;;;;;;;;;;;;;;;;;;;;;;;;;;;;;;;;;;;;;;;;
348758;27.05.24 11:16:00;-42,388;191,858;-6,754;34,407;21,972;1003,520;21,774;54,310;21,640;52,780;20,880;2,386;296,033;19,288;-50,000;925;92,5;;0,0;60;13,05;30,40;;15;A27210;;;;;;;;;;;;;;;;;;;;;;;;;;;;;;;;;;;;;;;;;;;;;;;;;;;;;;;;;;;;;;;;;;;;;;;;;
348759;27.05.24 11:17:00;-42,639;198,627;-6,166;35,866;21,940;1003,517;22,509;52,905;21,580;53,070;20,865;1,375;299,351;19,276;-50,000;925;92,5;;0,0;60;13,06;30,12;;15;A27210;;;;;;;;;;;;;;;;;;;;;;;;;;;;;;;;;;;;;;;;;;;;;;;;;;;;;;;;;;;;;;;;;;;;;;;;;
348760;27.05.24 11:18:00;-43,037;203,209;-5,819;37,204;21,917;1003,520;21,885;53,710;21,530;53,410;20,840;1,622;287,904;19,263;-50,000;925;92,5;;0,0;60;13,07;30,08;;15;A27210;;;;;;;;;;;;;;;;;;;;;;;;;;;;;;;;;;;;;;;;;;;;;;;;;;;;;;;;;;;;;;;;;;;;;;;;;
348761;27.05.24 11:19:00;-43,131;209,962;-5,196;38,614;21,900;1003,508;22,260;54,125;21,505;52,540;20,795;1,744;295,886;19,245;-50,000;925;92,5;;0,0;60;13,08;30,16;;15;A27210;;;;;;;;;;;;;;;;;;;;;;;;;;;;;;;;;;;;;;;;;;;;;;;;;;;;;;;;;;;;;;;;;;;;;;;;;
348762;27.05.24 11:20:00;-43,401;219,928;-4,494;40,625;21,892;1003,520;22,287;53,620;21,480;52,770;20,830;1,621;296,876;19,245;-50,000;925;92,5;;0,0;60;13,09;29,92;;15;A27210;;;;;;;;;;;;;;;;;;;;;;;;;;;;;;;;;;;;;;;;;;;;;;;;;;;;;;;;;;;;;;;;;;;;;;;;;
348763;27.05.24 11:21:00;-43,753;229,877;-3,706;42,818;21,910;1003,535;22,167;54,265;21,475;53,855;20,860;1,124;228,898;19,239;-50,000;925;92,5;;0,0;60;13,12;29,80;;15;A27210;;;;;;;;;;;;;;;;;;;;;;;;;;;;;;;;;;;;;;;;;;;;;;;;;;;;;;;;;;;;;;;;;;;;;;;;;
348764;27.05.24 11:22:00;-44,418;237,983;-3,521;44,784;21,955;1003,514;22,212;52,835;21,480;52,170;20,925;1,010;241,099;19,242;-50,000;925;92,5;;0,0;60;13,13;29,60;;15;A27210;;;;;;;;;;;;;;;;;;;;;;;;;;;;;;;;;;;;;;;;;;;;;;;;;;;;;;;;;;;;;;;;;;;;;;;;;
348765;27.05.24 11:23:00;-44,891;244,177;-3,705;46,215;21,995;1003,502;22,191;51,795;21,515;51,785;20,985;1,016;173,987;19,242;-50,000;925;92,5;;0,0;60;13,15;29,52;;15;A27210;;;;;;;;;;;;;;;;;;;;;;;;;;;;;;;;;;;;;;;;;;;;;;;;;;;;;;;;;;;;;;;;;;;;;;;;;
348766;27.05.24 11:24:00;-45,157;248,970;-3,623;47,266;22,040;1003,469;22,293;52,685;21,545;52,385;20,990;1,076;216,804;19,242;-50,000;925;92,5;;0,0;60;13,16;29,40;;15;A27210;;;;;;;;;;;;;;;;;;;;;;;;;;;;;;;;;;;;;;;;;;;;;;;;;;;;;;;;;;;;;;;;;;;;;;;;;
348767;27.05.24 11:25:00;-45,620;252,459;-3,764;48,160;22,072;1003,439;22,206;53,155;21,605;52,805;21,040;1,104;221,271;19,230;-50,000;925;92,5;;0,0;60;13,17;29,48;;15;A27210;;;;;;;;;;;;;;;;;;;;;;;;;;;;;;;;;;;;;;;;;;;;;;;;;;;;;;;;;;;;;;;;;;;;;;;;;
348768;27.05.24 11:26:00;-46,006;256,704;-3,064;49,034;22,142;1003,439;21,723;55,540;21,655;53,155;21,045;1,236;282,763;19,230;-50,000;925;92,5;;0,0;60;13,19;29,33;;15;A27210;;;;;;;;;;;;;;;;;;;;;;;;;;;;;;;;;;;;;;;;;;;;;;;;;;;;;;;;;;;;;;;;;;;;;;;;;
348769;27.05.24 11:27:00;-46,434;263,982;-3,043;50,004;22,130;1003,382;22,284;54,715;21,705;50,885;21,045;1,782;295,481;19,230;-50,000;925;92,5;;0,0;60;13,21;29,29;;15;A27210;;;;;;;;;;;;;;;;;;;;;;;;;;;;;;;;;;;;;;;;;;;;;;;;;;;;;;;;;;;;;;;;;;;;;;;;;
348770;27.05.24 11:28:00;-46,338;274,247;-2,610;51,532;22,155;1003,409;22,266;53,450;21,735;52,920;20,975;1,048;196,875;19,227;-50,000;925;92,5;;0,0;60;13,24;29,17;;15;A27210;;;;;;;;;;;;;;;;;;;;;;;;;;;;;;;;;;;;;;;;;;;;;;;;;;;;;;;;;;;;;;;;;;;;;;;;;
348771;27.05.24 11:29:00;-46,281;285,119;-1,979;53,790;22,207;1003,409;21,972;54,660;21,760;54,505;20,980;0,758;308,160;19,218;-50,000;925;92,5;;0,0;60;13,25;29,25;;15;A27210;;;;;;;;;;;;;;;;;;;;;;;;;;;;;;;;;;;;;;;;;;;;;;;;;;;;;;;;;;;;;;;;;;;;;;;;;
348772;27.05.24 11:30:00;-46,556;293,757;-1,853;55,657;22,260;1003,370;22,479;54,375;21,870;52,015;21,035;1,202;177,446;19,212;-50,000;925;92,5;;0,0;60;13,27;29,13;;15;A27210;;;;;;;;;;;;;;;;;;;;;;;;;;;;;;;;;;;;;;;;;;;;;;;;;;;;;;;;;;;;;;;;;;;;;;;;;
348773;27.05.24 11:31:00;-46,731;298,706;-2,099;56,683;22,302;1003,364;21,855;53,445;21,930;52,935;21,040;0,942;217,350;19,224;-50,000;925;92,5;;0,0;60;13,27;29,01;;15;A27210;;;;;;;;;;;;;;;;;;;;;;;;;;;;;;;;;;;;;;;;;;;;;;;;;;;;;;;;;;;;;;;;;;;;;;;;;
348774;27.05.24 11:32:00;-46,802;299,922;-1,488;57,151;22,370;1003,346;21,993;54,665;21,950;52,795;21,075;1,174;298,530;19,221;-50,000;925;92,5;;0,0;60;13,27;29,33;;15;A27210;;;;;;;;;;;;;;;;;;;;;;;;;;;;;;;;;;;;;;;;;;;;;;;;;;;;;;;;;;;;;;;;;;;;;;;;;
348775;27.05.24 11:33:00;-47,080;297,170;-1,672;56,782;22,425;1003,331;22,443;53,170;22,020;51,685;21,110;1,065;280,693;19,218;-50,000;925;92,5;;0,0;60;13,28;29,17;;15;A27210;;;;;;;;;;;;;;;;;;;;;;;;;;;;;;;;;;;;;;;;;;;;;;;;;;;;;;;;;;;;;;;;;;;;;;;;;
348776;27.05.24 11:34:00;-46,882;293,644;-1,897;56,261;22,475;1003,283;22,455;53,915;22,080;51,645;21,110;1,351;288,776;19,236;-50,000;925;92,5;;0,0;60;13,28;29,09;;15;A27210;;;;;;;;;;;;;;;;;;;;;;;;;;;;;;;;;;;;;;;;;;;;;;;;;;;;;;;;;;;;;;;;;;;;;;;;;
348777;27.05.24 11:35:00;-46,884;289,798;-1,657;55,395;22,495;1003,271;22,167;55,170;22,190;52,690;21,135;1,083;300,172;19,211;-50,000;925;92,5;;0,0;60;13,28;29,01;;15;A27210;;;;;;;;;;;;;;;;;;;;;;;;;;;;;;;;;;;;;;;;;;;;;;;;;;;;;;;;;;;;;;;;;;;;;;;;;
348778;27.05.24 11:36:00;-47,055;286,032;-1,196;54,923;22,560;1003,262;22,011;55,765;22,245;52,825;21,180;1,029;320,738;19,227;-50,000;925;92,5;;0,0;60;13,29;29,05;;15;A27210;;;;;;;;;;;;;;;;;;;;;;;;;;;;;;;;;;;;;;;;;;;;;;;;;;;;;;;;;;;;;;;;;;;;;;;;;
348779;27.05.24 11:37:00;-47,642;282,391;-2,023;54,325;22,622;1003,235;22,323;53,060;22,310;50,885;21,235;1,132;307,913;19,236;-50,000;925;92,5;;0,0;60;13,29;29,25;;15;A27210;;;;;;;;;;;;;;;;;;;;;;;;;;;;;;;;;;;;;;;;;;;;;;;;;;;;;;;;;;;;;;;;;;;;;;;;;
348780;27.05.24 11:38:00;-47,850;278,854;-3,352;53,617;22,665;1003,229;21,795;51,670;22,380;51,145;21,275;0,668;253,395;19,227;-50,000;925;92,5;;0,0;60;13,30;29,17;;15;A27210;;;;;;;;;;;;;;;;;;;;;;;;;;;;;;;;;;;;;;;;;;;;;;;;;;;;;;;;;;;;;;;;;;;;;;;;;
348781;27.05.24 11:39:00;-47,932;275,295;-2,943;52,997;22,735;1003,217;22,590;52,300;22,425;50,285;21,310;0,863;322,808;19,236;-50,000;925;92,5;;0,0;60;13,28;29,01;;15;A27210;;;;;;;;;;;;;;;;;;;;;;;;;;;;;;;;;;;;;;;;;;;;;;;;;;;;;;;;;;;;;;;;;;;;;;;;;
348782;27.05.24 11:40:00;-48,179;269,000;-3,791;51,648;22,780;1003,187;22,308;50,645;22,500;50,015;21,355;0,534;294,396;19,239;-50,000;925;92,5;;0,0;60;13,27;29,25;;15;A27210;;;;;;;;;;;;;;;;;;;;;;;;;;;;;;;;;;;;;;;;;;;;;;;;;;;;;;;;;;;;;;;;;;;;;;;;;
348783;27.05.24 11:41:00;-48,209;260,910;-3,934;50,040;22,827;1003,166;22,113;53,410;22,560;50,395;21,400;1,350;305,713;19,221;-50,000;925;92,5;;0,0;60;13,26;29,25;;15;A27210;;;;;;;;;;;;;;;;;;;;;;;;;;;;;;;;;;;;;;;;;;;;;;;;;;;;;;;;;;;;;;;;;;;;;;;;;
348784;27.05.24 11:42:00;-48,221;250,885;-4,284;47,607;22,807;1003,139;22,476;53,340;22,615;49,080;21,375;1,240;271,536;19,242;-50,000;925;92,5;;0,0;60;13,25;29,21;;15;A27210;;;;;;;;;;;;;;;;;;;;;;;;;;;;;;;;;;;;;;;;;;;;;;;;;;;;;;;;;;;;;;;;;;;;;;;;;
348785;27.05.24 11:43:00;-48,054;241,663;-4,902;45,712;22,837;1003,163;21,681;51,750;22,610;51,690;21,345;0,697;296,443;19,239;-50,000;925;92,5;;0,0;60;13,25;29,05;;15;A27210;;;;;;;;;;;;;;;;;;;;;;;;;;;;;;;;;;;;;;;;;;;;;;;;;;;;;;;;;;;;;;;;;;;;;;;;;
348786;27.05.24 11:44:00;-47,908;236,217;-5,233;44,818;22,847;1003,148;21,888;53,300;22,630;50,835;21,335;1,226;302,631;19,239;-50,000;925;92,5;;0,0;60;13,24;29,48;;15;A27210;;;;;;;;;;;;;;;;;;;;;;;;;;;;;;;;;;;;;;;;;;;;;;;;;;;;;;;;;;;;;;;;;;;;;;;;;
348787;27.05.24 11:45:00;-47,803;234,579;-5,512;44,315;22,835;1003,139;22,053;55,590;22,675;52,560;21,400;1,011;214,796;19,242;-50,000;925;92,5;;0,0;60;13,26;29,13;;15;A27210;;;;;;;;;;;;;;;;;;;;;;;;;;;;;;;;;;;;;;;;;;;;;;;;;;;;;;;;;;;;;;;;;;;;;;;;;
348788;27.05.24 11:46:00;-47,583;236,260;-5,469;44,655;22,862;1003,115;22,206;55,690;22,695;51,135;21,385;1,678;307,018;19,239;-50,000;925;92,5;;0,0;60;13,26;29,17;;15;A27210;;;;;;;;;;;;;;;;;;;;;;;;;;;;;;;;;;;;;;;;;;;;;;;;;;;;;;;;;;;;;;;;;;;;;;;;;
348789;27.05.24 11:47:00;-47,273;241,045;-5,888;45,307;22,835;1003,097;22,305;50,620;22,705;51,040;21,420;1,820;196,223;19,248;-50,000;925;92,5;;0,0;60;13,27;29,17;;15;A27210;;;;;;;;;;;;;;;;;;;;;;;;;;;;;;;;;;;;;;;;;;;;;;;;;;;;;;;;;;;;;;;;;;;;;;;;;
348790;27.05.24 11:48:00;-47,250;247,522;-6,078;46,272;22,802;1003,094;22,599;50,455;22,715;51,265;21,435;1,664;186,778;19,242;-50,000;925;92,5;;0,0;60;13,28;29,17;;15;A27210;;;;;;;;;;;;;;;;;;;;;;;;;;;;;;;;;;;;;;;;;;;;;;;;;;;;;;;;;;;;;;;;;;;;;;;;;
348791;27.05.24 11:49:00;-46,956;252,754;-6,384;46,996;22,765;1003,085;22,116;49,325;22,680;50,600;21,375;1,511;196,526;19,245;-50,000;925;92,5;;0,0;60;13,29;29,01;;15;A27210;;;;;;;;;;;;;;;;;;;;;;;;;;;;;;;;;;;;;;;;;;;;;;;;;;;;;;;;;;;;;;;;;;;;;;;;;
348792;27.05.24 11:50:00;-47,300;257,520;-6,128;47,977;22,765;1003,109;22,122;50,640;22,625;51,050;21,405;1,000;320,619;19,242;-50,000;925;92,5;;0,0;60;13,29;29,21;;15;A27210;;;;;;;;;;;;;;;;;;;;;;;;;;;;;;;;;;;;;;;;;;;;;;;;;;;;;;;;;;;;;;;;;;;;;;;;;
348793;27.05.24 11:51:00;-47,270;266,242;-5,108;49,807;22,813;1003,115;21,930;52,135;22,650;53,395;21,480;0,791;155,683;19,260;-50,000;925;92,5;;0,0;60;13,28;29,21;;15;A27210;;;;;;;;;;;;;;;;;;;;;;;;;;;;;;;;;;;;;;;;;;;;;;;;;;;;;;;;;;;;;;;;;;;;;;;;;
348794;27.05.24 11:52:00;-47,577;279,003;-5,516;52,184;22,835;1003,085;22,158;50,670;22,650;51,160;21,500;1,679;184,956;19,245;-50,000;925;92,5;;0,0;60;13,32;29,13;;15;A27210;;;;;;;;;;;;;;;;;;;;;;;;;;;;;;;;;;;;;;;;;;;;;;;;;;;;;;;;;;;;;;;;;;;;;;;;;
348795;27.05.24 11:53:00;-47,774;293,138;-5,645;54,427;22,818;1003,082;22,296;49,080;22,640;49,840;21,495;1,313;212,394;19,260;-50,000;925;92,5;;0,0;60;13,32;28,97;;15;A27210;;;;;;;;;;;;;;;;;;;;;;;;;;;;;;;;;;;;;;;;;;;;;;;;;;;;;;;;;;;;;;;;;;;;;;;;;
348796;27.05.24 11:54:00;-47,866;309,409;-5,062;57,351;22,840;1003,088;22,830;50,295;22,610;50,250;21,525;0,981;186,525;19,245;-50,000;925;92,5;;0,0;60;13,30;28,77;;15;A27210;;;;;;;;;;;;;;;;;;;;;;;;;;;;;;;;;;;;;;;;;;;;;;;;;;;;;;;;;;;;;;;;;;;;;;;;;
348797;27.05.24 11:55:00;-48,187;324,404;-4,214;60,390;22,892;1003,106;22,614;50,605;22,610;50,200;21,555;0,928;210,932;19,257;-50,000;925;92,5;;0,0;60;13,31;28,81;;15;A27210;;;;;;;;;;;;;;;;;;;;;;;;;;;;;;;;;;;;;;;;;;;;;;;;;;;;;;;;;;;;;;;;;;;;;;;;;
348798;27.05.24 11:56:00;-48,597;335,945;-3,516;62,784;22,950;1003,088;22,392;50,310;22,630;50,205;21,575;0,988;170,224;19,248;-50,000;925;92,5;;0,0;60;13,30;28,89;;15;A27210;;;;;;;;;;;;;;;;;;;;;;;;;;;;;;;;;;;;;;;;;;;;;;;;;;;;;;;;;;;;;;;;;;;;;;;;;
348799;27.05.24 11:57:00;-48,983;339,677;-3,344;63,930;22,997;1003,070;22,014;50,825;22,645;51,290;21,575;1,248;206,640;19,254;-50,000;925;92,5;;0,0;60;13,30;28,97;;15;A27210;;;;;;;;;;;;;;;;;;;;;;;;;;;;;;;;;;;;;;;;;;;;;;;;;;;;;;;;;;;;;;;;;;;;;;;;;
348800;27.05.24 11:58:00;-49,165;338,499;-3,514;63,626;23,030;1003,022;22,431;49,725;22,675;50,015;21,585;1,621;176,378;19,276;-50,000;925;92,5;;0,0;60;13,30;28,93;;15;A27210;;;;;;;;;;;;;;;;;;;;;;;;;;;;;;;;;;;;;;;;;;;;;;;;;;;;;;;;;;;;;;;;;;;;;;;;;
348801;27.05.24 11:59:00;-49,301;339,240;-3,328;63,679;23,072;1003,037;21,984;49,695;22,655;51,090;21,635;0,864;159,407;19,273;-50,000;925;92,5;;0,0;60;13,30;28,93;;15;A27210;;;;;;;;;;;;;;;;;;;;;;;;;;;;;;;;;;;;;;;;;;;;;;;;;;;;;;;;;;;;;;;;;;;;;;;;;
348802;27.05.24 12:00:00;-49,839;346,096;-2,552;65,286;23,140;1003,040;22,086;51,170;22,705;51,065;21,715;1,221;177,632;19,282;-50,000;925;92,5;;0,0;60;13,30;28,97;;15;A27210;;;;;;;;;;;;;;;;;;;;;;;;;;;;;;;;;;;;;;;;;;;;;;;;;;;;;;;;;;;;;;;;;;;;;;;;;
348803;27.05.24 12:01:00;-49,981;355,137;-3,201;66,855;23,173;1003,016;22,116;49,810;22,725;50,145;21,735;1,527;171,810;19,276;-50,000;925;92,5;;0,0;60;13,28;29,13;;15;A27210;;;;;;;;;;;;;;;;;;;;;;;;;;;;;;;;;;;;;;;;;;;;;;;;;;;;;;;;;;;;;;;;;;;;;;;;;
348804;27.05.24 12:02:00;-50,255;363,416;-3,417;67,999;23,190;1002,986;21,942;50,050;22,740;50,570;21,710;1,534;210,887;19,303;-50,000;925;92,5;;0,0;60;13,32;29,01;;15;A27210;;;;;;;;;;;;;;;;;;;;;;;;;;;;;;;;;;;;;;;;;;;;;;;;;;;;;;;;;;;;;;;;;;;;;;;;;
348805;27.05.24 12:03:00;-51,002;366,322;-3,977;68,598;23,202;1002,977;21,789;49,430;22,770;50,075;21,760;1,482;193,517;19,324;-50,000;925;92,5;;0,0;60;13,32;29,01;;15;A27210;;;;;;;;;;;;;;;;;;;;;;;;;;;;;;;;;;;;;;;;;;;;;;;;;;;;;;;;;;;;;;;;;;;;;;;;;
348806;27.05.24 12:04:00;-51,653;356,336;-2,329;66,940;23,265;1003,007;22,353;55,630;22,810;53,740;21,820;0,722;218,250;19,327;-50,000;925;92,5;;0,0;60;13,32;28,97;;15;A27210;;;;;;;;;;;;;;;;;;;;;;;;;;;;;;;;;;;;;;;;;;;;;;;;;;;;;;;;;;;;;;;;;;;;;;;;;
348807;27.05.24 12:05:00;-52,442;344,694;-2,078;65,483;23,370;1003,001;21,984;52,850;22,880;52,710;21,955;0,701;176,693;19,337;-50,000;925;92,5;;0,0;60;13,33;28,93;;15;A27210;;;;;;;;;;;;;;;;;;;;;;;;;;;;;;;;;;;;;;;;;;;;;;;;;;;;;;;;;;;;;;;;;;;;;;;;;
348808;27.05.24 12:06:00;-53,296;340,658;-2,877;65,115;23,427;1002,974;21,771;50,710;22,955;50,965;22,050;1,045;196,931;19,340;-50,000;925;92,5;;0,0;60;13,35;29,13;;15;A27210;;;;;;;;;;;;;;;;;;;;;;;;;;;;;;;;;;;;;;;;;;;;;;;;;;;;;;;;;;;;;;;;;;;;;;;;;
348809;27.05.24 12:07:00;-53,913;349,082;-4,775;66,257;23,450;1002,917;22,530;48,065;23,015;48,415;22,060;1,582;199,451;19,340;-50,000;925;92,5;;0,0;60;13,37;29,21;;15;A27210;;;;;;;;;;;;;;;;;;;;;;;;;;;;;;;;;;;;;;;;;;;;;;;;;;;;;;;;;;;;;;;;;;;;;;;;;
348810;27.05.24 12:08:00;-53,258;366,742;-5,110;68,878;23,425;1002,875;22,341;48,365;23,030;48,535;21,975;1,731;221,771;19,343;-50,000;925;92,5;;0,0;60;13,39;29,44;;15;A27210;;;;;;;;;;;;;;;;;;;;;;;;;;;;;;;;;;;;;;;;;;;;;;;;;;;;;;;;;;;;;;;;;;;;;;;;;
348811;27.05.24 12:09:00;-53,397;388,876;-3,862;72,752;23,433;1002,914;22,065;50,030;23,060;50,305;21,980;1,952;135,236;19,340;-50,000;925;92,5;;0,0;60;13,42;29,44;;15;A27210;;;;;;;;;;;;;;;;;;;;;;;;;;;;;;;;;;;;;;;;;;;;;;;;;;;;;;;;;;;;;;;;;;;;;;;;;
348812;27.05.24 12:10:00;-53,278;412,532;-3,642;77,195;23,432;1002,911;21,993;49,100;23,055;50,365;21,980;1,327;182,059;19,346;-50,000;925;92,5;;0,0;60;13,44;29,40;;15;A27210;;;;;;;;;;;;;;;;;;;;;;;;;;;;;;;;;;;;;;;;;;;;;;;;;;;;;;;;;;;;;;;;;;;;;;;;;
348813;27.05.24 12:11:00;-53,871;434,822;-2,516;81,738;23,497;1002,938;22,149;50,425;23,095;50,465;22,050;1,195;155,998;19,352;-50,000;925;92,5;;0,0;60;13,47;29,33;;15;A27210;;;;;;;;;;;;;;;;;;;;;;;;;;;;;;;;;;;;;;;;;;;;;;;;;;;;;;;;;;;;;;;;;;;;;;;;;
348814;27.05.24 12:12:00;-54,504;513,409;0,508;95,936;23,595;1002,998;22,572;51,675;23,160;52,645;22,115;1,046;162,776;19,361;-50,000;925;92,5;;0,0;60;13,55;29,37;;15;A27210;;;;;;;;;;;;;;;;;;;;;;;;;;;;;;;;;;;;;;;;;;;;;;;;;;;;;;;;;;;;;;;;;;;;;;;;;
348815;27.05.24 12:13:00;-56,444;553,031;2,763;105,613;23,747;1003,028;21,606;50,880;23,240;51,120;22,275;1,016;182,070;19,385;-50,000;925;92,5;;0,0;60;13,58;29,40;;15;A27210;;;;;;;;;;;;;;;;;;;;;;;;;;;;;;;;;;;;;;;;;;;;;;;;;;;;;;;;;;;;;;;;;;;;;;;;;
348816;27.05.24 12:14:00;-59,817;605,308;3,489;113,926;23,907;1003,019;22,044;51,845;23,350;51,265;22,365;1,453;103,697;19,413;-50,000;925;92,5;;0,0;60;13,61;29,60;;15;A27210;;;;;;;;;;;;;;;;;;;;;;;;;;;;;;;;;;;;;;;;;;;;;;;;;;;;;;;;;;;;;;;;;;;;;;;;;
348817;27.05.24 12:15:00;-63,460;644,314;2,859;121,143;24,028;1002,983;22,524;49,605;23,450;49,875;22,410;1,451;218,835;19,434;-50,000;925;92,5;;0,0;60;13,65;29,88;;15;A27210;;;;;;;;;;;;;;;;;;;;;;;;;;;;;;;;;;;;;;;;;;;;;;;;;;;;;;;;;;;;;;;;;;;;;;;;;
348818;27.05.24 12:16:00;-67,551;487,390;1,151;90,989;24,122;1002,920;21,654;48,285;23,485;48,225;22,425;1,884;182,070;19,428;-50,000;925;92,5;;0,0;60;13,54;29,84;;15;A27210;;;;;;;;;;;;;;;;;;;;;;;;;;;;;;;;;;;;;;;;;;;;;;;;;;;;;;;;;;;;;;;;;;;;;;;;;
348819;27.05.24 12:17:00;-70,433;429,222;-2,248;79,030;24,137;1002,839;22,323;47,740;23,515;48,075;22,385;2,194;216,208;19,437;-50,000;925;92,5;;0,0;60;13,53;29,92;;15;A27210;;;;;;;;;;;;;;;;;;;;;;;;;;;;;;;;;;;;;;;;;;;;;;;;;;;;;;;;;;;;;;;;;;;;;;;;;
348820;27.05.24 12:18:00;-72,030;462,341;-4,328;84,940;24,075;1002,815;22,248;46,420;23,580;47,770;22,370;2,401;180,242;19,447;-50,000;925;92,5;;0,0;60;13,57;30,24;;15;A27210;;;;;;;;;;;;;;;;;;;;;;;;;;;;;;;;;;;;;;;;;;;;;;;;;;;;;;;;;;;;;;;;;;;;;;;;;
348821;27.05.24 12:19:00;-72,765;678,771;-0,099;125,736;24,057;1002,899;21,933;48,930;23,575;49,040;22,350;1,764;204,919;19,465;-50,000;925;92,5;;0,0;60;13,73;30,00;;15;A27210;;;;;;;;;;;;;;;;;;;;;;;;;;;;;;;;;;;;;;;;;;;;;;;;;;;;;;;;;;;;;;;;;;;;;;;;;
348822;27.05.24 12:20:00;-73,862;801,979;5,977;150,145;24,202;1003,001;22,107;49,285;23,620;48,960;22,410;1,227;184,652;19,508;-50,000;925;92,5;;0,0;60;13,80;30,20;;15;A27210;;;;;;;;;;;;;;;;;;;;;;;;;;;;;;;;;;;;;;;;;;;;;;;;;;;;;;;;;;;;;;;;;;;;;;;;;
348823;27.05.24 12:21:00;-75,781;731,229;7,840;136,412;24,412;1003,004;21,795;50,390;23,700;50,290;22,525;1,636;193,590;19,520;-50,000;925;92,5;;0,0;60;13,76;30,32;;15;A27210;;;;;;;;;;;;;;;;;;;;;;;;;;;;;;;;;;;;;;;;;;;;;;;;;;;;;;;;;;;;;;;;;;;;;;;;;
348824;27.05.24 12:22:00;-77,355;579,981;1,377;107,757;24,482;1002,839;22,020;46,255;23,790;46,635;22,615;2,667;196,791;19,544;-50,000;925;92,5;;0,0;60;13,68;30,44;;15;A27210;;;;;;;;;;;;;;;;;;;;;;;;;;;;;;;;;;;;;;;;;;;;;;;;;;;;;;;;;;;;;;;;;;;;;;;;;
348825;27.05.24 12:23:00;-77,700;454,036;-1,797;82,087;24,465;1002,803;21,963;47,025;23,840;46,810;22,545;1,889;165,729;19,547;-50,000;925;92,5;;0,0;60;13,60;30,71;;15;A27210;;;;;;;;;;;;;;;;;;;;;;;;;;;;;;;;;;;;;;;;;;;;;;;;;;;;;;;;;;;;;;;;;;;;;;;;;
348826;27.05.24 12:24:00;-75,746;425,331;-4,418;76,036;24,382;1002,740;20,988;45,060;23,860;46,450;22,460;2,163;191,233;19,584;-50,000;925;92,5;;0,0;60;13,57;30,87;;15;A27210;;;;;;;;;;;;;;;;;;;;;;;;;;;;;;;;;;;;;;;;;;;;;;;;;;;;;;;;;;;;;;;;;;;;;;;;;
348827;27.05.24 12:25:00;-73,755;430,695;-4,757;76,564;24,320;1002,770;22,263;45,380;23,845;47,295;22,395;1,463;168,722;19,627;-50,000;925;92,5;;0,0;60;13,58;30,83;;15;A27210;;;;;;;;;;;;;;;;;;;;;;;;;;;;;;;;;;;;;;;;;;;;;;;;;;;;;;;;;;;;;;;;;;;;;;;;;
348828;27.05.24 12:26:00;-72,814;460,543;-3,371;82,712;24,335;1002,833;22,326;47,295;23,840;48,655;22,390;1,351;156,808;19,633;-50,000;925;92,5;;0,0;60;13,59;30,83;;15;A27210;;;;;;;;;;;;;;;;;;;;;;;;;;;;;;;;;;;;;;;;;;;;;;;;;;;;;;;;;;;;;;;;;;;;;;;;;
348829;27.05.24 12:27:00;-70,881;716,536;1,515;132,660;24,392;1002,902;22,239;48,320;23,860;48,705;22,430;1,154;190,125;19,657;-50,000;925;92,5;;0,0;60;13,79;30,75;;15;A27210;;;;;;;;;;;;;;;;;;;;;;;;;;;;;;;;;;;;;;;;;;;;;;;;;;;;;;;;;;;;;;;;;;;;;;;;;
348830;27.05.24 12:28:00;-71,468;641,514;5,481;116,854;24,550;1002,926;21,990;50,045;23,890;49,335;22,480;0,967;217,001;19,712;-50,000;925;92,5;;0,0;60;13,69;30,71;;15;A27210;;;;;;;;;;;;;;;;;;;;;;;;;;;;;;;;;;;;;;;;;;;;;;;;;;;;;;;;;;;;;;;;;;;;;;;;;
348831;27.05.24 12:29:00;-72,039;494,259;1,454;89,914;24,622;1002,830;22,224;47,835;23,985;47,925;22,540;1,856;205,943;19,779;-50,000;925;92,5;;0,0;60;13,60;31,07;;15;A27210;;;;;;;;;;;;;;;;;;;;;;;;;;;;;;;;;;;;;;;;;;;;;;;;;;;;;;;;;;;;;;;;;;;;;;;;;
348832;27.05.24 12:30:00;-71,656;479,916;-0,048;87,307;24,667;1002,815;22,236;48,010;24,040;48,980;22,590;1,243;183,831;19,828;-50,000;925;92,5;;0,0;60;13,61;30,91;;15;A27210;;;;;;;;;;;;;;;;;;;;;;;;;;;;;;;;;;;;;;;;;;;;;;;;;;;;;;;;;;;;;;;;;;;;;;;;;
348833;27.05.24 12:31:00;-70,920;505,003;0,156;92,276;24,737;1002,812;22,263;48,445;24,130;49,010;22,645;1,164;180,135;19,831;-50,000;925;92,5;;0,0;60;13,64;31,27;;15;A27210;;;;;;;;;;;;;;;;;;;;;;;;;;;;;;;;;;;;;;;;;;;;;;;;;;;;;;;;;;;;;;;;;;;;;;;;;
348834;27.05.24 12:32:00;-70,083;519,492;0,748;95,942;24,790;1002,833;22,011;47,170;24,180;48,080;22,695;1,414;196,695;19,850;-50,000;925;92,5;;0,0;60;13,63;31,11;;15;A27210;;;;;;;;;;;;;;;;;;;;;;;;;;;;;;;;;;;;;;;;;;;;;;;;;;;;;;;;;;;;;;;;;;;;;;;;;
348835;27.05.24 12:33:00;-69,399;501,611;-2,079;90,800;24,782;1002,773;22,017;46,715;24,220;47,810;22,705;1,786;151,740;19,892;-50,000;925;92,5;;0,0;60;13,63;31,35;;15;A27210;;;;;;;;;;;;;;;;;;;;;;;;;;;;;;;;;;;;;;;;;;;;;;;;;;;;;;;;;;;;;;;;;;;;;;;;;
348836;27.05.24 12:34:00;-68,523;461,619;-2,311;83,866;24,762;1002,794;21,993;46,430;24,220;48,375;22,670;1,198;210,701;19,914;-50,000;925;92,5;;0,0;60;13,60;31,63;;15;A27210;;;;;;;;;;;;;;;;;;;;;;;;;;;;;;;;;;;;;;;;;;;;;;;;;;;;;;;;;;;;;;;;;;;;;;;;;
348837;27.05.24 12:35:00;-67,886;436,274;-3,804;78,650;24,730;1002,767;21,879;46,220;24,250;47,565;22,685;2,711;170,213;19,926;-50,000;925;92,5;;0,0;60;13,57;31,47;;15;A27210;;;;;;;;;;;;;;;;;;;;;;;;;;;;;;;;;;;;;;;;;;;;;;;;;;;;;;;;;;;;;;;;;;;;;;;;;
348838;27.05.24 12:36:00;-67,310;435,276;-5,007;78,351;24,697;1002,785;22,155;45,930;24,230;47,070;22,655;1,884;142,217;19,935;-50,000;925;92,5;;0,0;60;13,57;31,55;;15;A27210;;;;;;;;;;;;;;;;;;;;;;;;;;;;;;;;;;;;;;;;;;;;;;;;;;;;;;;;;;;;;;;;;;;;;;;;;
348839;27.05.24 12:37:00;-66,827;446,436;-4,857;80,417;24,663;1002,797;21,450;46,215;24,185;47,390;22,590;1,567;181,046;19,941;-50,000;925;92,5;;0,0;60;13,58;31,43;;15;A27210;;;;;;;;;;;;;;;;;;;;;;;;;;;;;;;;;;;;;;;;;;;;;;;;;;;;;;;;;;;;;;;;;;;;;;;;;
348840;27.05.24 12:38:00;-67,285;506,013;-3,727;91,594;24,670;1002,815;21,816;46,845;24,160;47,780;22,605;1,896;156,156;19,999;-50,000;925;92,5;;0,0;60;13,61;31,31;;15;A27210;;;;;;;;;;;;;;;;;;;;;;;;;;;;;;;;;;;;;;;;;;;;;;;;;;;;;;;;;;;;;;;;;;;;;;;;;
348841;27.05.24 12:39:00;-67,505;718,013;-0,990;130,897;24,650;1002,827;21,990;46,055;24,140;47,675;22,595;1,603;154,581;20,011;-50,000;925;92,5;;0,0;60;13,76;31,31;;15;A27210;;;;;;;;;;;;;;;;;;;;;;;;;;;;;;;;;;;;;;;;;;;;;;;;;;;;;;;;;;;;;;;;;;;;;;;;;
348842;27.05.24 12:40:00;-68,589;889,374;6,087;165,710;24,767;1002,944;22,548;46,915;24,130;47,680;22,590;1,480;184,483;20,023;-50,000;925;92,5;;0,0;60;13,87;31,47;;15;A27210;;;;;;;;;;;;;;;;;;;;;;;;;;;;;;;;;;;;;;;;;;;;;;;;;;;;;;;;;;;;;;;;;;;;;;;;;
348843;27.05.24 12:41:00;-71,373;942,296;7,029;176,079;24,910;1002,905;22,272;45,000;24,155;46,165;22,655;2,289;172,997;20,035;-50,000;925;92,5;;0,0;60;13,87;31,71;;15;A27210;;;;;;;;;;;;;;;;;;;;;;;;;;;;;;;;;;;;;;;;;;;;;;;;;;;;;;;;;;;;;;;;;;;;;;;;;
348844;27.05.24 12:42:00;-72,574;990,382;12,325;186,038;25,105;1002,965;21,897;47,090;24,175;47,940;22,715;1,402;189,804;20,057;-50,000;925;92,5;;0,0;60;13,91;31,51;;15;A27210;;;;;;;;;;;;;;;;;;;;;;;;;;;;;;;;;;;;;;;;;;;;;;;;;;;;;;;;;;;;;;;;;;;;;;;;;
348845;27.05.24 12:43:00;-77,488;588,918;5,688;107,554;25,313;1002,860;21,714;46,855;24,285;47,780;22,870;1,281;165,926;20,094;-50,000;925;92,5;;0,0;60;13,72;31,79;;15;A27210;;;;;;;;;;;;;;;;;;;;;;;;;;;;;;;;;;;;;;;;;;;;;;;;;;;;;;;;;;;;;;;;;;;;;;;;;
348846;27.05.24 12:44:00;-75,948;840,843;6,820;155,919;25,455;1002,884;21,465;46,515;24,395;47,780;23,015;1,221;161,859;20,118;-50,000;925;92,5;;0,0;60;13,87;31,94;;15;A27210;;;;;;;;;;;;;;;;;;;;;;;;;;;;;;;;;;;;;;;;;;;;;;;;;;;;;;;;;;;;;;;;;;;;;;;;;
348847;27.05.24 12:45:00;-77,355;697,947;6,367;127,733;25,635;1002,833;22,416;47,205;24,505;47,105;23,115;0,963;167,754;20,130;-50,000;925;92,5;;0,0;60;13,78;31,98;;15;A27210;;;;;;;;;;;;;;;;;;;;;;;;;;;;;;;;;;;;;;;;;;;;;;;;;;;;;;;;;;;;;;;;;;;;;;;;;
348848;27.05.24 12:46:00;-77,896;547,836;2,486;98,859;25,800;1002,752;22,242;47,490;24,640;48,160;23,275;0,894;195,002;20,161;-50,000;925;92,5;;0,0;60;13,70;32,26;;15;A27210;;;;;;;;;;;;;;;;;;;;;;;;;;;;;;;;;;;;;;;;;;;;;;;;;;;;;;;;;;;;;;;;;;;;;;;;;
348849;27.05.24 12:47:00;-77,522;516,384;-0,814;93,406;25,942;1002,698;22,173;46,475;24,780;47,980;23,455;1,562;200,914;20,210;-50,000;925;92,5;;0,0;60;13,67;32,54;;15;A27210;;;;;;;;;;;;;;;;;;;;;;;;;;;;;;;;;;;;;;;;;;;;;;;;;;;;;;;;;;;;;;;;;;;;;;;;;
348850;27.05.24 12:48:00;-77,718;562,906;-3,537;101,419;25,900;1002,602;22,368;44,720;24,900;45,470;23,520;1,871;176,378;20,225;-50,000;925;92,5;;0,0;60;13,70;32,50;;15;A27210;;;;;;;;;;;;;;;;;;;;;;;;;;;;;;;;;;;;;;;;;;;;;;;;;;;;;;;;;;;;;;;;;;;;;;;;;
348851;27.05.24 12:49:00;-76,385;758,029;-1,393;136,075;25,813;1002,593;22,107;42,830;24,930;43,710;23,410;2,201;150,306;20,261;-50,000;925;92,5;;0,0;60;13,81;32,74;;15;A27210;;;;;;;;;;;;;;;;;;;;;;;;;;;;;;;;;;;;;;;;;;;;;;;;;;;;;;;;;;;;;;;;;;;;;;;;;
348852;27.05.24 12:50:00;-77,743;701,603;-0,544;125,203;25,790;1002,611;22,257;42,550;24,895;43,845;23,310;2,759;207,917;20,289;-50,000;925;92,5;;0,0;60;13,77;32,74;;15;A27210;;;;;;;;;;;;;;;;;;;;;;;;;;;;;;;;;;;;;;;;;;;;;;;;;;;;;;;;;;;;;;;;;;;;;;;;;
348853;27.05.24 12:51:00;-78,914;622,949;-3,964;109,768;25,653;1002,536;22,038;41,735;24,875;43,685;23,235;2,261;180,332;20,316;-50,000;925;92,5;;0,0;60;13,73;32,82;;15;A27210;;;;;;;;;;;;;;;;;;;;;;;;;;;;;;;;;;;;;;;;;;;;;;;;;;;;;;;;;;;;;;;;;;;;;;;;;
348854;27.05.24 12:52:00;-78,856;853,661;2,102;152,007;25,688;1002,695;22,050;44,160;24,840;45,375;23,200;1,421;142,127;20,350;-50,000;925;92,5;;0,0;60;13,85;32,82;;15;A27210;;;;;;;;;;;;;;;;;;;;;;;;;;;;;;;;;;;;;;;;;;;;;;;;;;;;;;;;;;;;;;;;;;;;;;;;;
348855;27.05.24 12:53:00;-79,536;820,088;3,489;147,224;25,780;1002,662;22,026;43,970;24,820;44,865;23,200;1,699;205,476;20,377;-50,000;925;92,5;;0,0;60;13,83;33,13;;15;A27210;;;;;;;;;;;;;;;;;;;;;;;;;;;;;;;;;;;;;;;;;;;;;;;;;;;;;;;;;;;;;;;;;;;;;;;;;
348856;27.05.24 12:54:00;-80,218;596,373;0,695;103,737;25,830;1002,572;21,819;44,060;24,835;44,835;23,165;1,339;146,655;20,411;-50,000;925;92,5;;0,0;60;13,74;33,21;;15;A27210;;;;;;;;;;;;;;;;;;;;;;;;;;;;;;;;;;;;;;;;;;;;;;;;;;;;;;;;;;;;;;;;;;;;;;;;;
348857;27.05.24 12:55:00;-79,396;609,443;-1,676;107,437;25,872;1002,536;22,308;43,865;24,805;45,340;23,150;1,863;257,293;20,417;-50,000;925;92,5;;0,0;60;13,75;33,10;;15;A27210;;;;;;;;;;;;;;;;;;;;;;;;;;;;;;;;;;;;;;;;;;;;;;;;;;;;;;;;;;;;;;;;;;;;;;;;;
348858;27.05.24 12:56:00;-76,705;857,034;2,978;154,690;25,920;1002,611;22,389;45,615;24,820;46,790;23,175;1,100;224,494;20,423;-50,000;925;92,5;;0,0;60;13,87;33,17;;15;A27210;;;;;;;;;;;;;;;;;;;;;;;;;;;;;;;;;;;;;;;;;;;;;;;;;;;;;;;;;;;;;;;;;;;;;;;;;
348859;27.05.24 12:57:00;-73,511;1082,075;13,090;198,602;26,112;1002,773;21,978;45,990;24,870;45,815;23,250;1,391;182,520;20,481;-50,000;925;92,5;;0,0;60;13,92;33,33;;15;A27210;;;;;;;;;;;;;;;;;;;;;;;;;;;;;;;;;;;;;;;;;;;;;;;;;;;;;;;;;;;;;;;;;;;;;;;;;
348860;27.05.24 12:58:00;-76,253;650,898;6,214;116,227;26,313;1002,620;21,897;46,985;24,995;47,485;23,410;1,956;117,129;20,512;-50,000;925;92,5;;0,0;60;13,74;33,61;;15;A27210;;;;;;;;;;;;;;;;;;;;;;;;;;;;;;;;;;;;;;;;;;;;;;;;;;;;;;;;;;;;;;;;;;;;;;;;;
348861;27.05.24 12:59:00;-76,259;599,594;-0,974;106,200;26,243;1002,452;22,197;44,210;25,060;45,265;23,480;2,475;122,676;20,524;-50,000;925;92,5;;0,0;60;13,73;33,33;;15;A27210;;;;;;;;;;;;;;;;;;;;;;;;;;;;;;;;;;;;;;;;;;;;;;;;;;;;;;;;;;;;;;;;;;;;;;;;;
348862;27.05.24 13:00:00;-76,213;699,533;-0,963;123,754;26,192;1002,515;22,800;44,155;25,030;45,595;23,380;1,557;180,461;20,573;-50,000;925;92,5;;0,0;60;13,77;33,65;;15;A27210;;;;;;;;;;;;;;;;;;;;;;;;;;;;;;;;;;;;;;;;;;;;;;;;;;;;;;;;;;;;;;;;;;;;;;;;;
348863;27.05.24 13:01:00;-75,977;917,673;0,836;164,649;26,188;1002,530;22,542;43,475;25,010;44,940;23,350;2,384;190,665;20,606;-50,000;925;92,5;;0,0;60;13,87;33,65;;15;A27210;;;;;;;;;;;;;;;;;;;;;;;;;;;;;;;;;;;;;;;;;;;;;;;;;;;;;;;;;;;;;;;;;;;;;;;;;
348864;27.05.24 13:02:00;-76,251;972,033;6,953;175,046;26,200;1002,587;22,197;45,255;24,970;46,155;23,275;1,549;187,521;20,618;-50,000;925;92,5;;0,0;60;13,91;33,81;;15;A27210;;;;;;;;;;;;;;;;;;;;;;;;;;;;;;;;;;;;;;;;;;;;;;;;;;;;;;;;;;;;;;;;;;;;;;;;;
348865;27.05.24 13:03:00;-79,905;738,040;5,467;131,027;26,333;1002,548;21,777;45,210;24,990;46,335;23,345;1,573;193,849;20,634;-50,000;925;92,5;;0,0;60;13,81;33,93;;15;A27210;;;;;;;;;;;;;;;;;;;;;;;;;;;;;;;;;;;;;;;;;;;;;;;;;;;;;;;;;;;;;;;;;;;;;;;;;
348866;27.05.24 13:04:00;-81,450;599,107;0,128;104,812;26,330;1002,467;21,723;45,040;25,015;46,120;23,390;2,147;142,740;20,692;-50,000;925;92,5;;0,0;60;13,73;33,97;;15;A27210;;;;;;;;;;;;;;;;;;;;;;;;;;;;;;;;;;;;;;;;;;;;;;;;;;;;;;;;;;;;;;;;;;;;;;;;;
348867;27.05.24 13:05:00;-81,143;545,388;-3,437;94,538;26,262;1002,410;22,578;43,790;25,025;45,610;23,380;1,375;148,196;20,707;-50,000;925;92,5;;0,0;60;13,71;33,97;;15;A27210;;;;;;;;;;;;;;;;;;;;;;;;;;;;;;;;;;;;;;;;;;;;;;;;;;;;;;;;;;;;;;;;;;;;;;;;;
348868;27.05.24 13:06:00;-81,537;538,430;-4,216;93,323;26,218;1002,431;22,026;43,285;25,010;45,255;23,345;2,100;200,824;20,722;-50,000;925;92,5;;0,0;60;13,73;34,01;;15;A27210;;;;;;;;;;;;;;;;;;;;;;;;;;;;;;;;;;;;;;;;;;;;;;;;;;;;;;;;;;;;;;;;;;;;;;;;;
348869;27.05.24 13:07:00;-81,897;629,073;-4,030;109,790;26,172;1002,485;21,954;43,735;24,995;44,920;23,365;1,281;125,561;20,786;-50,000;925;92,5;;0,0;60;13,78;33,93;;15;A27210;;;;;;;;;;;;;;;;;;;;;;;;;;;;;;;;;;;;;;;;;;;;;;;;;;;;;;;;;;;;;;;;;;;;;;;;;
348870;27.05.24 13:08:00;-81,121;904,896;1,890;160,530;26,208;1002,563;22,140;43,355;24,980;44,560;23,320;2,128;134,955;20,805;-50,000;925;92,5;;0,0;60;13,88;34,01;;15;A27210;;;;;;;;;;;;;;;;;;;;;;;;;;;;;;;;;;;;;;;;;;;;;;;;;;;;;;;;;;;;;;;;;;;;;;;;;
348871;27.05.24 13:09:00;-79,142;1192,779;9,759;218,015;26,327;1002,689;23,052;43,850;24,970;44,625;23,325;1,445;173,902;20,820;-50,000;925;92,5;;0,0;60;13,97;34,09;;15;A27210;;;;;;;;;;;;;;;;;;;;;;;;;;;;;;;;;;;;;;;;;;;;;;;;;;;;;;;;;;;;;;;;;;;;;;;;;
348872;27.05.24 13:10:00;-82,464;721,948;7,448;127,776;26,532;1002,635;22,119;44,140;25,015;45,630;23,450;1,800;210,803;20,829;-50,000;925;92,5;;0,0;60;13,81;34,17;;15;A27210;;;;;;;;;;;;;;;;;;;;;;;;;;;;;;;;;;;;;;;;;;;;;;;;;;;;;;;;;;;;;;;;;;;;;;;;;
348873;27.05.24 13:11:00;-82,983;518,081;-2,473;89,660;26,507;1002,398;22,398;43,130;25,055;44,115;23,575;1,874;178,003;20,887;-50,000;925;92,5;;0,0;60;13,74;34,40;;15;A27210;;;;;;;;;;;;;;;;;;;;;;;;;;;;;;;;;;;;;;;;;;;;;;;;;;;;;;;;;;;;;;;;;;;;;;;;;
348874;27.05.24 13:12:00;-76,690;1032,984;5,991;187,845;26,530;1002,593;21,930;43,355;25,105;44,170;23,590;1,720;203,518;20,905;-50,000;925;92,5;;0,0;60;13,90;34,33;;15;A27210;;;;;;;;;;;;;;;;;;;;;;;;;;;;;;;;;;;;;;;;;;;;;;;;;;;;;;;;;;;;;;;;;;;;;;;;;
348875;27.05.24 13:13:00;-78,287;505,404;-1,012;88,241;26,587;1002,428;21,924;43,995;25,170;44,415;23,660;1,689;191,284;20,964;-50,000;925;92,5;;0,0;60;13,71;34,52;;15;A27210;;;;;;;;;;;;;;;;;;;;;;;;;;;;;;;;;;;;;;;;;;;;;;;;;;;;;;;;;;;;;;;;;;;;;;;;;
348876;27.05.24 13:14:00;-76,051;517,694;-3,562;90,058;26,565;1002,413;22,131;44,190;25,195;44,390;23,665;1,835;282,538;NaN;-50,000;925;92,5;;0,0;58;13,68;34,72;;15;A27210;;;;;;;;;;;;;;;;;;;;;;;;;;;;;;;;;;;;;;;;;;;;;;;;;;;;;;;;;;;;;;;;;;;;;;;;;
348877;27.05.24 13:15:00;-73,609;525,864;-6,434;92,277;26,397;1002,314;21,888;40,780;25,195;42,125;23,620;3,259;195,654;21,012;-50,000;925;92,5;;0,0;60;13,70;34,60;;15;A27210;;;;;;;;;;;;;;;;;;;;;;;;;;;;;;;;;;;;;;;;;;;;;;;;;;;;;;;;;;;;;;;;;;;;;;;;;
348878;27.05.24 13:16:00;-70,793;592,679;-6,008;102,528;26,100;1002,323;21,882;40,620;25,110;42,350;23,415;3,196;199,862;21,040;-50,000;925;92,5;;0,0;60;13,72;34,48;;15;A27210;;;;;;;;;;;;;;;;;;;;;;;;;;;;;;;;;;;;;;;;;;;;;;;;;;;;;;;;;;;;;;;;;;;;;;;;;
348879;27.05.24 13:17:00;-69,756;511,663;-6,240;88,551;25,872;1002,353;21,909;41,305;25,000;43,155;23,280;2,614;220,343;21,082;-50,000;925;92,5;;0,0;60;13,67;34,60;;15;A27210;;;;;;;;;;;;;;;;;;;;;;;;;;;;;;;;;;;;;;;;;;;;;;;;;;;;;;;;;;;;;;;;;;;;;;;;;
348880;27.05.24 13:18:00;-68,319;521,417;-5,694;90,710;25,713;1002,422;21,867;42,730;24,890;44,260;23,195;1,768;241,121;21,092;-50,000;925;92,5;;0,0;60;13,67;34,37;;15;A27210;;;;;;;;;;;;;;;;;;;;;;;;;;;;;;;;;;;;;;;;;;;;;;;;;;;;;;;;;;;;;;;;;;;;;;;;;
348881;27.05.24 13:19:00;-67,100;583,173;-4,494;102,239;25,650;1002,518;21,951;43,035;24,810;44,945;23,120;1,467;176,771;21,098;-50,000;925;92,5;;0,0;60;13,68;34,33;;15;A27210;;;;;;;;;;;;;;;;;;;;;;;;;;;;;;;;;;;;;;;;;;;;;;;;;;;;;;;;;;;;;;;;;;;;;;;;;
348882;27.05.24 13:20:00;-66,211;550,620;-2,896;97,787;25,647;1002,548;22,098;43,820;24,725;45,495;23,080;1,724;207,411;21,119;-50,000;925;92,5;;0,0;60;13,68;34,13;;15;A27210;;;;;;;;;;;;;;;;;;;;;;;;;;;;;;;;;;;;;;;;;;;;;;;;;;;;;;;;;;;;;;;;;;;;;;;;;
348883;27.05.24 13:21:00;-65,487;535,669;-4,150;95,787;25,610;1002,548;21,702;43,470;24,655;45,365;23,035;1,982;212,889;21,128;-50,000;925;92,5;;0,0;60;13,67;34,17;;15;A27210;;;;;;;;;;;;;;;;;;;;;;;;;;;;;;;;;;;;;;;;;;;;;;;;;;;;;;;;;;;;;;;;;;;;;;;;;
348884;27.05.24 13:22:00;-64,246;504,689;-4,734;90,434;25,575;1002,566;22,137;43,835;24,615;45,905;23,035;2,140;129,054;21,162;-50,000;925;92,5;;0,0;60;13,66;34,13;;15;A27210;;;;;;;;;;;;;;;;;;;;;;;;;;;;;;;;;;;;;;;;;;;;;;;;;;;;;;;;;;;;;;;;;;;;;;;;;
348885;27.05.24 13:23:00;-64,124;476,927;-5,269;85,462;25,510;1002,578;21,864;43,950;24,540;46,100;22,980;1,784;139,061;21,180;-50,000;925;92,5;;0,0;60;13,64;33,93;;15;A27210;;;;;;;;;;;;;;;;;;;;;;;;;;;;;;;;;;;;;;;;;;;;;;;;;;;;;;;;;;;;;;;;;;;;;;;;;
348886;27.05.24 13:24:00;-64,137;459,642;-3,761;82,879;25,487;1002,608;22,446;47,435;24,500;48,345;22,960;1,160;111,443;21,186;-50,000;925;92,5;;0,0;60;13,64;33,77;;15;A27210;;;;;;;;;;;;;;;;;;;;;;;;;;;;;;;;;;;;;;;;;;;;;;;;;;;;;;;;;;;;;;;;;;;;;;;;;
348887;27.05.24 13:25:00;-63,658;461,242;-5,287;84,105;25,440;1002,536;21,807;44,560;24,455;45,515;22,955;2,421;158,333;21,192;-50,000;925;92,5;;0,0;60;13,63;33,65;;15;A27210;;;;;;;;;;;;;;;;;;;;;;;;;;;;;;;;;;;;;;;;;;;;;;;;;;;;;;;;;;;;;;;;;;;;;;;;;
348888;27.05.24 13:26:00;-62,720;473,212;-4,723;85,557;25,333;1002,557;21,732;45,200;24,375;46,755;22,885;1,652;165,544;21,195;-50,000;925;92,5;;0,0;60;13,65;33,41;;15;A27210;;;;;;;;;;;;;;;;;;;;;;;;;;;;;;;;;;;;;;;;;;;;;;;;;;;;;;;;;;;;;;;;;;;;;;;;;
348889;27.05.24 13:27:00;-62,741;489,018;-4,194;89,175;25,335;1002,617;21,699;45,930;24,340;47,610;22,855;1,948;194,355;21,201;-50,000;925;92,5;;0,0;60;13,65;33,61;;15;A27210;;;;;;;;;;;;;;;;;;;;;;;;;;;;;;;;;;;;;;;;;;;;;;;;;;;;;;;;;;;;;;;;;;;;;;;;;
348890;27.05.24 13:28:00;-62,265;510,399;-3,698;93,087;25,307;1002,596;22,476;45,625;24,335;46,850;22,840;1,610;95,839;21,216;-50,000;925;92,5;;0,0;60;13,67;33,69;;15;A27210;;;;;;;;;;;;;;;;;;;;;;;;;;;;;;;;;;;;;;;;;;;;;;;;;;;;;;;;;;;;;;;;;;;;;;;;;
348891;27.05.24 13:29:00;-61,659;555,407;-3,001;101,297;25,237;1002,539;21,540;45,585;24,280;46,875;22,835;3,120;118,716;21,207;-50,000;925;92,5;;0,0;60;13,69;33,57;;15;A27210;;;;;;;;;;;;;;;;;;;;;;;;;;;;;;;;;;;;;;;;;;;;;;;;;;;;;;;;;;;;;;;;;;;;;;;;;
348892;27.05.24 13:30:00;-61,297;567,074;-3,549;102,412;25,097;1002,515;22,134;45,095;24,190;47,220;22,695;2,129;158,546;21,229;-50,000;925;92,5;;0,0;60;13,69;33,33;;15;A27210;;;;;;;;;;;;;;;;;;;;;;;;;;;;;;;;;;;;;;;;;;;;;;;;;;;;;;;;;;;;;;;;;;;;;;;;;
348893;27.05.24 13:31:00;-61,644;547,800;-2,397;99,483;25,075;1002,554;22,407;46,175;24,130;48,705;22,635;1,581;180,534;21,247;-50,000;925;92,5;;0,0;60;13,69;33,45;;15;A27210;;;;;;;;;;;;;;;;;;;;;;;;;;;;;;;;;;;;;;;;;;;;;;;;;;;;;;;;;;;;;;;;;;;;;;;;;
348894;27.05.24 13:32:00;-62,620;537,521;-0,554;97,716;25,100;1002,617;21,858;47,875;24,105;49,325;22,660;1,461;158,529;21,275;-50,000;925;92,5;;0,0;60;13,69;33,41;;15;A27210;;;;;;;;;;;;;;;;;;;;;;;;;;;;;;;;;;;;;;;;;;;;;;;;;;;;;;;;;;;;;;;;;;;;;;;;;
348895;27.05.24 13:33:00;-64,196;513,940;0,088;93,321;25,137;1002,626;22,356;48,980;24,115;49,460;22,765;1,397;150,497;21,281;-50,000;925;92,5;;0,0;60;13,68;33,37;;15;A27210;;;;;;;;;;;;;;;;;;;;;;;;;;;;;;;;;;;;;;;;;;;;;;;;;;;;;;;;;;;;;;;;;;;;;;;;;
348896;27.05.24 13:34:00;-65,356;503,981;-1,474;91,470;25,177;1002,611;22,380;49,900;24,130;51,845;22,795;1,598;163,547;21,287;-50,000;925;92,5;;0,0;60;13,68;33,25;;15;A27210;;;;;;;;;;;;;;;;;;;;;;;;;;;;;;;;;;;;;;;;;;;;;;;;;;;;;;;;;;;;;;;;;;;;;;;;;
348897;27.05.24 13:35:00;-66,853;508,151;-2,680;91,708;25,185;1002,557;22,128;51,090;24,145;52,865;22,790;1,433;183,510;21,287;-50,000;925;92,5;;0,0;60;13,68;33,25;;15;A27210;;;;;;;;;;;;;;;;;;;;;;;;;;;;;;;;;;;;;;;;;;;;;;;;;;;;;;;;;;;;;;;;;;;;;;;;;
348898;27.05.24 13:36:00;-68,171;518,288;-2,817;92,823;25,140;1002,524;21,822;51,670;24,155;53,410;22,725;1,733;123,722;21,299;-50,000;925;92,5;;0,0;60;13,69;33,10;;15;A27210;;;;;;;;;;;;;;;;;;;;;;;;;;;;;;;;;;;;;;;;;;;;;;;;;;;;;;;;;;;;;;;;;;;;;;;;;
348899;27.05.24 13:37:00;-69,342;596,150;-0,677;106,600;25,085;1002,494;21,927;52,320;24,100;54,565;22,615;2,679;167,198;21,290;-50,000;925;92,5;;0,0;60;13,73;33,06;;15;A27210;;;;;;;;;;;;;;;;;;;;;;;;;;;;;;;;;;;;;;;;;;;;;;;;;;;;;;;;;;;;;;;;;;;;;;;;;
348900;27.05.24 13:38:00;-71,006;706,772;-0,165;127,900;24,938;1002,500;21,825;51,380;24,070;54,080;22,585;3,252;134,449;21,244;-50,000;925;92,5;;0,0;60;13,81;33,10;;15;A27210;;;;;;;;;;;;;;;;;;;;;;;;;;;;;;;;;;;;;;;;;;;;;;;;;;;;;;;;;;;;;;;;;;;;;;;;;
348901;27.05.24 13:39:00;-72,201;667,351;1,736;119,528;24,847;1002,536;22,359;52,570;23,975;54,850;22,505;3,163;113,867;21,299;-50,000;925;92,5;;0,0;60;13,79;33,25;;15;A27210;;;;;;;;;;;;;;;;;;;;;;;;;;;;;;;;;;;;;;;;;;;;;;;;;;;;;;;;;;;;;;;;;;;;;;;;;
348902;27.05.24 13:40:00;-72,645;796,374;2,611;143,731;24,755;1002,545;22,293;52,675;23,900;55,520;22,435;1,542;125,151;21,305;-50,000;925;92,5;;0,0;60;13,86;33,17;;15;A27210;;;;;;;;;;;;;;;;;;;;;;;;;;;;;;;;;;;;;;;;;;;;;;;;;;;;;;;;;;;;;;;;;;;;;;;;;
348903;27.05.24 13:41:00;-74,015;946,400;10,139;174,374;24,880;1002,722;21,993;54,730;23,880;56,550;22,460;2,497;162,523;21,327;-50,000;925;92,5;;0,0;60;13,92;33,21;;15;A27210;;;;;;;;;;;;;;;;;;;;;;;;;;;;;;;;;;;;;;;;;;;;;;;;;;;;;;;;;;;;;;;;;;;;;;;;;
348904;27.05.24 13:42:00;-77,182;846,540;9,637;154,376;24,970;1002,671;22,173;52,735;23,900;54,645;22,540;2,861;146,672;21,354;-50,000;925;92,5;;0,0;60;13,87;33,06;;15;A27210;;;;;;;;;;;;;;;;;;;;;;;;;;;;;;;;;;;;;;;;;;;;;;;;;;;;;;;;;;;;;;;;;;;;;;;;;
348905;27.05.24 13:43:00;-79,912;877,002;7,707;159,015;25,005;1002,629;21,669;51,490;23,910;53,745;22,555;1,786;153,534;21,372;-50,000;925;92,5;;0,0;60;13,89;33,53;;15;A27210;;;;;;;;;;;;;;;;;;;;;;;;;;;;;;;;;;;;;;;;;;;;;;;;;;;;;;;;;;;;;;;;;;;;;;;;;
348906;27.05.24 13:44:00;-83,769;608,065;0,617;107,393;25,052;1002,467;21,903;50,645;23,895;53,170;22,585;2,564;129,763;21,391;-50,000;925;92,5;;0,0;60;13,83;33,49;;15;A27210;;;;;;;;;;;;;;;;;;;;;;;;;;;;;;;;;;;;;;;;;;;;;;;;;;;;;;;;;;;;;;;;;;;;;;;;;
348907;27.05.24 13:45:00;-81,714;944,485;8,215;171,598;25,100;1002,608;22,059;52,395;23,920;53,635;22,615;1,284;137,801;21,391;-50,000;925;92,5;;0,0;60;13,89;33,69;;15;A27210;;;;;;;;;;;;;;;;;;;;;;;;;;;;;;;;;;;;;;;;;;;;;;;;;;;;;;;;;;;;;;;;;;;;;;;;;
348908;27.05.24 13:46:00;-83,735;752,712;7,789;133,168;25,260;1002,530;22,056;53,650;23,995;53,720;22,705;2,021;216,816;21,418;-50,000;925;92,5;;0,0;60;13,85;33,77;;15;A27210;;;;;;;;;;;;;;;;;;;;;;;;;;;;;;;;;;;;;;;;;;;;;;;;;;;;;;;;;;;;;;;;;;;;;;;;;
348909;27.05.24 13:47:00;-82,788;791,539;10,810;143,448;25,397;1002,605;22,200;54,810;24,110;55,160;22,850;1,324;188,258;21,451;-50,000;925;92,5;;0,0;60;13,85;33,45;;15;A27210;;;;;;;;;;;;;;;;;;;;;;;;;;;;;;;;;;;;;;;;;;;;;;;;;;;;;;;;;;;;;;;;;;;;;;;;;
348910;27.05.24 13:48:00;-85,341;456,343;3,081;79,950;25,517;1002,428;22,176;55,140;24,285;55,825;23,035;1,472;128,070;21,482;-50,000;925;92,5;;0,0;60;13,74;33,73;;15;A27210;;;;;;;;;;;;;;;;;;;;;;;;;;;;;;;;;;;;;;;;;;;;;;;;;;;;;;;;;;;;;;;;;;;;;;;;;
348911;27.05.24 13:49:00;-85,719;646,165;1,328;115,239;25,525;1002,422;22,047;53,895;24,380;54,860;23,115;2,136;183,752;21,485;-50,000;925;92,5;;0,0;60;13,82;34,05;;15;A27210;;;;;;;;;;;;;;;;;;;;;;;;;;;;;;;;;;;;;;;;;;;;;;;;;;;;;;;;;;;;;;;;;;;;;;;;;
348912;27.05.24 13:50:00;-85,667;778,955;4,943;139,232;25,593;1002,512;21,804;52,945;24,480;53,695;23,145;1,668;103,399;21,497;-50,000;925;92,5;;0,0;60;13,86;34,01;;15;A27210;;;;;;;;;;;;;;;;;;;;;;;;;;;;;;;;;;;;;;;;;;;;;;;;;;;;;;;;;;;;;;;;;;;;;;;;;
348913;27.05.24 13:51:00;-86,002;725,072;4,343;130,274;25,688;1002,485;21,825;50,940;24,520;52,420;23,120;1,673;147,358;21,522;-50,000;925;92,5;;0,0;60;13,85;34,05;;15;A27210;;;;;;;;;;;;;;;;;;;;;;;;;;;;;;;;;;;;;;;;;;;;;;;;;;;;;;;;;;;;;;;;;;;;;;;;;
348914;27.05.24 13:52:00;-85,535;783,969;4,557;138,481;25,742;1002,434;21,924;50,485;24,560;52,170;23,170;2,204;170,438;21,553;-50,000;925;92,5;;0,0;60;13,84;34,17;;15;A27210;;;;;;;;;;;;;;;;;;;;;;;;;;;;;;;;;;;;;;;;;;;;;;;;;;;;;;;;;;;;;;;;;;;;;;;;;
348915;27.05.24 13:53:00;-86,733;473,064;1,279;80,847;25,790;1002,350;22,488;50,180;24,590;51,115;23,195;1,287;218,031;21,583;-50,000;925;92,5;;0,0;60;13,72;34,37;;15;A27210;;;;;;;;;;;;;;;;;;;;;;;;;;;;;;;;;;;;;;;;;;;;;;;;;;;;;;;;;;;;;;;;;;;;;;;;;
348916;27.05.24 13:54:00;-86,289;368,890;-4,317;62,152;25,775;1002,209;21,969;49,305;24,605;51,165;23,195;1,508;258,868;21,592;-50,000;925;92,5;;0,0;60;13,67;34,33;;15;A27210;;;;;;;;;;;;;;;;;;;;;;;;;;;;;;;;;;;;;;;;;;;;;;;;;;;;;;;;;;;;;;;;;;;;;;;;;
348917;27.05.24 13:55:00;-84,474;354,327;-8,190;59,336;25,635;1002,125;22,077;47,425;24,625;48,980;23,110;1,621;180,023;21,595;-50,000;925;92,5;;0,0;60;13,64;34,29;;15;A27210;;;;;;;;;;;;;;;;;;;;;;;;;;;;;;;;;;;;;;;;;;;;;;;;;;;;;;;;;;;;;;;;;;;;;;;;;
348918;27.05.24 13:56:00;-82,660;322,721;-8,993;54,380;25,517;1002,146;22,254;48,175;24,545;50,065;22,955;1,404;245,784;21,586;-50,000;925;92,5;;0,0;60;13,61;34,29;;15;A27210;;;;;;;;;;;;;;;;;;;;;;;;;;;;;;;;;;;;;;;;;;;;;;;;;;;;;;;;;;;;;;;;;;;;;;;;;
348919;27.05.24 13:57:00;-80,105;341,188;-8,561;58,334;25,425;1002,179;21,837;49,580;24,480;51,140;22,920;0,768;181,946;21,635;-50,000;925;92,5;;0,0;60;13,61;34,25;;15;A27210;;;;;;;;;;;;;;;;;;;;;;;;;;;;;;;;;;;;;;;;;;;;;;;;;;;;;;;;;;;;;;;;;;;;;;;;;
348920;27.05.24 13:58:00;-78,094;340,709;-8,660;59,123;25,355;1002,212;21,603;48,865;24,410;50,930;22,890;1,587;174,274;21,650;-50,000;925;92,5;;0,0;60;13,60;34,29;;15;A27210;;;;;;;;;;;;;;;;;;;;;;;;;;;;;;;;;;;;;;;;;;;;;;;;;;;;;;;;;;;;;;;;;;;;;;;;;
348921;27.05.24 13:59:00;-75,000;464,615;-7,673;82,261;25,220;1002,209;22,014;49,955;24,320;52,475;22,795;1,944;137,469;21,662;-50,000;925;92,5;;0,0;60;13,67;33,89;;15;A27210;;;;;;;;;;;;;;;;;;;;;;;;;;;;;;;;;;;;;;;;;;;;;;;;;;;;;;;;;;;;;;;;;;;;;;;;;
348922;27.05.24 14:00:00;-71,770;597,115;-2,392;107,275;25,130;1002,320;21,996;50,540;24,220;53,145;22,690;1,988;105,908;21,681;-50,000;925;92,5;;0,0;60;13,73;33,97;;15;A27210;;;;;;;;;;;;;;;;;;;;;;;;;;;;;;;;;;;;;;;;;;;;;;;;;;;;;;;;;;;;;;;;;;;;;;;;;
348923;27.05.24 14:01:00;-70,345;617,303;0,157;109,996;25,105;1002,350;21,180;50,870;24,100;52,990;22,590;1,677;118,176;21,684;-50,000;925;92,5;;0,0;60;13,74;33,69;;15;A27210;;;;;;;;;;;;;;;;;;;;;;;;;;;;;;;;;;;;;;;;;;;;;;;;;;;;;;;;;;;;;;;;;;;;;;;;;
348924;27.05.24 14:02:00;-68,419;725,185;2,187;128,689;25,085;1002,371;22,209;50,995;23,995;53,955;22,515;2,459;173,464;21,690;-50,000;925;92,5;;0,0;60;13,77;33,93;;15;A27210;;;;;;;;;;;;;;;;;;;;;;;;;;;;;;;;;;;;;;;;;;;;;;;;;;;;;;;;;;;;;;;;;;;;;;;;;
348925;27.05.24 14:03:00;-68,758;479,588;-0,154;83,604;25,040;1002,233;22,038;52,135;23,935;54,300;22,470;1,357;218,745;21,687;-50,000;925;92,5;;0,0;60;13,67;33,57;;15;A27210;;;;;;;;;;;;;;;;;;;;;;;;;;;;;;;;;;;;;;;;;;;;;;;;;;;;;;;;;;;;;;;;;;;;;;;;;
348926;27.05.24 14:04:00;-67,328;470,200;-1,261;82,094;25,020;1002,287;21,795;52,860;23,895;55,150;22,490;1,058;160,110;21,684;-50,000;925;92,5;;0,0;60;13,66;33,65;;15;A27210;;;;;;;;;;;;;;;;;;;;;;;;;;;;;;;;;;;;;;;;;;;;;;;;;;;;;;;;;;;;;;;;;;;;;;;;;
348927;27.05.24 14:05:00;-66,306;508,427;-0,565;90,058;25,028;1002,296;21,561;52,400;23,885;53,875;22,515;1,936;173,953;21,702;-50,000;925;92,5;;0,0;60;13,66;33,61;;15;A27210;;;;;;;;;;;;;;;;;;;;;;;;;;;;;;;;;;;;;;;;;;;;;;;;;;;;;;;;;;;;;;;;;;;;;;;;;
348928;27.05.24 14:06:00;-65,081;412,840;-3,809;72,787;24,837;1002,143;22,335;51,040;23,855;52,630;22,440;2,562;105,773;21,705;-50,000;925;92,5;;0,0;60;13,61;33,45;;15;A27210;;;;;;;;;;;;;;;;;;;;;;;;;;;;;;;;;;;;;;;;;;;;;;;;;;;;;;;;;;;;;;;;;;;;;;;;;
348929;27.05.24 14:07:00;-63,723;374,658;-4,021;65,075;24,688;1002,206;22,233;52,420;23,740;54,395;22,320;1,417;177,525;21,733;-50,000;925;92,5;;0,0;60;13,57;33,61;;15;A27210;;;;;;;;;;;;;;;;;;;;;;;;;;;;;;;;;;;;;;;;;;;;;;;;;;;;;;;;;;;;;;;;;;;;;;;;;
348930;27.05.24 14:08:00;-61,703;381,570;-3,776;67,418;24,650;1002,257;21,906;52,975;23,680;54,840;22,300;1,252;173,694;21,763;-50,000;925;92,5;;0,0;60;13,56;33,37;;15;A27210;;;;;;;;;;;;;;;;;;;;;;;;;;;;;;;;;;;;;;;;;;;;;;;;;;;;;;;;;;;;;;;;;;;;;;;;;
348931;27.05.24 14:09:00;-60,153;373,623;-3,150;66,830;24,602;1002,275;21,891;53,070;23,655;54,615;22,325;2,258;150,120;21,724;-50,000;925;92,5;;0,0;60;13,55;33,33;;15;A27210;;;;;;;;;;;;;;;;;;;;;;;;;;;;;;;;;;;;;;;;;;;;;;;;;;;;;;;;;;;;;;;;;;;;;;;;;
348932;27.05.24 14:10:00;-58,520;337,933;-5,120;60,254;24,477;1002,218;21,783;52,170;23,590;53,800;22,270;2,334;132,638;21,766;-50,000;925;92,5;;0,0;60;13,52;33,25;;15;A27210;;;;;;;;;;;;;;;;;;;;;;;;;;;;;;;;;;;;;;;;;;;;;;;;;;;;;;;;;;;;;;;;;;;;;;;;;
348933;27.05.24 14:11:00;-55,836;326,507;-4,726;58,331;24,380;1002,251;21,066;52,840;23,515;54,745;22,200;1,325;144,928;21,763;-50,000;925;92,5;;0,0;60;13,51;33,02;;15;A27210;;;;;;;;;;;;;;;;;;;;;;;;;;;;;;;;;;;;;;;;;;;;;;;;;;;;;;;;;;;;;;;;;;;;;;;;;
348934;27.05.24 14:12:00;-54,796;334,893;-4,547;60,542;24,347;1002,296;21,549;53,495;23,460;55,715;22,170;1,111;197,331;21,775;-50,000;925;92,5;;0,0;60;13,50;32,90;;15;A27210;;;;;;;;;;;;;;;;;;;;;;;;;;;;;;;;;;;;;;;;;;;;;;;;;;;;;;;;;;;;;;;;;;;;;;;;;
348935;27.05.24 14:13:00;-54,103;363,187;-4,192;66,309;24,312;1002,293;22,149;53,120;23,415;54,290;22,195;1,696;89,758;21,757;-50,000;925;92,5;;0,0;60;13,53;32,90;;15;A27210;;;;;;;;;;;;;;;;;;;;;;;;;;;;;;;;;;;;;;;;;;;;;;;;;;;;;;;;;;;;;;;;;;;;;;;;;
348936;27.05.24 14:14:00;-53,118;413,962;-3,311;75,335;24,267;1002,260;21,768;52,520;23,385;54,265;22,110;2,196;155,126;21,781;-50,000;925;92,5;;0,0;60;13,56;32,74;;15;A27210;;;;;;;;;;;;;;;;;;;;;;;;;;;;;;;;;;;;;;;;;;;;;;;;;;;;;;;;;;;;;;;;;;;;;;;;;
348937;27.05.24 14:15:00;-53,076;447,428;-3,144;80,928;24,170;1002,257;21,639;53,065;23,305;53,960;22,035;2,268;186,103;21,781;-50,000;925;92,5;;0,0;60;13,58;32,42;;15;A27210;;;;;;;;;;;;;;;;;;;;;;;;;;;;;;;;;;;;;;;;;;;;;;;;;;;;;;;;;;;;;;;;;;;;;;;;;
348938;27.05.24 14:16:00;-52,949;508,939;-1,022;92,146;24,137;1002,293;21,756;52,325;23,260;53,155;21,995;2,332;139,253;21,778;-50,000;925;92,5;;0,0;60;13,63;32,54;;15;A27210;;;;;;;;;;;;;;;;;;;;;;;;;;;;;;;;;;;;;;;;;;;;;;;;;;;;;;;;;;;;;;;;;;;;;;;;;
348939;27.05.24 14:17:00;-52,109;581,549;1,053;105,343;24,120;1002,341;21,315;52,025;23,195;54,140;21,960;1,204;156,684;21,775;-50,000;925;92,5;;0,0;60;13,67;32,46;;15;A27210;;;;;;;;;;;;;;;;;;;;;;;;;;;;;;;;;;;;;;;;;;;;;;;;;;;;;;;;;;;;;;;;;;;;;;;;;
348940;27.05.24 14:18:00;-52,873;518,067;0,988;93,057;24,157;1002,308;21,951;52,920;23,210;53,610;22,025;2,284;111,426;21,781;-50,000;925;92,5;;0,0;60;13,64;32,54;;15;A27210;;;;;;;;;;;;;;;;;;;;;;;;;;;;;;;;;;;;;;;;;;;;;;;;;;;;;;;;;;;;;;;;;;;;;;;;;
348941;27.05.24 14:19:00;-52,612;473,806;-0,042;85,922;24,163;1002,293;22,155;52,025;23,215;53,160;22,065;1,696;107,184;21,763;-50,000;925;92,5;;0,0;60;13,63;32,50;;15;A27210;;;;;;;;;;;;;;;;;;;;;;;;;;;;;;;;;;;;;;;;;;;;;;;;;;;;;;;;;;;;;;;;;;;;;;;;;
348942;27.05.24 14:20:00;-52,674;465,694;-0,207;85,033;24,173;1002,272;21,873;51,965;23,195;52,770;22,100;1,859;115,920;21,781;-50,000;925;92,5;;0,0;60;13,62;32,38;;15;A27210;;;;;;;;;;;;;;;;;;;;;;;;;;;;;;;;;;;;;;;;;;;;;;;;;;;;;;;;;;;;;;;;;;;;;;;;;
348943;27.05.24 14:21:00;-52,710;456,305;-0,866;83,529;24,153;1002,260;21,771;51,695;23,190;52,560;22,120;2,032;201,313;21,778;-50,000;925;92,5;;0,0;60;13,61;32,22;;15;A27210;;;;;;;;;;;;;;;;;;;;;;;;;;;;;;;;;;;;;;;;;;;;;;;;;;;;;;;;;;;;;;;;;;;;;;;;;
348944;27.05.24 14:22:00;-52,537;434,537;-1,078;79,581;24,172;1002,248;21,993;52,495;23,255;52,955;22,165;1,102;106,898;21,787;-50,000;925;92,5;;0,0;60;13,59;32,54;;15;A27210;;;;;;;;;;;;;;;;;;;;;;;;;;;;;;;;;;;;;;;;;;;;;;;;;;;;;;;;;;;;;;;;;;;;;;;;;
348945;27.05.24 14:23:00;-52,556;425,202;-1,138;78,553;24,170;1002,242;21,705;51,610;23,260;52,115;22,190;2,464;170,904;21,781;-50,000;925;92,5;;0,0;60;13,57;32,22;;15;A27210;;;;;;;;;;;;;;;;;;;;;;;;;;;;;;;;;;;;;;;;;;;;;;;;;;;;;;;;;;;;;;;;;;;;;;;;;
348946;27.05.24 14:24:00;-51,956;407,965;-2,001;74,995;24,100;1002,206;22,131;50,945;23,275;51,330;22,145;2,487;115,476;21,781;-50,000;925;92,5;;0,0;60;13,50;32,42;;15;A27210;;;;;;;;;;;;;;;;;;;;;;;;;;;;;;;;;;;;;;;;;;;;;;;;;;;;;;;;;;;;;;;;;;;;;;;;;
348947;27.05.24 14:25:00;-51,517;383,571;-1,665;70,129;24,047;1002,233;22,200;51,770;23,270;52,700;22,155;1,293;93,538;21,784;-50,000;925;92,5;;0,0;60;13,44;32,26;;15;A27210;;;;;;;;;;;;;;;;;;;;;;;;;;;;;;;;;;;;;;;;;;;;;;;;;;;;;;;;;;;;;;;;;;;;;;;;;
348948;27.05.24 14:26:00;-50,949;352,668;-2,046;64,984;24,052;1002,221;21,726;52,350;23,255;51,955;22,150;1,261;168,598;21,793;-50,000;925;92,5;;0,0;60;13,44;32,14;;15;A27210;;;;;;;;;;;;;;;;;;;;;;;;;;;;;;;;;;;;;;;;;;;;;;;;;;;;;;;;;;;;;;;;;;;;;;;;;
348949;27.05.24 14:27:00;-50,148;317,609;-3,790;58,975;24,028;1002,182;22,053;51,330;23,260;51,705;22,145;1,786;153,073;21,784;-50,000;925;92,5;;0,0;60;13,43;32,02;;15;A27210;;;;;;;;;;;;;;;;;;;;;;;;;;;;;;;;;;;;;;;;;;;;;;;;;;;;;;;;;;;;;;;;;;;;;;;;;
348950;27.05.24 14:28:00;-49,503;287,973;-5,077;53,768;24,002;1002,170;21,966;50,855;23,230;52,155;22,080;0,932;238,438;21,787;-50,000;925;92,5;;0,0;60;13,42;31,98;;15;A27210;;;;;;;;;;;;;;;;;;;;;;;;;;;;;;;;;;;;;;;;;;;;;;;;;;;;;;;;;;;;;;;;;;;;;;;;;
348951;27.05.24 14:29:00;-48,818;269,775;-5,641;50,935;23,977;1002,158;22,668;51,290;23,230;52,745;22,095;1,284;173,453;21,793;-50,000;925;92,5;;0,0;60;13,41;31,98;;15;A27210;;;;;;;;;;;;;;;;;;;;;;;;;;;;;;;;;;;;;;;;;;;;;;;;;;;;;;;;;;;;;;;;;;;;;;;;;
348952;27.05.24 14:30:00;-48,609;262,329;-5,728;49,645;23,900;1002,116;21,789;52,260;23,215;53,585;22,070;1,730;162,332;21,787;-50,000;925;92,5;;0,0;60;13,41;31,90;;15;A27210;;;;;;;;;;;;;;;;;;;;;;;;;;;;;;;;;;;;;;;;;;;;;;;;;;;;;;;;;;;;;;;;;;;;;;;;;
348953;27.05.24 14:31:00;-48,162;259,137;-6,030;48,884;23,827;1002,089;21,570;53,215;23,160;54,410;22,035;1,416;173,993;21,787;-50,000;925;92,5;;0,0;60;13,41;31,63;;15;A27210;;;;;;;;;;;;;;;;;;;;;;;;;;;;;;;;;;;;;;;;;;;;;;;;;;;;;;;;;;;;;;;;;;;;;;;;;
348954;27.05.24 14:32:00;-48,432;255,719;-5,859;48,517;23,787;1002,119;21,612;53,000;23,145;54,325;22,015;1,099;167,468;21,781;-50,000;925;92,5;;0,0;60;13,42;31,94;;15;A27210;;;;;;;;;;;;;;;;;;;;;;;;;;;;;;;;;;;;;;;;;;;;;;;;;;;;;;;;;;;;;;;;;;;;;;;;;
348955;27.05.24 14:33:00;-48,300;259,619;-6,391;49,148;23,722;1002,083;21,576;53,435;23,105;54,930;21,980;1,371;189,017;21,781;-50,000;925;92,5;;0,0;60;13,42;31,63;;15;A27210;;;;;;;;;;;;;;;;;;;;;;;;;;;;;;;;;;;;;;;;;;;;;;;;;;;;;;;;;;;;;;;;;;;;;;;;;
348956;27.05.24 14:34:00;-48,244;267,329;-5,844;50,445;23,677;1002,089;21,969;53,520;23,085;55,385;21,950;1,763;140,895;21,781;-50,000;925;92,5;;0,0;60;13,42;31,67;;15;A27210;;;;;;;;;;;;;;;;;;;;;;;;;;;;;;;;;;;;;;;;;;;;;;;;;;;;;;;;;;;;;;;;;;;;;;;;;
348957;27.05.24 14:35:00;-47,808;277,326;-5,357;51,770;23,600;1002,041;21,612;54,215;23,015;55,915;21,900;2,679;147,336;21,784;-50,000;925;92,5;;0,0;60;13,44;31,31;;15;A27210;;;;;;;;;;;;;;;;;;;;;;;;;;;;;;;;;;;;;;;;;;;;;;;;;;;;;;;;;;;;;;;;;;;;;;;;;
348958;27.05.24 14:36:00;-47,760;285,881;-4,998;52,804;23,480;1002,032;21,795;54,795;22,965;55,960;21,830;1,842;144,371;21,784;-50,000;925;92,5;;0,0;60;13,44;31,07;;15;A27210;;;;;;;;;;;;;;;;;;;;;;;;;;;;;;;;;;;;;;;;;;;;;;;;;;;;;;;;;;;;;;;;;;;;;;;;;
348959;27.05.24 14:37:00;-47,377;294,202;-4,593;54,392;23,395;1002,023;21,918;54,440;22,885;56,190;21,735;2,029;123,064;21,778;-50,000;925;92,5;;0,0;60;13,45;31,35;;15;A27210;;;;;;;;;;;;;;;;;;;;;;;;;;;;;;;;;;;;;;;;;;;;;;;;;;;;;;;;;;;;;;;;;;;;;;;;;
348960;27.05.24 14:38:00;-46,957;300,115;-3,031;55,443;23,327;1002,083;22,221;55,605;22,810;57,065;21,660;1,240;167,693;21,775;-50,000;925;92,5;;0,0;60;13,44;31,19;;15;A27210;;;;;;;;;;;;;;;;;;;;;;;;;;;;;;;;;;;;;;;;;;;;;;;;;;;;;;;;;;;;;;;;;;;;;;;;;
348961;27.05.24 14:39:00;-47,397;302,389;-2,729;56,291;23,327;1002,131;21,942;55,890;22,760;58,340;21,660;0,976;189,343;21,775;-50,000;925;92,5;;0,0;60;13,44;31,03;;15;A27210;;;;;;;;;;;;;;;;;;;;;;;;;;;;;;;;;;;;;;;;;;;;;;;;;;;;;;;;;;;;;;;;;;;;;;;;;
348962;27.05.24 14:40:00;-47,229;300,357;-3,462;56,226;23,308;1002,083;21,870;54,260;22,740;55,925;21,670;1,411;177,806;21,769;-50,000;925;92,5;;0,0;60;13,44;30,87;;15;A27210;;;;;;;;;;;;;;;;;;;;;;;;;;;;;;;;;;;;;;;;;;;;;;;;;;;;;;;;;;;;;;;;;;;;;;;;;
348963;27.05.24 14:41:00;-47,384;296,070;-3,283;55,401;23,278;1002,092;22,023;54,215;22,695;55,925;21,640;1,580;240,666;21,775;-50,000;925;92,5;;0,0;60;13,43;30,91;;15;A27210;;;;;;;;;;;;;;;;;;;;;;;;;;;;;;;;;;;;;;;;;;;;;;;;;;;;;;;;;;;;;;;;;;;;;;;;;
348964;27.05.24 14:42:00;-47,341;293,102;-3,336;54,858;23,267;1002,128;21,849;54,885;22,710;56,185;21,670;1,564;120,949;21,769;-50,000;925;92,5;;0,0;60;13,44;30,83;;15;A27210;;;;;;;;;;;;;;;;;;;;;;;;;;;;;;;;;;;;;;;;;;;;;;;;;;;;;;;;;;;;;;;;;;;;;;;;;
348965;27.05.24 14:43:00;-47,180;289,997;-3,638;54,563;23,212;1002,089;21,513;53,390;22,665;54,935;21,660;1,834;167,889;21,736;-50,000;925;92,5;;0,0;60;13,44;30,71;;15;A27210;;;;;;;;;;;;;;;;;;;;;;;;;;;;;;;;;;;;;;;;;;;;;;;;;;;;;;;;;;;;;;;;;;;;;;;;;
348966;27.05.24 14:44:00;-47,188;282,061;-4,122;52,881;23,155;1002,077;21,513;53,755;22,620;55,135;21,620;1,187;148,748;21,748;-50,000;925;92,5;;0,0;60;13,44;30,60;;15;A27210;;;;;;;;;;;;;;;;;;;;;;;;;;;;;;;;;;;;;;;;;;;;;;;;;;;;;;;;;;;;;;;;;;;;;;;;;
348967;27.05.24 14:45:00;-46,601;271,306;-3,060;51,448;23,163;1002,092;22,200;54,775;22,590;55,785;21,610;1,546;173,098;21,729;-50,000;925;92,5;;0,0;60;13,43;30,63;;15;A27210;;;;;;;;;;;;;;;;;;;;;;;;;;;;;;;;;;;;;;;;;;;;;;;;;;;;;;;;;;;;;;;;;;;;;;;;;
348968;27.05.24 14:46:00;-46,595;261,558;-4,443;49,774;23,092;1002,011;21,819;53,760;22,580;55,055;21,580;2,453;142,031;21,711;-50,000;925;92,5;;0,0;60;13,42;30,60;;15;A27210;;;;;;;;;;;;;;;;;;;;;;;;;;;;;;;;;;;;;;;;;;;;;;;;;;;;;;;;;;;;;;;;;;;;;;;;;
348969;27.05.24 14:47:00;-46,073;256,648;-4,708;48,489;22,972;1001,984;21,873;54,535;22,505;55,150;21,505;2,321;201,825;21,714;-50,000;925;92,5;;0,0;60;13,42;30,52;;15;A27210;;;;;;;;;;;;;;;;;;;;;;;;;;;;;;;;;;;;;;;;;;;;;;;;;;;;;;;;;;;;;;;;;;;;;;;;;
348970;27.05.24 14:48:00;-45,666;256,612;-4,163;48,153;22,885;1002,032;21,918;55,155;22,465;56,195;21,480;1,600;135,788;21,702;-50,000;925;92,5;;0,0;60;13,42;30,40;;15;A27210;;;;;;;;;;;;;;;;;;;;;;;;;;;;;;;;;;;;;;;;;;;;;;;;;;;;;;;;;;;;;;;;;;;;;;;;;
348971;27.05.24 14:49:00;-45,203;260,606;-3,648;49,019;22,868;1002,065;22,212;56,070;22,420;56,535;21,430;1,337;219,291;21,693;-50,000;925;92,5;;0,0;60;13,42;30,24;;15;A27210;;;;;;;;;;;;;;;;;;;;;;;;;;;;;;;;;;;;;;;;;;;;;;;;;;;;;;;;;;;;;;;;;;;;;;;;;
348972;27.05.24 14:50:00;-44,734;265,630;-3,498;50,284;22,847;1002,062;22,185;55,265;22,400;56,460;21,445;2,080;165,026;21,693;-50,000;925;92,5;;0,0;60;13,44;30,24;;15;A27210;;;;;;;;;;;;;;;;;;;;;;;;;;;;;;;;;;;;;;;;;;;;;;;;;;;;;;;;;;;;;;;;;;;;;;;;;
348973;27.05.24 14:51:00;-44,364;274,716;-3,929;51,809;22,785;1002,041;21,867;54,825;22,370;55,675;21,390;2,007;121,731;21,687;-50,000;925;92,5;;0,0;60;13,45;30,16;;15;A27210;;;;;;;;;;;;;;;;;;;;;;;;;;;;;;;;;;;;;;;;;;;;;;;;;;;;;;;;;;;;;;;;;;;;;;;;;
348974;27.05.24 14:52:00;-44,291;285,492;-2,983;53,801;22,762;1002,074;21,699;54,970;22,330;55,780;21,375;1,547;134,831;21,687;-50,000;925;92,5;;0,0;60;13,46;30,12;;15;A27210;;;;;;;;;;;;;;;;;;;;;;;;;;;;;;;;;;;;;;;;;;;;;;;;;;;;;;;;;;;;;;;;;;;;;;;;;
348975;27.05.24 14:53:00;-44,058;288,746;-2,829;54,543;22,730;1002,041;21,567;55,080;22,290;56,435;21,325;2,420;177,345;21,693;-50,000;925;92,5;;0,0;60;13,46;29,96;;15;A27210;;;;;;;;;;;;;;;;;;;;;;;;;;;;;;;;;;;;;;;;;;;;;;;;;;;;;;;;;;;;;;;;;;;;;;;;;
348976;27.05.24 14:54:00;-43,716;287,996;-2,505;54,465;22,702;1002,029;22,062;56,005;22,280;56,950;21,325;1,351;178,155;21,693;-50,000;925;92,5;;0,0;60;13,46;29,68;;15;A27210;;;;;;;;;;;;;;;;;;;;;;;;;;;;;;;;;;;;;;;;;;;;;;;;;;;;;;;;;;;;;;;;;;;;;;;;;
348977;27.05.24 14:55:00;-43,762;286,861;-2,416;54,425;22,690;1002,059;21,984;56,135;22,265;56,840;21,335;1,890;143,004;21,684;-50,000;925;92,5;;0,0;60;13,46;29,68;;15;A27210;;;;;;;;;;;;;;;;;;;;;;;;;;;;;;;;;;;;;;;;;;;;;;;;;;;;;;;;;;;;;;;;;;;;;;;;;
348978;27.05.24 14:56:00;-44,132;285,993;-2,420;54,042;22,660;1002,038;21,927;55,950;22,235;56,720;21,325;1,931;159,969;21,684;-50,000;925;92,5;;0,0;60;13,46;29,84;;15;A27210;;;;;;;;;;;;;;;;;;;;;;;;;;;;;;;;;;;;;;;;;;;;;;;;;;;;;;;;;;;;;;;;;;;;;;;;;
348979;27.05.24 14:57:00;-44,615;289,606;-2,676;54,137;22,630;1001,981;21,576;55,550;22,210;56,955;21,295;1,716;135,585;21,675;-50,000;925;92,5;;0,0;60;13,47;29,92;;15;A27210;;;;;;;;;;;;;;;;;;;;;;;;;;;;;;;;;;;;;;;;;;;;;;;;;;;;;;;;;;;;;;;;;;;;;;;;;
348980;27.05.24 14:58:00;-45,449;298,236;-1,498;55,847;22,648;1002,005;21,708;57,160;22,200;57,925;21,290;1,309;126,073;21,684;-50,000;925;92,5;;0,0;60;13,49;29,80;;15;A27210;;;;;;;;;;;;;;;;;;;;;;;;;;;;;;;;;;;;;;;;;;;;;;;;;;;;;;;;;;;;;;;;;;;;;;;;;
348981;27.05.24 14:59:00;-46,106;309,467;-1,620;57,954;22,655;1001,969;21,600;57,415;22,195;57,945;21,325;2,032;158,237;21,675;-50,000;925;92,5;;0,0;60;13,50;29,84;;15;A27210;;;;;;;;;;;;;;;;;;;;;;;;;;;;;;;;;;;;;;;;;;;;;;;;;;;;;;;;;;;;;;;;;;;;;;;;;
348982;27.05.24 15:00:00;-46,263;306,612;-1,770;57,171;22,650;1001,933;21,726;56,765;22,190;57,695;21,345;1,757;164,351;21,678;-50,000;925;92,5;;0,0;60;13,51;29,60;;15;A27210;;;;;;;;;;;;;;;;;;;;;;;;;;;;;;;;;;;;;;;;;;;;;;;;;;;;;;;;;;;;;;;;;;;;;;;;;
348983;27.05.24 15:01:00;-47,051;303,491;-2,250;56,569;22,682;1001,939;21,744;56,980;22,235;57,885;21,365;1,698;96,413;21,678;-50,000;925;92,5;;0,0;60;13,51;29,64;;15;A27210;;;;;;;;;;;;;;;;;;;;;;;;;;;;;;;;;;;;;;;;;;;;;;;;;;;;;;;;;;;;;;;;;;;;;;;;;
348984;27.05.24 15:02:00;-46,931;305,650;-2,125;56,621;22,665;1001,897;22,005;56,980;22,225;57,875;21,360;1,977;133,414;21,674;-50,000;925;92,5;;0,0;60;13,51;29,92;;15;A27210;;;;;;;;;;;;;;;;;;;;;;;;;;;;;;;;;;;;;;;;;;;;;;;;;;;;;;;;;;;;;;;;;;;;;;;;;
348985;27.05.24 15:03:00;-47,205;310,874;-1,816;57,210;22,640;1001,885;22,041;57,110;22,220;58,075;21,335;1,598;117,703;21,681;-50,000;925;92,5;;0,0;60;13,52;29,60;;15;A27210;;;;;;;;;;;;;;;;;;;;;;;;;;;;;;;;;;;;;;;;;;;;;;;;;;;;;;;;;;;;;;;;;;;;;;;;;
348986;27.05.24 15:04:00;-47,368;310,485;-0,952;57,451;22,647;1001,912;22,404;58,110;22,200;58,420;21,365;1,554;133,228;21,665;-50,000;925;92,5;;0,0;60;13,52;29,52;;15;A27210;;;;;;;;;;;;;;;;;;;;;;;;;;;;;;;;;;;;;;;;;;;;;;;;;;;;;;;;;;;;;;;;;;;;;;;;;
348987;27.05.24 15:05:00;-47,201;302,320;-1,116;56,013;22,658;1001,873;21,555;57,800;22,205;58,590;21,380;1,705;121,590;21,675;-50,000;925;92,5;;0,0;60;13,50;29,68;;15;A27210;;;;;;;;;;;;;;;;;;;;;;;;;;;;;;;;;;;;;;;;;;;;;;;;;;;;;;;;;;;;;;;;;;;;;;;;;
348988;27.05.24 15:06:00;-47,140;295,364;-1,201;55,012;22,668;1001,822;21,729;57,595;22,220;57,935;21,365;2,832;109,204;21,644;-50,000;925;92,5;;0,0;60;13,50;29,33;;15;A27210;;;;;;;;;;;;;;;;;;;;;;;;;;;;;;;;;;;;;;;;;;;;;;;;;;;;;;;;;;;;;;;;;;;;;;;;;
348989;27.05.24 15:07:00;-46,716;290,031;-1,004;54,129;22,650;1001,816;22,191;58,305;22,235;58,590;21,370;1,287;90,956;21,665;-50,000;925;92,5;;0,0;60;13,49;29,37;;15;A27210;;;;;;;;;;;;;;;;;;;;;;;;;;;;;;;;;;;;;;;;;;;;;;;;;;;;;;;;;;;;;;;;;;;;;;;;;
348990;27.05.24 15:08:00;-46,626;285,080;-0,436;53,649;22,685;1001,798;21,915;58,580;22,245;58,980;21,380;1,501;146,475;21,644;-50,000;925;92,5;;0,0;60;13,49;29,29;;15;A27210;;;;;;;;;;;;;;;;;;;;;;;;;;;;;;;;;;;;;;;;;;;;;;;;;;;;;;;;;;;;;;;;;;;;;;;;;
348991;27.05.24 15:09:00;-46,367;273,837;-0,959;51,546;22,700;1001,780;22,851;59,120;22,285;59,040;21,415;1,352;101,379;21,629;-50,000;925;92,5;;0,0;60;13,47;29,37;;15;A27210;;;;;;;;;;;;;;;;;;;;;;;;;;;;;;;;;;;;;;;;;;;;;;;;;;;;;;;;;;;;;;;;;;;;;;;;;
348992;27.05.24 15:10:00;-45,702;253,759;-1,450;47,943;22,698;1001,738;21,285;57,995;22,275;58,310;21,400;1,832;144,366;21,622;-50,000;925;92,5;;0,0;60;13,45;29,33;;15;A27210;;;;;;;;;;;;;;;;;;;;;;;;;;;;;;;;;;;;;;;;;;;;;;;;;;;;;;;;;;;;;;;;;;;;;;;;;
348993;27.05.24 15:11:00;-44,809;229,662;-2,229;43,525;22,673;1001,696;22,053;58,760;22,270;58,780;21,405;1,016;182,768;21,656;-50,000;925;92,5;;0,0;60;13,42;29,33;;15;A27210;;;;;;;;;;;;;;;;;;;;;;;;;;;;;;;;;;;;;;;;;;;;;;;;;;;;;;;;;;;;;;;;;;;;;;;;;
348994;27.05.24 15:12:00;-43,864;205,472;-2,435;39,460;22,688;1001,693;21,579;58,740;22,290;59,210;21,430;0,773;102,752;21,638;-50,000;925;92,5;;0,0;60;13,40;29,33;;15;A27210;;;;;;;;;;;;;;;;;;;;;;;;;;;;;;;;;;;;;;;;;;;;;;;;;;;;;;;;;;;;;;;;;;;;;;;;;
348995;27.05.24 15:13:00;-42,827;184,773;-2,645;35,992;22,705;1001,681;21,837;60,405;22,345;59,630;21,485;1,073;97,875;21,659;-50,000;925;92,5;;0,0;60;13,38;29,09;;15;A27210;;;;;;;;;;;;;;;;;;;;;;;;;;;;;;;;;;;;;;;;;;;;;;;;;;;;;;;;;;;;;;;;;;;;;;;;;
348996;27.05.24 15:14:00;-41,571;167,834;-3,850;33,127;22,688;1001,636;22,020;57,570;22,345;57,895;21,480;2,442;126,928;21,638;-50,000;925;92,5;;0,0;60;13,35;29,09;;15;A27210;;;;;;;;;;;;;;;;;;;;;;;;;;;;;;;;;;;;;;;;;;;;;;;;;;;;;;;;;;;;;;;;;;;;;;;;;
348997;27.05.24 15:15:00;-40,327;153,731;-5,366;30,283;22,620;1001,585;22,089;56,675;22,330;57,650;21,415;1,549;129,566;21,629;-50,000;925;92,5;;0,0;60;13,35;29,01;;15;A27210;;;;;;;;;;;;;;;;;;;;;;;;;;;;;;;;;;;;;;;;;;;;;;;;;;;;;;;;;;;;;;;;;;;;;;;;;
348998;27.05.24 15:16:00;-39,110;142,047;-5,607;28,145;22,532;1001,552;21,780;57,510;22,285;57,845;21,380;2,804;136,766;21,607;-50,000;925;92,5;;0,0;60;13,35;28,97;;15;A27210;;;;;;;;;;;;;;;;;;;;;;;;;;;;;;;;;;;;;;;;;;;;;;;;;;;;;;;;;;;;;;;;;;;;;;;;;
348999;27.05.24 15:17:00;-38,120;132,280;-6,367;26,094;22,462;1001,531;21,915;57,220;22,235;58,390;21,310;1,073;147,769;21,614;-50,000;925;92,5;;0,0;60;13,33;28,85;;15;A27210;;;;;;;;;;;;;;;;;;;;;;;;;;;;;;;;;;;;;;;;;;;;;;;;;;;;;;;;;;;;;;;;;;;;;;;;;
349000;27.05.24 15:18:00;-37,092;125,619;-6,571;25,094;22,382;1001,519;21,591;56,235;22,160;57,615;21,240;1,850;172,609;21,614;-50,000;925;92,5;;0,0;60;13,31;29,01;;15;A27210;;;;;;;;;;;;;;;;;;;;;;;;;;;;;;;;;;;;;;;;;;;;;;;;;;;;;;;;;;;;;;;;;;;;;;;;;
349001;27.05.24 15:19:00;-36,616;120,468;-6,957;24,076;22,327;1001,537;21,984;56,590;22,105;57,610;21,235;1,451;140,288;21,595;-50,000;925;92,5;;0,0;60;13,30;29,01;;15;A27210;;;;;;;;;;;;;;;;;;;;;;;;;;;;;;;;;;;;;;;;;;;;;;;;;;;;;;;;;;;;;;;;;;;;;;;;;
349002;27.05.24 15:20:00;-36,101;119,043;-6,847;23,588;22,237;1001,489;21,876;56,510;22,025;57,605;21,170;1,445;193,432;21,592;-50,000;925;92,5;;0,0;60;13,29;28,69;;15;A27210;;;;;;;;;;;;;;;;;;;;;;;;;;;;;;;;;;;;;;;;;;;;;;;;;;;;;;;;;;;;;;;;;;;;;;;;;
349003;27.05.24 15:21:00;-36,190;121,629;-6,877;23,848;22,190;1001,477;21,420;56,840;21,980;57,660;21,140;1,324;155,948;21,586;-50,000;925;92,5;;0,0;60;13,28;28,69;;15;A27210;;;;;;;;;;;;;;;;;;;;;;;;;;;;;;;;;;;;;;;;;;;;;;;;;;;;;;;;;;;;;;;;;;;;;;;;;
349004;27.05.24 15:22:00;-36,378;124,475;-6,511;24,200;22,157;1001,486;22,047;57,560;21,925;58,035;21,145;1,628;136,091;21,589;-50,000;925;92,5;;0,0;60;13,27;28,45;;15;A27210;;;;;;;;;;;;;;;;;;;;;;;;;;;;;;;;;;;;;;;;;;;;;;;;;;;;;;;;;;;;;;;;;;;;;;;;;
349005;27.05.24 15:23:00;-36,545;125,510;-6,134;24,164;22,092;1001,465;21,624;57,425;21,885;57,745;21,115;1,677;143,612;21,580;-50,000;925;92,5;;0,0;60;13,27;28,57;;15;A27210;;;;;;;;;;;;;;;;;;;;;;;;;;;;;;;;;;;;;;;;;;;;;;;;;;;;;;;;;;;;;;;;;;;;;;;;;
349006;27.05.24 15:24:00;-36,878;128,425;-6,235;24,589;22,060;1001,465;21,891;57,125;21,825;57,795;21,095;1,159;180,281;21,583;-50,000;925;92,5;;0,0;60;13,26;28,57;;15;A27210;;;;;;;;;;;;;;;;;;;;;;;;;;;;;;;;;;;;;;;;;;;;;;;;;;;;;;;;;;;;;;;;;;;;;;;;;
349007;27.05.24 15:25:00;-37,120;130,742;-5,920;25,010;22,013;1001,459;21,810;57,955;21,800;58,230;21,095;1,557;138,116;21,577;-50,000;925;92,5;;0,0;60;13,24;28,29;;15;A27210;;;;;;;;;;;;;;;;;;;;;;;;;;;;;;;;;;;;;;;;;;;;;;;;;;;;;;;;;;;;;;;;;;;;;;;;;
349008;27.05.24 15:26:00;-36,861;124,806;-5,639;24,106;21,980;1001,459;21,693;57,305;21,755;57,765;21,060;1,363;187,571;21,559;-50,000;925;92,5;;0,0;60;13,23;28,41;;15;A27210;;;;;;;;;;;;;;;;;;;;;;;;;;;;;;;;;;;;;;;;;;;;;;;;;;;;;;;;;;;;;;;;;;;;;;;;;
349009;27.05.24 15:27:00;-36,376;116,328;-5,821;22,751;21,970;1001,462;21,741;57,910;21,725;58,315;21,070;1,105;155,278;21,543;-50,000;925;92,5;;0,0;60;13,22;28,17;;15;A27210;;;;;;;;;;;;;;;;;;;;;;;;;;;;;;;;;;;;;;;;;;;;;;;;;;;;;;;;;;;;;;;;;;;;;;;;;
349010;27.05.24 15:28:00;-35,760;106,983;-5,887;21,380;21,947;1001,471;21,525;58,745;21,715;58,230;21,105;0,730;102,549;21,503;-50,000;925;92,5;;0,0;60;13,21;28,25;;15;A27210;;;;;;;;;;;;;;;;;;;;;;;;;;;;;;;;;;;;;;;;;;;;;;;;;;;;;;;;;;;;;;;;;;;;;;;;;
349011;27.05.24 15:29:00;-34,887;98,831;-6,104;20,312;21,938;1001,450;21,804;58,465;21,705;58,025;21,075;1,206;143,477;21,497;-50,000;925;92,5;;0,0;60;13,20;28,10;;15;A27210;;;;;;;;;;;;;;;;;;;;;;;;;;;;;;;;;;;;;;;;;;;;;;;;;;;;;;;;;;;;;;;;;;;;;;;;;
349012;27.05.24 15:30:00;-34,189;94,564;-6,570;19,708;21,908;1001,444;21,726;56,795;21,675;57,305;21,060;1,193;183,623;21,507;-50,000;925;92,5;;0,0;60;13,19;27,98;;15;A27210;;;;;;;;;;;;;;;;;;;;;;;;;;;;;;;;;;;;;;;;;;;;;;;;;;;;;;;;;;;;;;;;;;;;;;;;;
349013;27.05.24 15:31:00;-33,716;95,521;-6,649;20,104;21,870;1001,435;21,648;56,830;21,655;57,295;21,060;1,990;162,360;21,494;-50,000;925;92,5;;0,0;60;13,20;27,90;;15;A27210;;;;;;;;;;;;;;;;;;;;;;;;;;;;;;;;;;;;;;;;;;;;;;;;;;;;;;;;;;;;;;;;;;;;;;;;;
349014;27.05.24 15:32:00;-34,196;101,435;-6,789;21,140;21,815;1001,432;22,008;56,940;21,630;57,480;21,030;1,133;179,207;21,488;-50,000;925;92,5;;0,0;60;13,21;27,82;;15;A27210;;;;;;;;;;;;;;;;;;;;;;;;;;;;;;;;;;;;;;;;;;;;;;;;;;;;;;;;;;;;;;;;;;;;;;;;;
349015;27.05.24 15:33:00;-35,058;111,206;-6,545;22,923;21,767;1001,426;21,552;58,640;21,635;58,560;21,035;1,144;114,891;21,488;-50,000;925;92,5;;0,0;60;13,22;27,78;;15;A27210;;;;;;;;;;;;;;;;;;;;;;;;;;;;;;;;;;;;;;;;;;;;;;;;;;;;;;;;;;;;;;;;;;;;;;;;;
349016;27.05.24 15:34:00;-36,175;116,929;-6,940;25,181;21,750;1001,372;21,801;59,950;21,565;59,110;20,985;1,157;175,826;21,473;-50,000;925;92,5;;0,0;60;13,25;27,90;;15;A27210;;;;;;;;;;;;;;;;;;;;;;;;;;;;;;;;;;;;;;;;;;;;;;;;;;;;;;;;;;;;;;;;;;;;;;;;;
349017;27.05.24 15:35:00;-37,085;124,841;-7,172;27,612;21,687;1001,336;21,609;59,065;21,540;59,310;20,995;1,097;192,381;21,476;-50,000;925;92,5;;0,0;60;13,27;27,50;;15;A27210;;;;;;;;;;;;;;;;;;;;;;;;;;;;;;;;;;;;;;;;;;;;;;;;;;;;;;;;;;;;;;;;;;;;;;;;;
349018;27.05.24 15:36:00;-38,238;137,978;-6,319;30,126;21,608;1001,330;21,795;59,360;21,520;59,625;20,970;1,090;161,831;21,476;-50,000;925;92,5;;0,0;60;13,30;27,54;;15;A27210;;;;;;;;;;;;;;;;;;;;;;;;;;;;;;;;;;;;;;;;;;;;;;;;;;;;;;;;;;;;;;;;;;;;;;;;;
349019;27.05.24 15:37:00;-39,213;152,884;-5,285;32,791;21,585;1001,333;22,083;62,185;21,525;61,585;20,985;1,046;123,559;21,442;-50,000;925;92,5;;0,0;60;13,34;27,38;;15;A27210;;;;;;;;;;;;;;;;;;;;;;;;;;;;;;;;;;;;;;;;;;;;;;;;;;;;;;;;;;;;;;;;;;;;;;;;;
349020;27.05.24 15:38:00;-39,932;171,974;-4,209;36,080;21,555;1001,345;21,585;60,885;21,485;60,675;20,940;0,930;128,368;21,421;-50,000;925;92,5;;0,0;60;13,36;27,54;;15;A27210;;;;;;;;;;;;;;;;;;;;;;;;;;;;;;;;;;;;;;;;;;;;;;;;;;;;;;;;;;;;;;;;;;;;;;;;;
349021;27.05.24 15:39:00;-40,555;208,616;-3,582;42,773;21,533;1001,312;21,804;59,450;21,485;59,495;20,930;1,649;137,931;21,421;-50,000;925;92,5;;0,0;60;13,38;27,58;;15;A27210;;;;;;;;;;;;;;;;;;;;;;;;;;;;;;;;;;;;;;;;;;;;;;;;;;;;;;;;;;;;;;;;;;;;;;;;;
349022;27.05.24 15:40:00;-41,204;311,141;-1,421;62,088;21,537;1001,345;21,165;59,340;21,475;59,010;20,920;1,172;137,616;21,406;-50,000;925;92,5;;0,0;60;13,45;27,42;;15;A27210;;;;;;;;;;;;;;;;;;;;;;;;;;;;;;;;;;;;;;;;;;;;;;;;;;;;;;;;;;;;;;;;;;;;;;;;;
349023;27.05.24 15:41:00;-42,854;320,149;0,104;63,150;21,620;1001,366;21,822;59,705;21,470;59,605;20,980;1,037;134,904;21,394;-50,000;925;92,5;;0,0;60;13,48;27,22;;15;A27210;;;;;;;;;;;;;;;;;;;;;;;;;;;;;;;;;;;;;;;;;;;;;;;;;;;;;;;;;;;;;;;;;;;;;;;;;
349024;27.05.24 15:42:00;-44,669;291,631;0,022;56,996;21,682;1001,306;21,603;58,815;21,495;58,090;21,045;1,072;120,735;21,391;-50,000;925;92,5;;0,0;60;13,46;27,46;;15;A27210;;;;;;;;;;;;;;;;;;;;;;;;;;;;;;;;;;;;;;;;;;;;;;;;;;;;;;;;;;;;;;;;;;;;;;;;;
349025;27.05.24 15:43:00;-45,942;310,116;0,826;59,974;21,747;1001,285;21,648;59,890;21,580;58,715;21,130;1,020;77,023;21,391;-50,000;925;92,5;;0,0;60;13,47;27,74;;15;A27210;;;;;;;;;;;;;;;;;;;;;;;;;;;;;;;;;;;;;;;;;;;;;;;;;;;;;;;;;;;;;;;;;;;;;;;;;
349026;27.05.24 15:44:00;-46,902;312,814;2,068;60,333;21,852;1001,261;22,152;61,055;21,620;58,335;21,190;1,137;154,018;21,391;-50,000;925;92,5;;0,0;60;13,47;27,54;;15;A27210;;;;;;;;;;;;;;;;;;;;;;;;;;;;;;;;;;;;;;;;;;;;;;;;;;;;;;;;;;;;;;;;;;;;;;;;;
349027;27.05.24 15:45:00;-47,611;309,949;1,643;59,808;21,915;1001,225;21,831;57,870;21,675;57,000;21,265;1,022;195,728;21,391;-50,000;925;92,5;;0,0;60;13,45;27,74;;15;A27210;;;;;;;;;;;;;;;;;;;;;;;;;;;;;;;;;;;;;;;;;;;;;;;;;;;;;;;;;;;;;;;;;;;;;;;;;
349028;27.05.24 15:46:00;-48,484;310,014;1,651;59,869;21,997;1001,207;21,603;57,915;21,750;56,735;21,375;1,030;173,717;21,385;-50,000;925;92,5;;0,0;60;13,45;27,70;;15;A27210;;;;;;;;;;;;;;;;;;;;;;;;;;;;;;;;;;;;;;;;;;;;;;;;;;;;;;;;;;;;;;;;;;;;;;;;;
349029;27.05.24 15:47:00;-48,998;310,236;1,530;60,004;22,077;1001,201;21,966;59,480;21,865;57,675;21,465;1,320;143,516;21,391;-50,000;925;92,5;;0,0;60;13,45;27,74;;15;A27210;;;;;;;;;;;;;;;;;;;;;;;;;;;;;;;;;;;;;;;;;;;;;;;;;;;;;;;;;;;;;;;;;;;;;;;;;
349030;27.05.24 15:48:00;-49,759;312,159;0,957;60,472;22,172;1001,180;21,171;56,925;21,960;55,610;21,560;1,488;101,160;21,394;-50,000;925;92,5;;0,0;60;13,45;27,62;;15;A27210;;;;;;;;;;;;;;;;;;;;;;;;;;;;;;;;;;;;;;;;;;;;;;;;;;;;;;;;;;;;;;;;;;;;;;;;;
349031;27.05.24 15:49:00;-49,799;352,045;2,290;68,441;22,240;1001,201;21,900;59,255;22,065;56,320;21,585;0,948;68,192;21,391;-50,000;925;92,5;;0,0;60;13,47;27,62;;15;A27210;;;;;;;;;;;;;;;;;;;;;;;;;;;;;;;;;;;;;;;;;;;;;;;;;;;;;;;;;;;;;;;;;;;;;;;;;
349032;27.05.24 15:50:00;-49,362;422,802;3,094;82,707;22,362;1001,219;22,266;56,245;22,135;55,145;21,620;1,598;112,298;21,394;-50,000;925;92,5;;0,0;60;13,53;27,82;;15;A27210;;;;;;;;;;;;;;;;;;;;;;;;;;;;;;;;;;;;;;;;;;;;;;;;;;;;;;;;;;;;;;;;;;;;;;;;;
349033;27.05.24 15:51:00;-49,096;470,618;4,364;91,845;22,497;1001,225;21,825;56,115;22,245;55,050;21,720;1,404;120,369;21,394;-50,000;925;92,5;;0,0;60;13,57;27,98;;15;A27210;;;;;;;;;;;;;;;;;;;;;;;;;;;;;;;;;;;;;;;;;;;;;;;;;;;;;;;;;;;;;;;;;;;;;;;;;
349034;27.05.24 15:52:00;-49,105;475,272;5,444;92,418;22,630;1001,189;21,669;57,405;22,340;55,695;21,805;1,454;107,573;21,394;-50,000;925;92,5;;0,0;60;13,59;28,29;;15;A27210;;;;;;;;;;;;;;;;;;;;;;;;;;;;;;;;;;;;;;;;;;;;;;;;;;;;;;;;;;;;;;;;;;;;;;;;;
349035;27.05.24 15:53:00;-49,935;460,884;5,714;89,724;22,772;1001,150;21,897;57,320;22,475;55,715;21,920;1,117;96,418;21,391;-50,000;925;92,5;;0,0;60;13,59;28,25;;15;A27210;;;;;;;;;;;;;;;;;;;;;;;;;;;;;;;;;;;;;;;;;;;;;;;;;;;;;;;;;;;;;;;;;;;;;;;;;
349036;27.05.24 15:54:00;-51,651;319,135;2,747;61,334;22,885;1001,027;21,885;55,880;22,575;54,660;22,010;1,189;121,568;21,394;-50,000;925;92,5;;0,0;60;13,53;28,37;;15;A27210;;;;;;;;;;;;;;;;;;;;;;;;;;;;;;;;;;;;;;;;;;;;;;;;;;;;;;;;;;;;;;;;;;;;;;;;;
349037;27.05.24 15:55:00;-52,639;307,594;1,326;58,961;22,987;1000,988;21,363;56,305;22,670;55,800;22,125;0,626;144,962;21,397;-50,000;925;92,5;;0,0;60;13,50;28,81;;15;A27210;;;;;;;;;;;;;;;;;;;;;;;;;;;;;;;;;;;;;;;;;;;;;;;;;;;;;;;;;;;;;;;;;;;;;;;;;
349038;27.05.24 15:56:00;-53,524;310,793;0,105;59,684;23,082;1000,967;22,221;55,385;22,765;54,230;22,255;0,885;215,904;21,403;-50,000;925;92,5;;0,0;60;13,49;28,61;;15;A27210;;;;;;;;;;;;;;;;;;;;;;;;;;;;;;;;;;;;;;;;;;;;;;;;;;;;;;;;;;;;;;;;;;;;;;;;;
349039;27.05.24 15:57:00;-53,274;272,239;-1,533;52,203;23,130;1000,907;21,957;54,125;22,875;53,715;22,285;1,205;182,953;21,409;-50,000;925;92,5;;0,0;60;13,46;28,89;;15;A27210;;;;;;;;;;;;;;;;;;;;;;;;;;;;;;;;;;;;;;;;;;;;;;;;;;;;;;;;;;;;;;;;;;;;;;;;;
349040;27.05.24 15:58:00;-52,890;264,401;-2,318;50,804;23,160;1000,901;21,798;54,595;22,955;54,370;22,320;1,083;199,766;21,418;-50,000;925;92,5;;0,0;60;13,43;28,97;;15;A27210;;;;;;;;;;;;;;;;;;;;;;;;;;;;;;;;;;;;;;;;;;;;;;;;;;;;;;;;;;;;;;;;;;;;;;;;;
349041;27.05.24 15:59:00;-52,315;274,390;-3,025;52,555;23,187;1000,862;21,588;53,675;23,025;53,325;22,335;1,355;183,038;21,424;-50,000;925;92,5;;0,0;60;13,43;29,13;;15;A27210;;;;;;;;;;;;;;;;;;;;;;;;;;;;;;;;;;;;;;;;;;;;;;;;;;;;;;;;;;;;;;;;;;;;;;;;;
349042;27.05.24 16:00:00;-51,751;260,658;-3,161;49,740;23,190;1000,847;21,933;54,230;23,060;54,345;22,320;1,259;151,656;21,433;-50,000;925;92,5;;0,0;60;13,43;28,93;;15;A27210;;;;;;;;;;;;;;;;;;;;;;;;;;;;;;;;;;;;;;;;;;;;;;;;;;;;;;;;;;;;;;;;;;;;;;;;;
349043;27.05.24 16:01:00;-50,969;325,224;-2,955;62,130;23,202;1000,892;21,600;54,435;23,065;54,490;22,290;1,248;173,531;21,461;-50,000;925;92,5;;0,0;60;13,44;29,01;;15;A27210;;;;;;;;;;;;;;;;;;;;;;;;;;;;;;;;;;;;;;;;;;;;;;;;;;;;;;;;;;;;;;;;;;;;;;;;;
349044;27.05.24 16:02:00;-49,864;389,539;-0,003;74,861;23,255;1000,967;21,948;55,605;23,080;55,470;22,320;0,936;162,006;21,470;-50,000;925;92,5;;0,0;60;13,48;29,09;;15;A27210;;;;;;;;;;;;;;;;;;;;;;;;;;;;;;;;;;;;;;;;;;;;;;;;;;;;;;;;;;;;;;;;;;;;;;;;;
349045;27.05.24 16:03:00;-50,085;332,757;-0,932;64,038;23,342;1000,928;22,146;53,765;23,110;53,975;22,385;1,075;135,653;21,458;-50,000;925;92,5;;0,0;60;13,47;29,05;;15;A27210;;;;;;;;;;;;;;;;;;;;;;;;;;;;;;;;;;;;;;;;;;;;;;;;;;;;;;;;;;;;;;;;;;;;;;;;;
349046;27.05.24 16:04:00;-49,667;278,312;-2,325;53,327;23,393;1000,868;21,411;53,280;23,140;53,055;22,390;0,953;168,002;21,482;-50,000;925;92,5;;0,0;60;13,43;29,13;;15;A27210;;;;;;;;;;;;;;;;;;;;;;;;;;;;;;;;;;;;;;;;;;;;;;;;;;;;;;;;;;;;;;;;;;;;;;;;;
349047;27.05.24 16:05:00;-49,245;256,495;-2,638;49,221;23,437;1000,820;21,723;55,200;23,165;53,095;22,430;1,052;168,002;21,458;-50,000;925;92,5;;0,0;60;13,40;29,25;;15;A27210;;;;;;;;;;;;;;;;;;;;;;;;;;;;;;;;;;;;;;;;;;;;;;;;;;;;;;;;;;;;;;;;;;;;;;;;;
349048;27.05.24 16:06:00;-48,634;225,354;-4,906;43,292;23,430;1000,769;22,218;52,205;23,165;52,195;22,415;1,238;224,843;21,488;-50,000;925;92,5;;0,0;60;13,39;29,29;;15;A27210;;;;;;;;;;;;;;;;;;;;;;;;;;;;;;;;;;;;;;;;;;;;;;;;;;;;;;;;;;;;;;;;;;;;;;;;;
349049;27.05.24 16:07:00;-47,662;169,753;-6,251;32,198;23,418;1000,805;21,666;52,725;23,195;53,170;22,400;0,798;185,192;21,482;-50,000;925;92,5;;0,0;60;13,35;29,21;;15;A27210;;;;;;;;;;;;;;;;;;;;;;;;;;;;;;;;;;;;;;;;;;;;;;;;;;;;;;;;;;;;;;;;;;;;;;;;;
349050;27.05.24 16:08:00;-46,776;144,917;-6,888;27,626;23,408;1000,793;21,336;53,445;23,235;53,180;22,415;1,008;100,643;21,488;-50,000;925;92,5;;0,0;60;13,34;29,21;;15;A27210;;;;;;;;;;;;;;;;;;;;;;;;;;;;;;;;;;;;;;;;;;;;;;;;;;;;;;;;;;;;;;;;;;;;;;;;;
349051;27.05.24 16:09:00;-45,294;129,659;-7,740;24,668;23,360;1000,811;21,945;53,900;23,170;53,010;22,370;1,855;249,458;21,485;-50,000;925;92,5;;0,0;60;13,31;29,33;;15;A27210;;;;;;;;;;;;;;;;;;;;;;;;;;;;;;;;;;;;;;;;;;;;;;;;;;;;;;;;;;;;;;;;;;;;;;;;;
349052;27.05.24 16:10:00;-44,450;120,752;-8,976;22,716;23,262;1000,868;22,098;51,980;23,145;52,070;22,370;3,143;197,449;21,485;-50,000;925;92,5;;0,0;60;13,29;28,89;;15;A27210;;;;;;;;;;;;;;;;;;;;;;;;;;;;;;;;;;;;;;;;;;;;;;;;;;;;;;;;;;;;;;;;;;;;;;;;;
349053;27.05.24 16:11:00;-43,819;115,305;-9,870;21,148;23,160;1000,895;21,426;50,810;23,065;51,515;22,305;1,041;247,658;21,488;-50,000;925;92,5;;0,0;60;13,28;29,17;;15;A27210;;;;;;;;;;;;;;;;;;;;;;;;;;;;;;;;;;;;;;;;;;;;;;;;;;;;;;;;;;;;;;;;;;;;;;;;;
349054;27.05.24 16:12:00;-42,830;110,820;-9,674;20,453;23,100;1000,970;21,516;51,715;23,020;51,600;22,285;1,645;234,810;21,488;-50,000;925;92,5;;0,0;60;13,27;28,69;;15;A27210;;;;;;;;;;;;;;;;;;;;;;;;;;;;;;;;;;;;;;;;;;;;;;;;;;;;;;;;;;;;;;;;;;;;;;;;;
349055;27.05.24 16:13:00;-42,010;107,861;-9,935;19,935;23,027;1000,994;21,648;50,565;22,965;51,045;22,255;1,638;206,460;21,482;-50,000;925;92,5;;0,0;60;13,26;28,81;;15;A27210;;;;;;;;;;;;;;;;;;;;;;;;;;;;;;;;;;;;;;;;;;;;;;;;;;;;;;;;;;;;;;;;;;;;;;;;;
349056;27.05.24 16:14:00;-41,626;106,275;-10,071;19,701;22,968;1001,039;21,501;51,360;22,915;51,260;22,220;1,027;211,950;21,476;-50,000;925;92,5;;0,0;60;13,24;28,65;;15;A27210;;;;;;;;;;;;;;;;;;;;;;;;;;;;;;;;;;;;;;;;;;;;;;;;;;;;;;;;;;;;;;;;;;;;;;;;;
349057;27.05.24 16:15:00;-41,255;105,455;-10,164;19,773;22,925;1001,078;22,122;50,445;22,825;50,690;22,175;0,734;250,082;21,473;-50,000;925;92,5;;0,0;60;13,23;28,97;;15;A27210;;;;;;;;;;;;;;;;;;;;;;;;;;;;;;;;;;;;;;;;;;;;;;;;;;;;;;;;;;;;;;;;;;;;;;;;;
349058;27.05.24 16:16:00;-41,218;111,847;-9,877;21,374;22,877;1001,093;22,419;50,475;22,795;49,990;22,185;1,452;198,996;21,482;-50,000;925;92,5;;0,0;60;13,24;28,77;;15;A27210;;;;;;;;;;;;;;;;;;;;;;;;;;;;;;;;;;;;;;;;;;;;;;;;;;;;;;;;;;;;;;;;;;;;;;;;;
349059;27.05.24 16:17:00;-41,293;127,944;-9,817;24,813;22,792;1001,039;21,726;47,995;22,710;47,230;22,150;3,400;197,376;21,482;-50,000;925;92,5;;0,0;60;13,25;28,81;;15;A27210;;;;;;;;;;;;;;;;;;;;;;;;;;;;;;;;;;;;;;;;;;;;;;;;;;;;;;;;;;;;;;;;;;;;;;;;;
349060;27.05.24 16:18:00;-41,439;124,476;-9,829;23,793;22,728;1001,042;21,894;48,505;22,635;47,045;22,060;2,139;273,324;21,470;-50,000;925;92,5;;0,0;60;13,25;28,57;;15;A27210;;;;;;;;;;;;;;;;;;;;;;;;;;;;;;;;;;;;;;;;;;;;;;;;;;;;;;;;;;;;;;;;;;;;;;;;;
349061;27.05.24 16:19:00;-42,037;128,361;-9,676;24,574;22,650;1001,057;20,673;48,325;22,550;46,990;22,050;1,320;212,496;21,458;-50,000;925;92,5;;0,0;60;13,27;28,65;;15;A27210;;;;;;;;;;;;;;;;;;;;;;;;;;;;;;;;;;;;;;;;;;;;;;;;;;;;;;;;;;;;;;;;;;;;;;;;;
349062;27.05.24 16:20:00;-42,779;143,346;-9,163;27,701;22,625;1001,063;22,005;47,825;22,480;47,150;22,030;1,842;176,108;21,445;-50,000;925;92,5;;0,0;60;13,30;28,53;;15;A27210;;;;;;;;;;;;;;;;;;;;;;;;;;;;;;;;;;;;;;;;;;;;;;;;;;;;;;;;;;;;;;;;;;;;;;;;;
349063;27.05.24 16:21:00;-43,505;170,259;-8,510;33,021;22,595;1001,075;21,867;48,045;22,425;47,190;21,995;1,404;236,481;21,442;-50,000;925;92,5;;0,0;60;13,33;28,49;;15;A27210;;;;;;;;;;;;;;;;;;;;;;;;;;;;;;;;;;;;;;;;;;;;;;;;;;;;;;;;;;;;;;;;;;;;;;;;;
349064;27.05.24 16:22:00;-44,299;188,743;-7,751;36,657;22,603;1001,084;21,804;47,880;22,385;46,875;22,000;1,451;266,231;21,449;-50,000;925;92,5;;0,0;60;13,34;28,41;;15;A27210;;;;;;;;;;;;;;;;;;;;;;;;;;;;;;;;;;;;;;;;;;;;;;;;;;;;;;;;;;;;;;;;;;;;;;;;;
349065;27.05.24 16:23:00;-45,351;197,628;-7,069;38,167;22,605;1001,099;21,315;48,990;22,400;47,785;22,035;1,228;154,716;21,409;-50,000;925;92,5;;0,0;60;13,35;28,41;;15;A27210;;;;;;;;;;;;;;;;;;;;;;;;;;;;;;;;;;;;;;;;;;;;;;;;;;;;;;;;;;;;;;;;;;;;;;;;;
349066;27.05.24 16:24:00;-46,646;186,039;-7,080;35,865;22,607;1001,072;21,495;50,065;22,350;47,955;22,030;1,404;255,594;21,400;-50,000;925;92,5;;0,0;60;13,34;28,49;;15;A27210;;;;;;;;;;;;;;;;;;;;;;;;;;;;;;;;;;;;;;;;;;;;;;;;;;;;;;;;;;;;;;;;;;;;;;;;;
349067;27.05.24 16:25:00;-46,751;184,409;-7,192;36,072;22,580;1001,048;21,936;50,060;22,350;48,170;22,015;1,174;248,394;21,400;-50,000;925;92,5;;0,0;60;13,35;28,33;;15;A27210;;;;;;;;;;;;;;;;;;;;;;;;;;;;;;;;;;;;;;;;;;;;;;;;;;;;;;;;;;;;;;;;;;;;;;;;;
349068;27.05.24 16:26:00;-47,296;184,027;-6,846;36,557;22,577;1001,057;21,762;49,490;22,355;48,210;22,015;1,448;247,596;21,397;-50,000;925;92,5;;0,0;60;13,35;28,45;;15;A27210;;;;;;;;;;;;;;;;;;;;;;;;;;;;;;;;;;;;;;;;;;;;;;;;;;;;;;;;;;;;;;;;;;;;;;;;;
349069;27.05.24 16:27:00;-48,009;187,622;-6,567;37,549;22,550;1001,090;21,753;50,200;22,335;48,295;22,020;1,324;316,744;21,391;-50,000;925;92,5;;0,0;60;13,36;28,49;;15;A27210;;;;;;;;;;;;;;;;;;;;;;;;;;;;;;;;;;;;;;;;;;;;;;;;;;;;;;;;;;;;;;;;;;;;;;;;;
349070;27.05.24 16:28:00;-48,898;193,105;-6,316;38,658;22,540;1001,114;21,567;49,610;22,345;48,345;22,030;1,239;298,558;21,391;-50,000;925;92,5;;0,0;60;13,37;28,21;;15;A27210;;;;;;;;;;;;;;;;;;;;;;;;;;;;;;;;;;;;;;;;;;;;;;;;;;;;;;;;;;;;;;;;;;;;;;;;;
349071;27.05.24 16:29:00;-50,204;200,369;-6,447;39,876;22,538;1001,108;21,285;50,190;22,355;47,365;22,025;2,024;297,208;21,391;-50,000;925;92,5;;0,0;60;13,38;28,21;;15;A27210;;;;;;;;;;;;;;;;;;;;;;;;;;;;;;;;;;;;;;;;;;;;;;;;;;;;;;;;;;;;;;;;;;;;;;;;;
349072;27.05.24 16:30:00;-51,008;208,045;-6,098;40,891;22,525;1001,105;21,561;49,005;22,335;47,685;22,000;1,581;270,990;21,391;-50,000;925;92,5;;0,0;60;13,39;28,13;;15;A27210;;;;;;;;;;;;;;;;;;;;;;;;;;;;;;;;;;;;;;;;;;;;;;;;;;;;;;;;;;;;;;;;;;;;;;;;;
349073;27.05.24 16:31:00;-51,945;215,294;-5,516;42,129;22,532;1001,117;21,162;48,785;22,350;47,430;22,005;1,443;256,506;21,385;-50,000;925;92,5;;0,0;60;13,39;28,06;;15;A27210;;;;;;;;;;;;;;;;;;;;;;;;;;;;;;;;;;;;;;;;;;;;;;;;;;;;;;;;;;;;;;;;;;;;;;;;;
349074;27.05.24 16:32:00;-52,946;221,144;-5,381;43,134;22,565;1001,120;21,267;48,635;22,375;47,505;22,045;1,201;218,813;21,388;-50,000;925;92,5;;0,0;60;13,39;28,02;;15;A27210;;;;;;;;;;;;;;;;;;;;;;;;;;;;;;;;;;;;;;;;;;;;;;;;;;;;;;;;;;;;;;;;;;;;;;;;;
349075;27.05.24 16:33:00;-53,516;223,297;-5,382;43,473;22,593;1001,123;21,318;48,575;22,360;46,875;22,050;1,637;246,943;21,385;-50,000;925;92,5;;0,0;60;13,39;28,17;;15;A27210;;;;;;;;;;;;;;;;;;;;;;;;;;;;;;;;;;;;;;;;;;;;;;;;;;;;;;;;;;;;;;;;;;;;;;;;;
349076;27.05.24 16:34:00;-53,632;222,076;-6,227;43,107;22,590;1001,102;21,609;46,700;22,380;45,515;22,030;1,576;251,224;21,388;-50,000;925;92,5;;0,0;60;13,39;27,82;;15;A27210;;;;;;;;;;;;;;;;;;;;;;;;;;;;;;;;;;;;;;;;;;;;;;;;;;;;;;;;;;;;;;;;;;;;;;;;;
349077;27.05.24 16:35:00;-53,331;217,789;-5,875;42,265;22,597;1001,123;21,216;47,415;22,365;45,870;22,010;1,688;252,855;21,372;-50,000;925;92,5;;0,0;60;13,39;28,10;;15;A27210;;;;;;;;;;;;;;;;;;;;;;;;;;;;;;;;;;;;;;;;;;;;;;;;;;;;;;;;;;;;;;;;;;;;;;;;;
349078;27.05.24 16:36:00;-52,971;213,826;-5,638;41,777;22,610;1001,120;21,306;47,265;22,385;45,900;22,040;1,631;192,083;21,314;-50,000;925;92,5;;0,0;60;13,40;27,82;;15;A27210;;;;;;;;;;;;;;;;;;;;;;;;;;;;;;;;;;;;;;;;;;;;;;;;;;;;;;;;;;;;;;;;;;;;;;;;;
349079;27.05.24 16:37:00;-52,723;211,903;-5,918;41,567;22,637;1001,123;21,609;47,385;22,390;45,990;22,030;1,325;261,658;21,360;-50,000;925;92,5;;0,0;60;13,39;27,90;;15;A27210;;;;;;;;;;;;;;;;;;;;;;;;;;;;;;;;;;;;;;;;;;;;;;;;;;;;;;;;;;;;;;;;;;;;;;;;;
349080;27.05.24 16:38:00;-52,759;214,028;-6,166;42,047;22,622;1001,129;21,369;47,135;22,430;45,905;22,065;1,580;181,986;21,360;-50,000;925;92,5;;0,0;60;13,40;27,90;;15;A27210;;;;;;;;;;;;;;;;;;;;;;;;;;;;;;;;;;;;;;;;;;;;;;;;;;;;;;;;;;;;;;;;;;;;;;;;;
349081;27.05.24 16:39:00;-53,173;214,579;-5,937;42,125;22,653;1001,129;21,456;48,205;22,450;46,510;22,055;1,938;234,765;21,378;-50,000;925;92,5;;0,0;60;13,40;27,90;;15;A27210;;;;;;;;;;;;;;;;;;;;;;;;;;;;;;;;;;;;;;;;;;;;;;;;;;;;;;;;;;;;;;;;;;;;;;;;;
349082;27.05.24 16:40:00;-53,983;212,426;-6,833;41,511;22,635;1001,111;20,895;47,065;22,440;44,955;22,055;2,177;296,038;21,369;-50,000;925;92,5;;0,0;60;13,39;28,02;;15;A27210;;;;;;;;;;;;;;;;;;;;;;;;;;;;;;;;;;;;;;;;;;;;;;;;;;;;;;;;;;;;;;;;;;;;;;;;;
349083;27.05.24 16:41:00;-54,517;211,544;-6,604;41,125;22,635;1001,117;21,630;46,995;22,415;45,580;22,035;1,520;255,184;21,354;-50,000;925;92,5;;0,0;60;13,39;28,10;;15;A27210;;;;;;;;;;;;;;;;;;;;;;;;;;;;;;;;;;;;;;;;;;;;;;;;;;;;;;;;;;;;;;;;;;;;;;;;;
349084;27.05.24 16:42:00;-55,391;214,392;-6,554;41,765;22,622;1001,132;21,333;46,610;22,425;45,395;22,010;1,652;209,053;21,357;-50,000;925;92,5;;0,0;60;13,41;27,98;;15;A27210;;;;;;;;;;;;;;;;;;;;;;;;;;;;;;;;;;;;;;;;;;;;;;;;;;;;;;;;;;;;;;;;;;;;;;;;;
349085;27.05.24 16:43:00;-56,814;220,228;-6,238;42,920;22,630;1001,153;21,375;47,480;22,465;46,390;22,055;1,189;208,148;21,333;-50,000;925;92,5;;0,0;60;13,41;27,98;;15;A27210;;;;;;;;;;;;;;;;;;;;;;;;;;;;;;;;;;;;;;;;;;;;;;;;;;;;;;;;;;;;;;;;;;;;;;;;;
349086;27.05.24 16:44:00;-58,287;226,239;-5,745;44,109;22,665;1001,159;21,432;47,555;22,445;46,305;22,025;1,648;210,403;21,342;-50,000;925;92,5;;0,0;60;13,41;27,98;;15;A27210;;;;;;;;;;;;;;;;;;;;;;;;;;;;;;;;;;;;;;;;;;;;;;;;;;;;;;;;;;;;;;;;;;;;;;;;;
349087;27.05.24 16:45:00;-60,164;229,422;-5,966;44,686;22,672;1001,144;21,729;47,915;22,455;45,865;22,025;2,017;240,064;21,366;-50,000;925;92,5;;0,0;60;13,41;27,86;;15;A27210;;;;;;;;;;;;;;;;;;;;;;;;;;;;;;;;;;;;;;;;;;;;;;;;;;;;;;;;;;;;;;;;;;;;;;;;;
349088;27.05.24 16:46:00;-61,953;227,956;-5,999;44,214;22,675;1001,162;21,429;47,615;22,450;45,950;22,005;1,397;309,966;21,330;-50,000;925;92,5;;0,0;60;13,40;27,86;;15;A27210;;;;;;;;;;;;;;;;;;;;;;;;;;;;;;;;;;;;;;;;;;;;;;;;;;;;;;;;;;;;;;;;;;;;;;;;;
349089;27.05.24 16:47:00;-62,789;223,396;-5,811;43,314;22,690;1001,171;20,955;47,715;22,455;46,645;22,005;0,788;279,084;21,345;-50,000;925;92,5;;0,0;60;13,39;28,10;;15;A27210;;;;;;;;;;;;;;;;;;;;;;;;;;;;;;;;;;;;;;;;;;;;;;;;;;;;;;;;;;;;;;;;;;;;;;;;;
349090;27.05.24 16:48:00;-62,389;218,092;-5,748;42,520;22,730;1001,162;21,189;48,375;22,485;46,315;22,005;1,250;275,659;21,317;-50,000;925;92,5;;0,0;60;13,39;28,13;;15;A27210;;;;;;;;;;;;;;;;;;;;;;;;;;;;;;;;;;;;;;;;;;;;;;;;;;;;;;;;;;;;;;;;;;;;;;;;;
349091;27.05.24 16:49:00;-61,366;214,767;-6,213;41,750;22,722;1001,138;21,258;47,980;22,505;46,325;22,015;1,696;220,815;21,339;-50,000;925;92,5;;0,0;60;13,39;28,06;;15;A27210;;;;;;;;;;;;;;;;;;;;;;;;;;;;;;;;;;;;;;;;;;;;;;;;;;;;;;;;;;;;;;;;;;;;;;;;;
349092;27.05.24 16:50:00;-60,665;211,297;-6,350;41,091;22,733;1001,168;21,936;47,190;22,500;46,230;22,005;1,274;261,135;21,342;-50,000;925;92,5;;0,0;60;13,37;27,82;;15;A27210;;;;;;;;;;;;;;;;;;;;;;;;;;;;;;;;;;;;;;;;;;;;;;;;;;;;;;;;;;;;;;;;;;;;;;;;;
349093;27.05.24 16:51:00;-60,661;206,298;-7,039;40,028;22,705;1001,147;21,669;46,690;22,510;45,415;22,010;1,939;227,565;21,327;-50,000;925;92,5;;0,0;60;13,37;28,02;;15;A27210;;;;;;;;;;;;;;;;;;;;;;;;;;;;;;;;;;;;;;;;;;;;;;;;;;;;;;;;;;;;;;;;;;;;;;;;;
349094;27.05.24 16:52:00;-61,441;200,483;-7,059;38,714;22,692;1001,144;21,474;47,500;22,505;45,765;21,975;1,883;251,691;21,314;-50,000;925;92,5;;0,0;60;13,35;27,86;;15;A27210;;;;;;;;;;;;;;;;;;;;;;;;;;;;;;;;;;;;;;;;;;;;;;;;;;;;;;;;;;;;;;;;;;;;;;;;;
349095;27.05.24 16:53:00;-62,269;195,555;-7,689;37,721;22,675;1001,126;20,694;46,025;22,500;44,790;21,970;1,571;271,879;21,330;-50,000;925;92,5;;0,0;60;13,34;28,06;;15;A27210;;;;;;;;;;;;;;;;;;;;;;;;;;;;;;;;;;;;;;;;;;;;;;;;;;;;;;;;;;;;;;;;;;;;;;;;;
349096;27.05.24 16:54:00;-62,752;191,495;-7,848;36,972;22,653;1001,114;21,432;45,945;22,485;44,780;21,970;1,863;248,822;21,305;-50,000;925;92,5;;0,0;60;13,34;27,78;;15;A27210;;;;;;;;;;;;;;;;;;;;;;;;;;;;;;;;;;;;;;;;;;;;;;;;;;;;;;;;;;;;;;;;;;;;;;;;;
349097;27.05.24 16:55:00;-62,634;188,070;-8,178;36,303;22,622;1001,099;21,597;45,740;22,470;44,225;21,940;1,601;248,833;21,324;-50,000;925;92,5;;0,0;60;13,33;27,98;;15;A27210;;;;;;;;;;;;;;;;;;;;;;;;;;;;;;;;;;;;;;;;;;;;;;;;;;;;;;;;;;;;;;;;;;;;;;;;;
349098;27.05.24 16:56:00;-62,399;186,295;-8,449;35,994;22,612;1001,081;21,468;44,500;22,465;43,890;21,925;1,711;204,739;21,324;-50,000;925;92,5;;0,0;60;13,33;27,90;;15;A27210;;;;;;;;;;;;;;;;;;;;;;;;;;;;;;;;;;;;;;;;;;;;;;;;;;;;;;;;;;;;;;;;;;;;;;;;;
349099;27.05.24 16:57:00;-61,925;186,410;-8,730;36,039;22,590;1001,075;22,026;44,820;22,450;43,980;21,905;1,746;193,146;21,305;-50,000;925;92,5;;0,0;60;13,33;27,74;;15;A27210;;;;;;;;;;;;;;;;;;;;;;;;;;;;;;;;;;;;;;;;;;;;;;;;;;;;;;;;;;;;;;;;;;;;;;;;;
349100;27.05.24 16:58:00;-61,454;188,140;-8,366;36,387;22,565;1001,063;21,177;46,205;22,430;45,230;21,890;1,434;212,355;21,305;-50,000;925;92,5;;0,0;60;13,33;27,74;;15;A27210;;;;;;;;;;;;;;;;;;;;;;;;;;;;;;;;;;;;;;;;;;;;;;;;;;;;;;;;;;;;;;;;;;;;;;;;;
349101;27.05.24 16:59:00;-61,106;191,322;-8,179;37,111;22,537;1001,063;21,648;45,630;22,375;45,015;21,840;1,740;279,743;21,308;-50,000;925;92,5;;0,0;60;13,32;27,70;;15;A27210;;;;;;;;;;;;;;;;;;;;;;;;;;;;;;;;;;;;;;;;;;;;;;;;;;;;;;;;;;;;;;;;;;;;;;;;;
349102;27.05.24 17:00:00;-60,755;199,206;-7,863;38,674;22,530;1001,069;21,678;46,300;22,390;45,285;21,845;1,184;219,943;21,296;-50,000;925;92,5;;0,0;60;13,33;27,78;;15;A27210;;;;;;;;;;;;;;;;;;;;;;;;;;;;;;;;;;;;;;;;;;;;;;;;;;;;;;;;;;;;;;;;;;;;;;;;;
349103;27.05.24 17:01:00;-60,204;211,405;-7,294;41,215;22,517;1001,054;21,648;46,875;22,370;45,500;21,840;1,913;224,601;21,299;-50,000;925;92,5;;0,0;60;13,34;27,90;;15;A27210;;;;;;;;;;;;;;;;;;;;;;;;;;;;;;;;;;;;;;;;;;;;;;;;;;;;;;;;;;;;;;;;;;;;;;;;;
349104;27.05.24 17:02:00;-59,734;216,688;-7,289;42,385;22,507;1001,066;21,654;45,470;22,350;44,700;21,830;1,804;266,535;21,296;-50,000;925;92,5;;0,0;60;13,34;27,70;;15;A27210;;;;;;;;;;;;;;;;;;;;;;;;;;;;;;;;;;;;;;;;;;;;;;;;;;;;;;;;;;;;;;;;;;;;;;;;;
349105;27.05.24 17:03:00;-59,641;216,329;-6,836;42,416;22,517;1001,093;21,405;46,475;22,345;45,755;21,855;1,472;196,138;21,293;-50,000;925;92,5;;0,0;60;13,35;27,78;;15;A27210;;;;;;;;;;;;;;;;;;;;;;;;;;;;;;;;;;;;;;;;;;;;;;;;;;;;;;;;;;;;;;;;;;;;;;;;;
349106;27.05.24 17:04:00;-59,653;221,650;-6,959;43,482;22,507;1001,105;21,093;45,620;22,340;45,065;21,860;1,627;225,135;21,296;-50,000;925;92,5;;0,0;60;13,35;27,82;;15;A27210;;;;;;;;;;;;;;;;;;;;;;;;;;;;;;;;;;;;;;;;;;;;;;;;;;;;;;;;;;;;;;;;;;;;;;;;;
349107;27.05.24 17:05:00;-59,527;220,668;-6,582;43,344;22,535;1001,129;21,735;46,685;22,340;45,645;21,840;1,277;255,274;21,293;-50,000;925;92,5;;0,0;60;13,35;27,82;;15;A27210;;;;;;;;;;;;;;;;;;;;;;;;;;;;;;;;;;;;;;;;;;;;;;;;;;;;;;;;;;;;;;;;;;;;;;;;;
349108;27.05.24 17:06:00;-59,685;220,430;-6,588;43,435;22,548;1001,138;21,561;46,745;22,325;45,620;21,855;1,617;284,023;21,296;-50,000;925;92,5;;0,0;60;13,35;27,74;;15;A27210;;;;;;;;;;;;;;;;;;;;;;;;;;;;;;;;;;;;;;;;;;;;;;;;;;;;;;;;;;;;;;;;;;;;;;;;;
349109;27.05.24 17:07:00;-60,149;217,960;-6,771;42,900;22,540;1001,159;21,801;47,335;22,350;45,900;21,860;1,920;249,857;21,290;-50,000;925;92,5;;0,0;60;13,35;27,78;;15;A27210;;;;;;;;;;;;;;;;;;;;;;;;;;;;;;;;;;;;;;;;;;;;;;;;;;;;;;;;;;;;;;;;;;;;;;;;;
349110;27.05.24 17:08:00;-60,542;214,974;-7,074;42,274;22,522;1001,156;21,561;46,460;22,345;45,530;21,845;2,104;270,664;21,293;-50,000;925;92,5;;0,0;60;13,35;27,78;;15;A27210;;;;;;;;;;;;;;;;;;;;;;;;;;;;;;;;;;;;;;;;;;;;;;;;;;;;;;;;;;;;;;;;;;;;;;;;;
349111;27.05.24 17:09:00;-60,716;209,148;-7,334;40,999;22,522;1001,177;21,990;46,805;22,330;46,045;21,790;1,102;339,683;21,293;-50,000;925;92,5;;0,0;60;13,35;27,50;;15;A27210;;;;;;;;;;;;;;;;;;;;;;;;;;;;;;;;;;;;;;;;;;;;;;;;;;;;;;;;;;;;;;;;;;;;;;;;;
349112;27.05.24 17:10:00;-60,905;204,485;-7,282;40,160;22,510;1001,168;21,711;47,525;22,350;45,555;21,800;1,939;208,811;21,287;-50,000;925;92,5;;0,0;60;13,35;27,70;;15;A27210;;;;;;;;;;;;;;;;;;;;;;;;;;;;;;;;;;;;;;;;;;;;;;;;;;;;;;;;;;;;;;;;;;;;;;;;;
349113;27.05.24 17:11:00;-61,084;200,363;-7,401;39,208;22,470;1001,165;21,714;47,360;22,305;45,420;21,740;2,102;321,947;21,284;-50,000;925;92,5;;0,0;60;13,34;27,46;;15;A27210;;;;;;;;;;;;;;;;;;;;;;;;;;;;;;;;;;;;;;;;;;;;;;;;;;;;;;;;;;;;;;;;;;;;;;;;;
349114;27.05.24 17:12:00;-61,173;198,385;-7,674;38,635;22,422;1001,162;21,432;45,820;22,280;45,260;21,725;2,063;239,923;21,293;-50,000;925;92,5;;0,0;60;13,34;27,46;;15;A27210;;;;;;;;;;;;;;;;;;;;;;;;;;;;;;;;;;;;;;;;;;;;;;;;;;;;;;;;;;;;;;;;;;;;;;;;;
349115;27.05.24 17:13:00;-61,079;197,939;-7,807;38,472;22,372;1001,186;22,431;46,700;22,260;45,370;21,660;1,959;297,743;21,278;-50,000;925;92,5;;0,0;60;13,32;27,70;;15;A27210;;;;;;;;;;;;;;;;;;;;;;;;;;;;;;;;;;;;;;;;;;;;;;;;;;;;;;;;;;;;;;;;;;;;;;;;;
349116;27.05.24 17:14:00;-60,924;183,323;-7,674;35,633;22,347;1001,204;21,678;46,725;22,210;46,345;21,635;1,758;274,927;21,281;-50,000;925;92,5;;0,0;60;13,33;27,78;;15;A27210;;;;;;;;;;;;;;;;;;;;;;;;;;;;;;;;;;;;;;;;;;;;;;;;;;;;;;;;;;;;;;;;;;;;;;;;;
349117;27.05.24 17:15:00;-60,634;176,533;-7,839;34,313;22,322;1001,210;20,955;47,265;22,175;45,695;21,605;1,832;273,583;21,275;-50,000;925;92,5;;0,0;60;13,35;27,46;;15;A27210;;;;;;;;;;;;;;;;;;;;;;;;;;;;;;;;;;;;;;;;;;;;;;;;;;;;;;;;;;;;;;;;;;;;;;;;;
349118;27.05.24 17:16:00;-60,304;172,772;-7,937;33,557;22,275;1001,198;21,657;47,765;22,135;46,130;21,565;2,389;301,241;21,290;-50,000;925;92,5;;0,0;60;13,35;27,62;;15;A27210;;;;;;;;;;;;;;;;;;;;;;;;;;;;;;;;;;;;;;;;;;;;;;;;;;;;;;;;;;;;;;;;;;;;;;;;;
349119;27.05.24 17:17:00;-59,897;166,790;-8,039;32,440;22,213;1001,174;21,306;46,920;22,100;45,530;21,530;2,897;294,750;21,259;-50,000;925;92,5;;0,0;60;13,35;27,54;;15;A27210;;;;;;;;;;;;;;;;;;;;;;;;;;;;;;;;;;;;;;;;;;;;;;;;;;;;;;;;;;;;;;;;;;;;;;;;;
349120;27.05.24 17:18:00;-59,567;165,066;-8,151;31,925;22,125;1001,189;21,597;46,595;22,025;45,515;21,475;2,068;293,771;21,241;-50,000;925;92,5;;0,0;60;13,36;27,42;;15;A27210;;;;;;;;;;;;;;;;;;;;;;;;;;;;;;;;;;;;;;;;;;;;;;;;;;;;;;;;;;;;;;;;;;;;;;;;;
349121;27.05.24 17:19:00;-59,545;163,720;-7,793;31,745;22,087;1001,207;21,972;48,445;22,005;46,670;21,430;1,123;288,141;21,250;-50,000;925;92,5;;0,0;60;13,37;27,38;;15;A27210;;;;;;;;;;;;;;;;;;;;;;;;;;;;;;;;;;;;;;;;;;;;;;;;;;;;;;;;;;;;;;;;;;;;;;;;;
349122;27.05.24 17:20:00;-59,956;162,640;-7,682;31,767;22,048;1001,222;21,636;47,940;21,915;46,410;21,400;2,067;305,516;21,247;-50,000;925;92,5;;0,0;60;13,34;27,50;;15;A27210;;;;;;;;;;;;;;;;;;;;;;;;;;;;;;;;;;;;;;;;;;;;;;;;;;;;;;;;;;;;;;;;;;;;;;;;;
349123;27.05.24 17:21:00;-60,222;164,764;-7,653;32,131;22,010;1001,231;21,723;48,460;21,890;45,995;21,375;2,254;269,078;21,235;-50,000;925;92,5;;0,0;60;13,33;27,50;;15;A27210;;;;;;;;;;;;;;;;;;;;;;;;;;;;;;;;;;;;;;;;;;;;;;;;;;;;;;;;;;;;;;;;;;;;;;;;;
349124;27.05.24 17:22:00;-60,373;168,371;-7,267;32,935;21,987;1001,246;21,510;48,170;21,840;46,895;21,345;1,512;263,464;21,220;-50,000;925;92,5;;0,0;60;13,33;27,54;;15;A27210;;;;;;;;;;;;;;;;;;;;;;;;;;;;;;;;;;;;;;;;;;;;;;;;;;;;;;;;;;;;;;;;;;;;;;;;;
349125;27.05.24 17:23:00;-60,498;173,083;-6,945;34,074;21,993;1001,252;21,405;47,725;21,825;47,215;21,325;1,331;256,399;21,214;-50,000;925;92,5;;0,0;60;13,33;27,46;;15;A27210;;;;;;;;;;;;;;;;;;;;;;;;;;;;;;;;;;;;;;;;;;;;;;;;;;;;;;;;;;;;;;;;;;;;;;;;;
349126;27.05.24 17:24:00;-60,587;179,017;-6,858;35,245;21,960;1001,252;21,087;47,915;21,800;47,040;21,330;1,782;291,752;21,210;-50,000;925;92,5;;0,0;60;13,32;27,50;;15;A27210;;;;;;;;;;;;;;;;;;;;;;;;;;;;;;;;;;;;;;;;;;;;;;;;;;;;;;;;;;;;;;;;;;;;;;;;;
349127;27.05.24 17:25:00;-60,589;181,383;-6,587;35,583;21,955;1001,261;21,375;49,290;21,785;47,030;21,310;1,922;287,539;21,210;-50,000;925;92,5;;0,0;60;13,32;27,34;;15;A27210;;;;;;;;;;;;;;;;;;;;;;;;;;;;;;;;;;;;;;;;;;;;;;;;;;;;;;;;;;;;;;;;;;;;;;;;;
349128;27.05.24 17:26:00;-60,854;182,959;-6,274;35,912;21,965;1001,279;21,756;48,880;21,795;47,735;21,310;1,501;210,780;21,210;-50,000;925;92,5;;0,0;60;13,32;27,42;;15;A27210;;;;;;;;;;;;;;;;;;;;;;;;;;;;;;;;;;;;;;;;;;;;;;;;;;;;;;;;;;;;;;;;;;;;;;;;;
349129;27.05.24 17:27:00;-61,098;183,704;-6,460;35,950;21,948;1001,252;21,462;48,425;21,760;46,905;21,295;1,808;264,808;21,198;-50,000;925;92,5;;0,0;60;13,32;27,42;;15;A27210;;;;;;;;;;;;;;;;;;;;;;;;;;;;;;;;;;;;;;;;;;;;;;;;;;;;;;;;;;;;;;;;;;;;;;;;;
349130;27.05.24 17:28:00;-61,529;182,324;-6,537;35,619;21,930;1001,255;21,024;47,645;21,745;46,870;21,270;1,461;260,573;21,201;-50,000;925;92,5;;0,0;60;13,33;27,34;;15;A27210;;;;;;;;;;;;;;;;;;;;;;;;;;;;;;;;;;;;;;;;;;;;;;;;;;;;;;;;;;;;;;;;;;;;;;;;;
349131;27.05.24 17:29:00;-61,826;178,437;-6,457;34,840;21,917;1001,291;21,243;49,180;21,745;47,160;21,275;1,594;267,756;21,192;-50,000;925;92,5;;0,0;60;13,35;27,30;;15;A27210;;;;;;;;;;;;;;;;;;;;;;;;;;;;;;;;;;;;;;;;;;;;;;;;;;;;;;;;;;;;;;;;;;;;;;;;;
349132;27.05.24 17:30:00;-62,041;173,964;-6,392;34,086;21,922;1001,303;21,639;50,045;21,730;47,670;21,290;1,635;299,323;21,195;-50,000;925;92,5;;0,0;60;13,36;27,22;;15;A27210;;;;;;;;;;;;;;;;;;;;;;;;;;;;;;;;;;;;;;;;;;;;;;;;;;;;;;;;;;;;;;;;;;;;;;;;;
349133;27.05.24 17:31:00;-62,231;171,593;-6,484;33,525;21,890;1001,297;19,959;49,510;21,705;46,545;21,275;3,325;291,774;21,192;-50,000;925;92,5;;0,0;60;13,36;27,34;;15;A27210;;;;;;;;;;;;;;;;;;;;;;;;;;;;;;;;;;;;;;;;;;;;;;;;;;;;;;;;;;;;;;;;;;;;;;;;;
349134;27.05.24 17:32:00;-62,319;168,650;-6,591;32,644;21,843;1001,306;20,430;49,170;21,665;46,335;21,250;2,448;307,851;21,195;-50,000;925;92,5;;0,0;60;13,33;27,22;;15;A27210;;;;;;;;;;;;;;;;;;;;;;;;;;;;;;;;;;;;;;;;;;;;;;;;;;;;;;;;;;;;;;;;;;;;;;;;;
349135;27.05.24 17:33:00;-62,519;165,517;-6,498;32,039;21,810;1001,321;21,750;49,140;21,665;46,655;21,235;2,072;276,323;21,183;-50,000;925;92,5;;0,0;60;13,32;27,18;;15;A27210;;;;;;;;;;;;;;;;;;;;;;;;;;;;;;;;;;;;;;;;;;;;;;;;;;;;;;;;;;;;;;;;;;;;;;;;;
349136;27.05.24 17:34:00;-62,870;163,924;-6,758;31,738;21,775;1001,303;21,414;48,455;21,635;46,495;21,205;2,048;285,221;21,192;-50,000;925;92,5;;0,0;60;13,35;27,10;;15;A27210;;;;;;;;;;;;;;;;;;;;;;;;;;;;;;;;;;;;;;;;;;;;;;;;;;;;;;;;;;;;;;;;;;;;;;;;;
349137;27.05.24 17:35:00;-63,014;161,502;-6,815;31,269;21,727;1001,336;21,210;49,205;21,595;47,215;21,160;1,748;294,278;21,165;-50,000;925;92,5;;0,0;60;13,35;27,26;;15;A27210;;;;;;;;;;;;;;;;;;;;;;;;;;;;;;;;;;;;;;;;;;;;;;;;;;;;;;;;;;;;;;;;;;;;;;;;;
349138;27.05.24 17:36:00;-62,839;157,433;-6,722;30,597;21,710;1001,339;21,417;49,045;21,595;47,215;21,160;1,358;242,348;21,192;-50,000;925;92,5;;0,0;60;13,34;27,10;;15;A27210;;;;;;;;;;;;;;;;;;;;;;;;;;;;;;;;;;;;;;;;;;;;;;;;;;;;;;;;;;;;;;;;;;;;;;;;;
349139;27.05.24 17:37:00;-62,471;153,031;-6,933;29,889;21,697;1001,336;21,390;47,895;21,570;47,020;21,145;1,589;215,004;21,177;-50,000;925;92,5;;0,0;60;13,34;27,14;;15;A27210;;;;;;;;;;;;;;;;;;;;;;;;;;;;;;;;;;;;;;;;;;;;;;;;;;;;;;;;;;;;;;;;;;;;;;;;;
349140;27.05.24 17:38:00;-61,954;148,688;-7,105;29,137;21,672;1001,354;21,714;49,855;21,570;47,475;21,150;1,819;255,690;21,183;-50,000;925;92,5;;0,0;60;13,33;27,10;;15;A27210;;;;;;;;;;;;;;;;;;;;;;;;;;;;;;;;;;;;;;;;;;;;;;;;;;;;;;;;;;;;;;;;;;;;;;;;;
349141;27.05.24 17:39:00;-61,232;144,261;-7,190;28,239;21,642;1001,351;21,513;48,130;21,555;47,255;21,145;1,363;169,436;21,186;-50,000;925;92,5;;0,0;60;13,33;26,94;;15;A27210;;;;;;;;;;;;;;;;;;;;;;;;;;;;;;;;;;;;;;;;;;;;;;;;;;;;;;;;;;;;;;;;;;;;;;;;;
349142;27.05.24 17:40:00;-60,592;140,674;-7,322;27,599;21,622;1001,351;21,327;47,940;21,485;47,245;21,080;1,268;271,710;21,177;-50,000;925;92,5;;0,0;60;13,32;27,10;;15;A27210;;;;;;;;;;;;;;;;;;;;;;;;;;;;;;;;;;;;;;;;;;;;;;;;;;;;;;;;;;;;;;;;;;;;;;;;;
349143;27.05.24 17:41:00;-60,177;137,279;-7,394;27,006;21,597;1001,375;21,828;48,990;21,490;47,840;21,080;1,099;244,389;21,165;-50,000;925;92,5;;0,0;60;13,32;26,94;;15;A27210;;;;;;;;;;;;;;;;;;;;;;;;;;;;;;;;;;;;;;;;;;;;;;;;;;;;;;;;;;;;;;;;;;;;;;;;;
349144;27.05.24 17:42:00;-59,813;135,392;-7,389;26,589;21,565;1001,369;21,138;50,065;21,440;47,250;21,055;2,530;317,621;21,162;-50,000;925;92,5;;0,0;60;13,30;26,94;;15;A27210;;;;;;;;;;;;;;;;;;;;;;;;;;;;;;;;;;;;;;;;;;;;;;;;;;;;;;;;;;;;;;;;;;;;;;;;;
349145;27.05.24 17:43:00;-59,572;133,579;-7,304;26,017;21,545;1001,378;21,456;49,455;21,410;48,005;21,060;1,376;249,913;21,110;-50,000;925;92,5;;0,0;60;13,30;26,94;;15;A27210;;;;;;;;;;;;;;;;;;;;;;;;;;;;;;;;;;;;;;;;;;;;;;;;;;;;;;;;;;;;;;;;;;;;;;;;;
349146;27.05.24 17:44:00;-59,607;132,278;-7,236;26,022;21,530;1001,375;21,054;49,265;21,380;48,190;21,040;1,187;293,636;21,125;-50,000;925;92,5;;0,0;60;13,30;26,98;;15;A27210;;;;;;;;;;;;;;;;;;;;;;;;;;;;;;;;;;;;;;;;;;;;;;;;;;;;;;;;;;;;;;;;;;;;;;;;;
349147;27.05.24 17:45:00;-59,678;131,050;-7,258;25,910;21,502;1001,378;21,456;50,380;21,380;48,180;21,030;1,930;285,458;21,125;-50,000;925;92,5;;0,0;60;13,30;26,83;;15;A27210;;;;;;;;;;;;;;;;;;;;;;;;;;;;;;;;;;;;;;;;;;;;;;;;;;;;;;;;;;;;;;;;;;;;;;;;;
349148;27.05.24 17:46:00;-59,480;129,749;-7,353;25,624;21,477;1001,381;20,907;49,825;21,365;48,275;21,005;1,211;264,516;21,110;-50,000;925;92,5;;0,0;60;13,27;26,90;;15;A27210;;;;;;;;;;;;;;;;;;;;;;;;;;;;;;;;;;;;;;;;;;;;;;;;;;;;;;;;;;;;;;;;;;;;;;;;;
349149;27.05.24 17:47:00;-59,199;128,789;-7,082;25,525;21,465;1001,384;20,988;49,750;21,375;48,490;21,005;1,100;176,794;21,110;-50,000;925;92,5;;0,0;60;13,29;26,71;;15;A27210;;;;;;;;;;;;;;;;;;;;;;;;;;;;;;;;;;;;;;;;;;;;;;;;;;;;;;;;;;;;;;;;;;;;;;;;;
349150;27.05.24 17:48:00;-59,047;128,250;-6,956;25,602;21,450;1001,384;21,585;50,305;21,350;49,260;21,000;0,783;149,091;21,119;-50,000;925;92,5;;0,0;60;13,30;26,67;;15;A27210;;;;;;;;;;;;;;;;;;;;;;;;;;;;;;;;;;;;;;;;;;;;;;;;;;;;;;;;;;;;;;;;;;;;;;;;;
349151;27.05.24 17:49:00;-59,108;128,218;-6,891;25,793;21,457;1001,381;20,952;50,610;21,300;49,230;20,975;1,589;291,392;21,110;-50,000;925;92,5;;0,0;60;13,29;26,55;;15;A27210;;;;;;;;;;;;;;;;;;;;;;;;;;;;;;;;;;;;;;;;;;;;;;;;;;;;;;;;;;;;;;;;;;;;;;;;;
349152;27.05.24 17:50:00;-59,296;128,740;-7,031;25,768;21,415;1001,369;21,390;51,390;21,300;48,375;20,950;1,984;288,478;21,110;-50,000;925;92,5;;0,0;60;13,29;26,71;;15;A27210;;;;;;;;;;;;;;;;;;;;;;;;;;;;;;;;;;;;;;;;;;;;;;;;;;;;;;;;;;;;;;;;;;;;;;;;;
349153;27.05.24 17:51:00;-59,728;129,501;-6,892;25,719;21,395;1001,366;21,441;51,485;21,270;48,335;20,925;2,428;303,722;21,098;-50,000;925;92,5;;0,0;60;13,29;26,43;;15;A27210;;;;;;;;;;;;;;;;;;;;;;;;;;;;;;;;;;;;;;;;;;;;;;;;;;;;;;;;;;;;;;;;;;;;;;;;;
349154;27.05.24 17:52:00;-60,048;130,726;-6,593;25,898;21,368;1001,387;20,940;50,305;21,255;48,805;20,940;1,204;174,803;21,101;-50,000;925;92,5;;0,0;60;13,30;26,59;;15;A27210;;;;;;;;;;;;;;;;;;;;;;;;;;;;;;;;;;;;;;;;;;;;;;;;;;;;;;;;;;;;;;;;;;;;;;;;;
349155;27.05.24 17:53:00;-60,235;131,839;-6,673;26,277;21,332;1001,393;21,363;50,035;21,220;48,625;20,915;1,693;248,659;21,098;-50,000;925;92,5;;0,0;60;13,29;26,51;;15;A27210;;;;;;;;;;;;;;;;;;;;;;;;;;;;;;;;;;;;;;;;;;;;;;;;;;;;;;;;;;;;;;;;;;;;;;;;;
349156;27.05.24 17:54:00;-60,432;133,035;-6,492;26,516;21,300;1001,393;21,288;50,095;21,220;49,015;20,915;1,431;218,334;21,101;-50,000;925;92,5;;0,0;60;13,30;26,59;;15;A27210;;;;;;;;;;;;;;;;;;;;;;;;;;;;;;;;;;;;;;;;;;;;;;;;;;;;;;;;;;;;;;;;;;;;;;;;;
349157;27.05.24 17:55:00;-60,671;133,927;-6,593;26,786;21,295;1001,387;21,240;51,715;21,200;48,930;20,895;1,946;314,972;21,098;-50,000;925;92,5;;0,0;60;13,29;26,67;;15;A27210;;;;;;;;;;;;;;;;;;;;;;;;;;;;;;;;;;;;;;;;;;;;;;;;;;;;;;;;;;;;;;;;;;;;;;;;;
349158;27.05.24 17:56:00;-60,509;133,720;-6,619;26,581;21,257;1001,372;21,336;51,820;21,180;48,880;20,870;1,842;304,824;21,098;-50,000;925;92,5;;0,0;60;13,29;26,55;;15;A27210;;;;;;;;;;;;;;;;;;;;;;;;;;;;;;;;;;;;;;;;;;;;;;;;;;;;;;;;;;;;;;;;;;;;;;;;;
349159;27.05.24 17:57:00;-60,303;133,322;-6,475;26,465;21,240;1001,369;21,729;51,745;21,140;49,355;20,855;1,325;307,851;21,092;-50,000;925;92,5;;0,0;60;13,29;26,31;;15;A27210;;;;;;;;;;;;;;;;;;;;;;;;;;;;;;;;;;;;;;;;;;;;;;;;;;;;;;;;;;;;;;;;;;;;;;;;;
349160;27.05.24 17:58:00;-60,152;132,437;-6,420;26,345;21,208;1001,354;21,294;51,785;21,110;49,180;20,810;2,543;312,638;21,092;-50,000;925;92,5;;0,0;60;13,29;26,39;;15;A27210;;;;;;;;;;;;;;;;;;;;;;;;;;;;;;;;;;;;;;;;;;;;;;;;;;;;;;;;;;;;;;;;;;;;;;;;;
349161;27.05.24 17:59:00;-60,041;130,931;-6,309;25,975;21,180;1001,375;20,970;51,820;21,060;49,610;20,805;1,446;335,891;21,092;-50,000;925;92,5;;0,0;60;13,29;26,27;;15;A27210;;;;;;;;;;;;;;;;;;;;;;;;;;;;;;;;;;;;;;;;;;;;;;;;;;;;;;;;;;;;;;;;;;;;;;;;;
349162;27.05.24 18:00:00;-59,975;129,346;-6,229;25,821;21,160;1001,366;20,820;51,995;21,055;49,745;20,760;1,432;330,126;21,085;-50,000;925;92,5;;0,0;60;13,29;25,91;;15;A27210;;;;;;;;;;;;;;;;;;;;;;;;;;;;;;;;;;;;;;;;;;;;;;;;;;;;;;;;;;;;;;;;;;;;;;;;;
349163;27.05.24 18:01:00;-59,662;127,887;-6,308;25,604;21,147;1001,363;21,582;51,875;21,035;50,515;20,735;1,472;305,567;21,092;-50,000;925;92,5;;0,0;60;13,29;26,35;;15;A27210;;;;;;;;;;;;;;;;;;;;;;;;;;;;;;;;;;;;;;;;;;;;;;;;;;;;;;;;;;;;;;;;;;;;;;;;;
349164;27.05.24 18:02:00;-59,408;126,948;-6,262;25,540;21,137;1001,375;21,438;52,810;21,005;50,685;20,710;1,472;324,675;21,073;-50,000;925;92,5;;0,0;60;13,29;26,07;;15;A27210;;;;;;;;;;;;;;;;;;;;;;;;;;;;;;;;;;;;;;;;;;;;;;;;;;;;;;;;;;;;;;;;;;;;;;;;;
349165;27.05.24 18:03:00;-59,086;126,692;-6,126;25,525;21,103;1001,381;21,150;52,800;21,010;50,715;20,705;1,696;261,624;21,070;-50,000;925;92,5;;0,0;60;13,29;26,35;;15;A27210;;;;;;;;;;;;;;;;;;;;;;;;;;;;;;;;;;;;;;;;;;;;;;;;;;;;;;;;;;;;;;;;;;;;;;;;;
349166;27.05.24 18:04:00;-58,761;127,277;-5,913;25,676;21,085;1001,387;21,366;53,530;20,990;50,905;20,710;1,533;277,324;21,043;-50,000;925;92,5;;0,0;60;13,26;26,35;;15;A27210;;;;;;;;;;;;;;;;;;;;;;;;;;;;;;;;;;;;;;;;;;;;;;;;;;;;;;;;;;;;;;;;;;;;;;;;;
349167;27.05.24 18:05:00;-58,816;128,327;-5,705;26,044;21,075;1001,402;21,636;52,520;20,970;50,730;20,710;1,918;294,216;21,070;-50,000;925;92,5;;0,0;60;13,28;26,19;;15;A27210;;;;;;;;;;;;;;;;;;;;;;;;;;;;;;;;;;;;;;;;;;;;;;;;;;;;;;;;;;;;;;;;;;;;;;;;;
349168;27.05.24 18:06:00;NaN;129,182;-5,660;26,304;21,060;1001,429;21,738;52,580;20,985;51,090;20,740;1,689;237,696;21,061;-50,000;925;92,5;;0,0;59;13,29;26,23;;15;A27210;;;;;;;;;;;;;;;;;;;;;;;;;;;;;;;;;;;;;;;;;;;;;;;;;;;;;;;;;;;;;;;;;;;;;;;;;
349169;27.05.24 18:07:00;-44,223;96,972;-4,476;19,671;-52,510;1001,426;22,128;52,035;20,965;50,360;20,725;2,188;277,448;21,034;-50,000;925;92,5;;0,0;60;13,29;26,07;;15;A27210;;;;;;;;;;;;;;;;;;;;;;;;;;;;;;;;;;;;;;;;;;;;;;;;;;;;;;;;;;;;;;;;;;;;;;;;;
349170;27.05.24 18:08:00;-58,951;128,854;-5,889;26,163;21,040;1001,420;21,441;51,820;20,970;50,740;20,715;1,465;242,618;21,037;-50,000;925;92,5;;0,0;60;13,28;26,23;;15;A27210;;;;;;;;;;;;;;;;;;;;;;;;;;;;;;;;;;;;;;;;;;;;;;;;;;;;;;;;;;;;;;;;;;;;;;;;;
349171;27.05.24 18:09:00;-58,938;128,142;-5,902;26,068;21,032;1001,414;20,946;52,350;20,955;50,980;20,700;2,132;289,091;21,031;-50,000;925;92,5;;0,0;60;13,28;26,03;;15;A27210;;;;;;;;;;;;;;;;;;;;;;;;;;;;;;;;;;;;;;;;;;;;;;;;;;;;;;;;;;;;;;;;;;;;;;;;;
349172;27.05.24 18:10:00;-58,813;126,883;-5,871;25,848;21,022;1001,408;21,189;52,325;20,945;51,105;20,700;0,935;256,719;21,024;-50,000;925;92,5;;0,0;59;13,26;25,99;;15;A27210;;;;;;;;;;;;;;;;;;;;;;;;;;;;;;;;;;;;;;;;;;;;;;;;;;;;;;;;;;;;;;;;;;;;;;;;;
349173;27.05.24 18:11:00;NaN;124,938;-5,833;25,478;21,010;1001,402;21,372;54,045;20,940;51,240;20,655;2,138;335,520;21,024;-50,000;925;92,5;;0,0;59;13,26;25,87;;15;A27210;;;;;;;;;;;;;;;;;;;;;;;;;;;;;;;;;;;;;;;;;;;;;;;;;;;;;;;;;;;;;;;;;;;;;;;;;
349174;27.05.24 18:12:00;-58,427;122,427;-5,929;24,818;20,977;1001,390;21,354;53,960;20,915;51,060;20,650;2,241;299,419;21,006;-50,000;925;92,5;;0,0;60;13,26;26,11;;15;A27210;;;;;;;;;;;;;;;;;;;;;;;;;;;;;;;;;;;;;;;;;;;;;;;;;;;;;;;;;;;;;;;;;;;;;;;;;
349175;27.05.24 18:13:00;-58,048;119,154;-6,017;24,118;20,952;1001,369;21,351;53,925;20,890;50,980;20,615;2,319;317,571;21,006;-50,000;925;92,5;;0,0;60;13,25;25,91;;15;A27210;;;;;;;;;;;;;;;;;;;;;;;;;;;;;;;;;;;;;;;;;;;;;;;;;;;;;;;;;;;;;;;;;;;;;;;;;
349176;27.05.24 18:14:00;NaN;115,511;-5,988;23,338;20,917;1001,363;22,530;54,490;20,870;51,350;20,605;1,884;281,391;21,006;-50,000;925;92,5;;0,0;58;13,24;26,07;;15;A27210;;;;;;;;;;;;;;;;;;;;;;;;;;;;;;;;;;;;;;;;;;;;;;;;;;;;;;;;;;;;;;;;;;;;;;;;;
349177;27.05.24 18:15:00;-43,068;83,908;-4,509;16,968;-52,620;1001,351;21,504;54,045;20,825;51,755;20,565;2,419;318,212;21,006;-50,000;925;92,5;;0,0;59;13,23;25,83;;15;A27210;;;;;;;;;;;;;;;;;;;;;;;;;;;;;;;;;;;;;;;;;;;;;;;;;;;;;;;;;;;;;;;;;;;;;;;;;
349178;27.05.24 18:16:00;-57,272;109,093;-6,165;22,045;20,855;1001,354;21,006;53,330;20,795;51,880;20,535;1,463;312,593;20,994;-50,000;925;92,5;;0,0;60;13,22;25,95;;15;A27210;;;;;;;;;;;;;;;;;;;;;;;;;;;;;;;;;;;;;;;;;;;;;;;;;;;;;;;;;;;;;;;;;;;;;;;;;
349179;27.05.24 18:17:00;NaN;106,826;-6,224;21,660;20,815;1001,327;21,639;53,590;20,780;51,855;20,490;2,411;298,699;20,997;-50,000;925;92,5;;0,0;59;13,21;25,87;;15;A27210;;;;;;;;;;;;;;;;;;;;;;;;;;;;;;;;;;;;;;;;;;;;;;;;;;;;;;;;;;;;;;;;;;;;;;;;;
349180;27.05.24 18:18:00;-56,881;104,380;-6,329;21,208;20,795;1001,327;21,642;53,795;20,745;52,035;20,475;2,018;321,193;20,997;-50,000;925;92,5;;0,0;60;13,21;25,79;;15;A27210;;;;;;;;;;;;;;;;;;;;;;;;;;;;;;;;;;;;;;;;;;;;;;;;;;;;;;;;;;;;;;;;;;;;;;;;;
349181;27.05.24 18:19:00;-56,603;102,215;-6,297;20,671;20,755;1001,318;20,718;53,940;20,700;51,950;20,450;2,452;308,076;20,994;-50,000;925;92,5;;0,0;59;13,20;25,79;;15;A27210;;;;;;;;;;;;;;;;;;;;;;;;;;;;;;;;;;;;;;;;;;;;;;;;;;;;;;;;;;;;;;;;;;;;;;;;;
349182;27.05.24 18:20:00;-56,452;100,098;-6,318;20,155;20,715;1001,309;21,720;54,475;20,680;51,965;20,410;1,918;302,057;20,997;-50,000;925;92,5;;0,0;60;13,20;25,63;;15;A27210;;;;;;;;;;;;;;;;;;;;;;;;;;;;;;;;;;;;;;;;;;;;;;;;;;;;;;;;;;;;;;;;;;;;;;;;;
349183;27.05.24 18:21:00;-56,474;98,481;-6,200;19,874;20,688;1001,306;21,324;53,430;20,645;51,505;20,385;2,236;322,374;20,997;-50,000;925;92,5;;0,0;59;13,18;25,56;;15;A27210;;;;;;;;;;;;;;;;;;;;;;;;;;;;;;;;;;;;;;;;;;;;;;;;;;;;;;;;;;;;;;;;;;;;;;;;;
349184;27.05.24 18:22:00;-56,494;96,705;-6,433;19,483;20,655;1001,306;21,399;54,065;20,605;51,670;20,390;1,344;326,498;20,988;-50,000;925;92,5;;0,0;60;13,18;25,67;;15;A27210;;;;;;;;;;;;;;;;;;;;;;;;;;;;;;;;;;;;;;;;;;;;;;;;;;;;;;;;;;;;;;;;;;;;;;;;;
349185;27.05.24 18:23:00;NaN;94,924;-6,376;19,222;20,620;1001,321;21,258;54,660;20,575;52,115;20,340;1,683;308,829;20,976;-50,000;925;92,5;;0,0;60;13,18;25,52;;15;A27210;;;;;;;;;;;;;;;;;;;;;;;;;;;;;;;;;;;;;;;;;;;;;;;;;;;;;;;;;;;;;;;;;;;;;;;;;
349186;27.05.24 18:24:00;-56,237;93,245;-6,235;18,951;20,610;1001,315;21,453;53,620;20,565;51,515;20,345;1,968;279,360;20,969;-50,000;925;92,5;;0,0;59;13,17;25,48;;15;A27210;;;;;;;;;;;;;;;;;;;;;;;;;;;;;;;;;;;;;;;;;;;;;;;;;;;;;;;;;;;;;;;;;;;;;;;;;
349187;27.05.24 18:25:00;-56,073;91,479;-6,296;18,625;20,595;1001,300;21,333;53,755;20,550;51,870;20,325;1,321;305,173;20,945;-50,000;925;92,5;;0,0;60;13,15;25,32;;15;A27210;;;;;;;;;;;;;;;;;;;;;;;;;;;;;;;;;;;;;;;;;;;;;;;;;;;;;;;;;;;;;;;;;;;;;;;;;
349188;27.05.24 18:26:00;-55,956;89,537;-6,127;18,354;20,580;1001,306;20,811;53,885;20,550;52,505;20,370;0,952;214,155;20,954;-50,000;925;92,5;;0,0;60;13,15;25,36;;15;A27210;;;;;;;;;;;;;;;;;;;;;;;;;;;;;;;;;;;;;;;;;;;;;;;;;;;;;;;;;;;;;;;;;;;;;;;;;
349189;27.05.24 18:27:00;-28,033;44,061;-3,086;9,133;-126,287;1001,300;21,414;53,800;20,510;51,965;20,355;1,377;292,326;20,914;-50,000;925;92,5;;0,0;60;13,14;25,32;;15;A27210;;;;;;;;;;;;;;;;;;;;;;;;;;;;;;;;;;;;;;;;;;;;;;;;;;;;;;;;;;;;;;;;;;;;;;;;;
349190;27.05.24 18:28:00;-56,178;86,655;-6,471;17,935;20,562;1001,291;21,870;55,275;20,520;52,310;20,340;1,358;233,814;20,914;-50,000;925;92,5;;0,0;60;13,13;25,40;;15;A27210;;;;;;;;;;;;;;;;;;;;;;;;;;;;;;;;;;;;;;;;;;;;;;;;;;;;;;;;;;;;;;;;;;;;;;;;;
349191;27.05.24 18:29:00;-56,089;85,861;-6,540;17,738;20,535;1001,300;20,274;55,420;20,490;52,245;20,345;1,616;300,983;20,924;-50,000;925;92,5;;0,0;60;13,12;25,44;;15;A27210;;;;;;;;;;;;;;;;;;;;;;;;;;;;;;;;;;;;;;;;;;;;;;;;;;;;;;;;;;;;;;;;;;;;;;;;;
349192;27.05.24 18:30:00;-56,013;85,824;-6,554;17,656;20,505;1001,327;21,192;55,210;20,470;52,410;20,315;1,349;315,540;20,902;-50,000;925;92,5;;0,0;60;13,12;25,36;;15;A27210;;;;;;;;;;;;;;;;;;;;;;;;;;;;;;;;;;;;;;;;;;;;;;;;;;;;;;;;;;;;;;;;;;;;;;;;;
349193;27.05.24 18:31:00;-55,993;86,416;-6,484;17,880;20,485;1001,321;21,450;55,010;20,435;52,945;20,300;1,219;300,189;20,911;-50,000;925;92,5;;0,0;60;13,11;25,44;;15;A27210;;;;;;;;;;;;;;;;;;;;;;;;;;;;;;;;;;;;;;;;;;;;;;;;;;;;;;;;;;;;;;;;;;;;;;;;;
349194;27.05.24 18:32:00;-55,908;87,522;-6,427;18,133;20,455;1001,324;21,438;54,885;20,425;52,250;20,275;1,229;277,858;20,902;-50,000;925;92,5;;0,0;60;13,10;25,32;;15;A27210;;;;;;;;;;;;;;;;;;;;;;;;;;;;;;;;;;;;;;;;;;;;;;;;;;;;;;;;;;;;;;;;;;;;;;;;;
349195;27.05.24 18:33:00;-55,825;89,080;-6,203;18,567;20,455;1001,363;21,546;55,690;20,420;52,405;20,255;1,937;290,222;20,899;-50,000;925;92,5;;0,0;60;13,10;25,08;;15;A27210;;;;;;;;;;;;;;;;;;;;;;;;;;;;;;;;;;;;;;;;;;;;;;;;;;;;;;;;;;;;;;;;;;;;;;;;;
349196;27.05.24 18:34:00;-55,736;90,098;-6,180;18,672;20,430;1001,372;21,405;53,790;20,395;51,015;20,255;1,707;288,585;20,887;-50,000;925;92,5;;0,0;60;13,09;25,12;;15;A27210;;;;;;;;;;;;;;;;;;;;;;;;;;;;;;;;;;;;;;;;;;;;;;;;;;;;;;;;;;;;;;;;;;;;;;;;;
349197;27.05.24 18:35:00;-55,291;89,494;-6,142;18,544;20,410;1001,390;21,135;53,745;20,350;50,615;20,240;2,448;282,791;20,881;-50,000;925;92,5;;0,0;60;13,07;25,20;;15;A27210;;;;;;;;;;;;;;;;;;;;;;;;;;;;;;;;;;;;;;;;;;;;;;;;;;;;;;;;;;;;;;;;;;;;;;;;;
349198;27.05.24 18:36:00;-54,715;87,330;-6,114;18,146;20,375;1001,402;21,405;52,470;20,340;49,820;20,230;2,412;311,535;20,875;-50,000;925;92,5;;0,0;60;13,07;25,04;;15;A27210;;;;;;;;;;;;;;;;;;;;;;;;;;;;;;;;;;;;;;;;;;;;;;;;;;;;;;;;;;;;;;;;;;;;;;;;;
349199;27.05.24 18:37:00;-54,146;83,872;-5,978;17,545;20,362;1001,429;21,414;52,550;20,315;50,130;20,230;2,194;258,750;20,860;-50,000;925;92,5;;0,0;60;13,05;25,04;;15;A27210;;;;;;;;;;;;;;;;;;;;;;;;;;;;;;;;;;;;;;;;;;;;;;;;;;;;;;;;;;;;;;;;;;;;;;;;;
349200;27.05.24 18:38:00;-53,695;79,522;-5,988;16,792;20,352;1001,444;21,369;52,320;20,285;50,365;20,240;1,343;278,663;20,866;-50,000;925;92,5;;0,0;60;13,04;25,20;;15;A27210;;;;;;;;;;;;;;;;;;;;;;;;;;;;;;;;;;;;;;;;;;;;;;;;;;;;;;;;;;;;;;;;;;;;;;;;;
349201;27.05.24 18:39:00;-53,338;75,104;-6,212;16,054;20,330;1001,459;21,168;52,010;20,275;49,615;20,240;1,957;288,298;20,835;-50,000;925;92,5;;0,0;60;13,02;25,20;;15;A27210;;;;;;;;;;;;;;;;;;;;;;;;;;;;;;;;;;;;;;;;;;;;;;;;;;;;;;;;;;;;;;;;;;;;;;;;;
349202;27.05.24 18:40:00;-53,076;71,071;-6,664;15,172;20,313;1001,465;21,420;52,750;20,265;49,400;20,235;1,820;236,436;20,814;-50,000;925;92,5;;0,0;60;13,01;25,00;;15;A27210;;;;;;;;;;;;;;;;;;;;;;;;;;;;;;;;;;;;;;;;;;;;;;;;;;;;;;;;;;;;;;;;;;;;;;;;;
349203;27.05.24 18:41:00;-53,083;67,346;-6,529;14,324;20,288;1001,477;20,862;52,270;20,245;49,855;20,205;1,604;244,800;20,808;-50,000;925;92,5;;0,0;60;13,00;24,84;;15;A27210;;;;;;;;;;;;;;;;;;;;;;;;;;;;;;;;;;;;;;;;;;;;;;;;;;;;;;;;;;;;;;;;;;;;;;;;;
349204;27.05.24 18:42:00;-53,195;63,553;-6,917;13,444;20,263;1001,483;21,897;52,715;20,215;49,900;20,185;1,430;313,819;20,820;-50,000;925;92,5;;0,0;60;12,97;25,00;;15;A27210;;;;;;;;;;;;;;;;;;;;;;;;;;;;;;;;;;;;;;;;;;;;;;;;;;;;;;;;;;;;;;;;;;;;;;;;;
349205;27.05.24 18:43:00;-53,153;59,390;-6,864;12,522;20,243;1001,507;21,423;52,960;20,195;50,455;20,145;1,388;284,119;20,814;-50,000;925;92,5;;0,0;60;12,97;24,68;;15;A27210;;;;;;;;;;;;;;;;;;;;;;;;;;;;;;;;;;;;;;;;;;;;;;;;;;;;;;;;;;;;;;;;;;;;;;;;;
349206;27.05.24 18:44:00;-53,002;55,502;-6,828;11,769;20,222;1001,510;21,786;51,650;20,195;49,865;20,165;1,485;271,890;20,805;-50,000;925;92,5;;0,0;60;12,95;24,52;;15;A27210;;;;;;;;;;;;;;;;;;;;;;;;;;;;;;;;;;;;;;;;;;;;;;;;;;;;;;;;;;;;;;;;;;;;;;;;;
349207;27.05.24 18:45:00;-52,608;51,944;-6,836;11,088;20,195;1001,513;21,993;51,405;20,165;49,840;20,150;1,305;234,861;20,805;-50,000;925;92,5;;0,0;60;12,94;24,72;;15;A27210;;;;;;;;;;;;;;;;;;;;;;;;;;;;;;;;;;;;;;;;;;;;;;;;;;;;;;;;;;;;;;;;;;;;;;;;;
349208;27.05.24 18:46:00;-52,165;49,146;-6,989;10,554;20,173;1001,519;21,642;51,720;20,160;49,345;20,120;1,478;297,551;20,805;-50,000;925;92,5;;0,0;60;12,93;24,72;;15;A27210;;;;;;;;;;;;;;;;;;;;;;;;;;;;;;;;;;;;;;;;;;;;;;;;;;;;;;;;;;;;;;;;;;;;;;;;;
349209;27.05.24 18:47:00;-52,047;47,005;-7,051;10,118;20,155;1001,516;21,057;51,515;20,165;49,670;20,110;1,295;237,797;20,802;-50,000;925;92,5;;0,0;60;12,91;24,80;;15;A27210;;;;;;;;;;;;;;;;;;;;;;;;;;;;;;;;;;;;;;;;;;;;;;;;;;;;;;;;;;;;;;;;;;;;;;;;;
349210;27.05.24 18:48:00;-52,316;45,922;-7,042;9,892;20,135;1001,525;21,360;51,475;20,145;49,785;20,120;1,433;246,071;20,805;-50,000;925;92,5;;0,0;60;12,90;24,68;;15;A27210;;;;;;;;;;;;;;;;;;;;;;;;;;;;;;;;;;;;;;;;;;;;;;;;;;;;;;;;;;;;;;;;;;;;;;;;;
349211;27.05.24 18:49:00;-52,878;45,135;-7,173;9,605;20,100;1001,516;21,093;51,885;20,110;49,495;20,090;1,736;298,024;20,795;-50,000;925;92,5;;0,0;60;12,88;24,56;;15;A27210;;;;;;;;;;;;;;;;;;;;;;;;;;;;;;;;;;;;;;;;;;;;;;;;;;;;;;;;;;;;;;;;;;;;;;;;;
349212;27.05.24 18:50:00;-53,345;44,133;-7,472;9,289;20,083;1001,516;22,029;52,885;20,095;49,435;20,070;2,256;287,106;20,802;-50,000;925;92,5;;0,0;60;12,86;24,72;;15;A27210;;;;;;;;;;;;;;;;;;;;;;;;;;;;;;;;;;;;;;;;;;;;;;;;;;;;;;;;;;;;;;;;;;;;;;;;;
349213;27.05.24 18:51:00;-53,553;42,878;-7,530;8,941;20,040;1001,531;21,189;51,980;20,030;49,440;20,055;1,706;299,554;20,777;-50,000;925;92,5;;0,0;60;12,85;24,80;;15;A27210;;;;;;;;;;;;;;;;;;;;;;;;;;;;;;;;;;;;;;;;;;;;;;;;;;;;;;;;;;;;;;;;;;;;;;;;;
349214;27.05.24 18:52:00;-53,259;41,379;-7,917;8,572;20,013;1001,573;20,943;52,680;20,005;49,505;20,010;1,924;314,663;20,786;-50,000;925;92,5;;0,0;60;12,83;24,25;;15;A27210;;;;;;;;;;;;;;;;;;;;;;;;;;;;;;;;;;;;;;;;;;;;;;;;;;;;;;;;;;;;;;;;;;;;;;;;;
349215;27.05.24 18:53:00;-52,413;39,888;-7,961;8,250;19,975;1001,588;21,168;52,655;19,965;49,630;20,010;1,518;297,585;20,750;-50,000;925;92,5;;0,0;60;12,83;24,25;;15;A27210;;;;;;;;;;;;;;;;;;;;;;;;;;;;;;;;;;;;;;;;;;;;;;;;;;;;;;;;;;;;;;;;;;;;;;;;;
349216;27.05.24 18:54:00;-51,448;38,611;-7,872;8,078;19,942;1001,594;21,249;53,200;19,915;49,720;19,995;1,959;312,401;20,728;-50,000;925;92,5;;0,0;60;12,82;24,13;;15;A27210;;;;;;;;;;;;;;;;;;;;;;;;;;;;;;;;;;;;;;;;;;;;;;;;;;;;;;;;;;;;;;;;;;;;;;;;;
349217;27.05.24 18:55:00;-50,405;37,727;-7,298;7,961;19,900;1001,627;21,756;52,230;19,875;49,665;19,975;2,143;308,964;20,716;-50,000;925;92,5;;0,0;60;12,80;24,25;;15;A27210;;;;;;;;;;;;;;;;;;;;;;;;;;;;;;;;;;;;;;;;;;;;;;;;;;;;;;;;;;;;;;;;;;;;;;;;;
349218;27.05.24 18:56:00;-49,695;37,633;-7,272;8,039;19,870;1001,648;20,946;51,580;19,835;49,320;19,945;1,949;289,513;20,713;-50,000;925;92,5;;0,0;60;12,79;24,25;;15;A27210;;;;;;;;;;;;;;;;;;;;;;;;;;;;;;;;;;;;;;;;;;;;;;;;;;;;;;;;;;;;;;;;;;;;;;;;;
349219;27.05.24 18:57:00;-49,090;37,985;-7,582;8,143;19,855;1001,681;21,627;53,200;19,795;49,505;19,920;1,683;285,227;20,713;-50,000;925;92,5;;0,0;60;12,78;23,93;;15;A27210;;;;;;;;;;;;;;;;;;;;;;;;;;;;;;;;;;;;;;;;;;;;;;;;;;;;;;;;;;;;;;;;;;;;;;;;;
349220;27.05.24 18:58:00;-48,795;38,669;-7,395;8,405;19,827;1001,732;21,216;52,740;19,755;50,265;19,895;0,989;317,070;20,707;-50,000;925;92,5;;0,0;60;12,77;24,13;;15;A27210;;;;;;;;;;;;;;;;;;;;;;;;;;;;;;;;;;;;;;;;;;;;;;;;;;;;;;;;;;;;;;;;;;;;;;;;;
349221;27.05.24 18:59:00;-48,577;39,179;-7,435;8,493;19,797;1001,759;21,474;53,695;19,715;50,150;19,860;1,773;312,632;20,707;-50,000;925;92,5;;0,0;60;12,75;24,05;;15;A27210;;;;;;;;;;;;;;;;;;;;;;;;;;;;;;;;;;;;;;;;;;;;;;;;;;;;;;;;;;;;;;;;;;;;;;;;;
349222;27.05.24 19:00:00;-48,474;39,561;-7,271;8,530;19,778;1001,777;21,777;52,545;19,700;49,750;19,855;2,285;213,210;20,707;-50,000;925;92,5;;0,0;60;12,75;24,05;;15;A27210;;;;;;;;;;;;;;;;;;;;;;;;;;;;;;;;;;;;;;;;;;;;;;;;;;;;;;;;;;;;;;;;;;;;;;;;;
349223;27.05.24 19:01:00;-48,276;39,249;-7,012;8,480;19,755;1001,801;21,066;52,925;19,650;49,960;19,840;1,559;323,730;20,704;-50,000;925;92,5;;0,0;60;12,73;24,25;;15;A27210;;;;;;;;;;;;;;;;;;;;;;;;;;;;;;;;;;;;;;;;;;;;;;;;;;;;;;;;;;;;;;;;;;;;;;;;;
349224;27.05.24 19:02:00;-47,963;38,141;-7,194;8,304;19,717;1001,837;21,294;53,965;19,630;50,275;19,805;1,534;293,310;20,686;-50,000;925;92,5;;0,0;60;12,73;23,85;;15;A27210;;;;;;;;;;;;;;;;;;;;;;;;;;;;;;;;;;;;;;;;;;;;;;;;;;;;;;;;;;;;;;;;;;;;;;;;;
349225;27.05.24 19:03:00;-47,613;36,742;-6,967;8,068;19,695;1001,870;21,273;53,435;19,610;50,740;19,765;1,283;270,788;20,670;-50,000;925;92,5;;0,0;60;12,72;23,73;;15;A27210;;;;;;;;;;;;;;;;;;;;;;;;;;;;;;;;;;;;;;;;;;;;;;;;;;;;;;;;;;;;;;;;;;;;;;;;;
349226;27.05.24 19:04:00;-47,226;35,367;-6,797;7,911;19,667;1001,915;21,411;53,400;19,570;51,115;19,745;1,021;259,346;20,664;-50,000;925;92,5;;0,0;60;12,71;23,89;;15;A27210;;;;;;;;;;;;;;;;;;;;;;;;;;;;;;;;;;;;;;;;;;;;;;;;;;;;;;;;;;;;;;;;;;;;;;;;;
349227;27.05.24 19:05:00;-46,958;34,533;-6,571;7,829;19,667;1001,930;21,612;52,850;19,555;50,955;19,740;1,386;284,203;20,640;-50,000;925;92,5;;0,0;60;12,69;23,85;;15;A27210;;;;;;;;;;;;;;;;;;;;;;;;;;;;;;;;;;;;;;;;;;;;;;;;;;;;;;;;;;;;;;;;;;;;;;;;;
349228;27.05.24 19:06:00;-46,898;33,943;-7,013;7,805;19,632;1001,936;21,573;54,155;19,575;51,440;19,745;0,843;237,353;20,625;-50,000;925;92,5;;0,0;60;12,69;23,89;;15;A27210;;;;;;;;;;;;;;;;;;;;;;;;;;;;;;;;;;;;;;;;;;;;;;;;;;;;;;;;;;;;;;;;;;;;;;;;;
349229;27.05.24 19:07:00;-46,683;33,939;-6,686;7,810;19,610;1001,918;21,489;53,710;19,545;51,240;19,720;1,630;227,869;20,615;-50,000;925;92,5;;0,0;60;12,69;23,85;;15;A27210;;;;;;;;;;;;;;;;;;;;;;;;;;;;;;;;;;;;;;;;;;;;;;;;;;;;;;;;;;;;;;;;;;;;;;;;;
349230;27.05.24 19:08:00;-46,730;34,580;-6,503;7,969;19,592;1001,918;20,643;53,655;19,525;50,805;19,730;1,450;294,756;20,618;-50,000;925;92,5;;0,0;60;12,67;23,69;;15;A27210;;;;;;;;;;;;;;;;;;;;;;;;;;;;;;;;;;;;;;;;;;;;;;;;;;;;;;;;;;;;;;;;;;;;;;;;;
349231;27.05.24 19:09:00;-46,919;35,684;-6,286;8,242;19,572;1001,900;21,045;53,375;19,515;50,670;19,700;1,697;299,014;20,609;-50,000;925;92,5;;0,0;60;12,66;23,85;;15;A27210;;;;;;;;;;;;;;;;;;;;;;;;;;;;;;;;;;;;;;;;;;;;;;;;;;;;;;;;;;;;;;;;;;;;;;;;;
349232;27.05.24 19:10:00;-47,144;37,221;-6,439;8,475;19,555;1001,873;21,369;53,450;19,525;50,905;19,705;0,925;270,883;20,609;-50,000;925;92,5;;0,0;60;12,66;23,65;;15;A27210;;;;;;;;;;;;;;;;;;;;;;;;;;;;;;;;;;;;;;;;;;;;;;;;;;;;;;;;;;;;;;;;;;;;;;;;;
349233;27.05.24 19:11:00;-47,612;38,988;-6,545;8,851;19,547;1001,867;21,552;53,310;19,490;50,490;19,685;1,613;299,790;20,606;-50,000;925;92,5;;0,0;60;12,66;23,81;;15;A27210;;;;;;;;;;;;;;;;;;;;;;;;;;;;;;;;;;;;;;;;;;;;;;;;;;;;;;;;;;;;;;;;;;;;;;;;;
349234;27.05.24 19:12:00;-48,271;40,918;-6,477;9,228;19,528;1001,858;21,918;53,405;19,470;50,305;19,675;1,631;288,467;20,603;-50,000;925;92,5;;0,0;60;12,65;23,77;;15;A27210;;;;;;;;;;;;;;;;;;;;;;;;;;;;;;;;;;;;;;;;;;;;;;;;;;;;;;;;;;;;;;;;;;;;;;;;;
349235;27.05.24 19:13:00;-49,052;42,342;-6,529;9,432;19,515;1001,855;21,297;53,990;19,445;50,370;19,655;1,870;301,376;20,603;-50,000;925;92,5;;0,0;60;12,65;23,49;;15;A27210;;;;;;;;;;;;;;;;;;;;;;;;;;;;;;;;;;;;;;;;;;;;;;;;;;;;;;;;;;;;;;;;;;;;;;;;;
349236;27.05.24 19:14:00;-49,983;42,961;-6,457;9,414;19,495;1001,876;21,420;53,850;19,435;50,385;19,635;1,970;306,416;20,597;-50,000;925;92,5;;0,0;60;12,65;23,69;;15;A27210;;;;;;;;;;;;;;;;;;;;;;;;;;;;;;;;;;;;;;;;;;;;;;;;;;;;;;;;;;;;;;;;;;;;;;;;;
349237;27.05.24 19:15:00;-50,919;42,998;-6,218;9,435;19,485;1001,900;21,219;53,790;19,415;51,165;19,635;1,165;258,390;20,591;-50,000;925;92,5;;0,0;60;12,65;23,53;;15;A27210;;;;;;;;;;;;;;;;;;;;;;;;;;;;;;;;;;;;;;;;;;;;;;;;;;;;;;;;;;;;;;;;;;;;;;;;;
349238;27.05.24 19:16:00;-51,945;42,665;-6,151;9,492;19,467;1001,921;21,219;54,115;19,390;51,420;19,610;1,080;295,538;20,573;-50,000;925;92,5;;0,0;60;12,63;23,69;;15;A27210;;;;;;;;;;;;;;;;;;;;;;;;;;;;;;;;;;;;;;;;;;;;;;;;;;;;;;;;;;;;;;;;;;;;;;;;;
349239;27.05.24 19:17:00;-53,102;42,310;-6,123;9,507;19,465;1001,927;22,089;53,455;19,405;51,015;19,595;1,439;221,411;20,560;-50,000;925;92,5;;0,0;60;12,64;23,53;;15;A27210;;;;;;;;;;;;;;;;;;;;;;;;;;;;;;;;;;;;;;;;;;;;;;;;;;;;;;;;;;;;;;;;;;;;;;;;;
349240;27.05.24 19:18:00;-54,213;42,092;-6,255;9,420;19,445;1001,921;21,477;53,765;19,400;51,205;19,580;1,875;282,324;20,548;-50,000;925;92,5;;0,0;60;12,63;23,61;;15;A27210;;;;;;;;;;;;;;;;;;;;;;;;;;;;;;;;;;;;;;;;;;;;;;;;;;;;;;;;;;;;;;;;;;;;;;;;;
349241;27.05.24 19:19:00;-55,260;42,009;-6,375;9,416;19,420;1001,909;21,942;53,665;19,385;50,930;19,575;2,011;305,831;20,530;-50,000;925;92,5;;0,0;60;12,63;23,53;;15;A27210;;;;;;;;;;;;;;;;;;;;;;;;;;;;;;;;;;;;;;;;;;;;;;;;;;;;;;;;;;;;;;;;;;;;;;;;;
349242;27.05.24 19:20:00;-56,206;42,124;-6,535;9,451;19,407;1001,900;21,093;53,950;19,380;50,680;19,595;2,338;232,104;20,536;-50,000;925;92,5;;0,0;60;12,63;23,77;;15;A27210;;;;;;;;;;;;;;;;;;;;;;;;;;;;;;;;;;;;;;;;;;;;;;;;;;;;;;;;;;;;;;;;;;;;;;;;;
349243;27.05.24 19:21:00;-57,060;42,096;-6,435;9,469;19,392;1001,912;21,582;53,130;19,365;50,780;19,585;1,523;210,966;20,518;-50,000;925;92,5;;0,0;60;12,63;23,61;;15;A27210;;;;;;;;;;;;;;;;;;;;;;;;;;;;;;;;;;;;;;;;;;;;;;;;;;;;;;;;;;;;;;;;;;;;;;;;;
349244;27.05.24 19:22:00;-57,842;41,671;-6,443;9,485;19,382;1001,921;21,645;53,260;19,380;51,045;19,595;1,280;221,541;20,512;-50,000;925;92,5;;0,0;60;12,62;23,41;;15;A27210;;;;;;;;;;;;;;;;;;;;;;;;;;;;;;;;;;;;;;;;;;;;;;;;;;;;;;;;;;;;;;;;;;;;;;;;;
349245;27.05.24 19:23:00;-58,427;40,860;-6,559;9,321;19,372;1001,942;21,378;53,625;19,370;50,900;19,575;1,636;258,784;20,509;-50,000;925;92,5;;0,0;60;12,62;23,57;;15;A27210;;;;;;;;;;;;;;;;;;;;;;;;;;;;;;;;;;;;;;;;;;;;;;;;;;;;;;;;;;;;;;;;;;;;;;;;;
349246;27.05.24 19:24:00;-58,975;39,066;-6,694;8,911;19,353;1001,960;21,516;53,495;19,335;50,675;19,530;2,330;312,767;20,506;-50,000;925;92,5;;0,0;60;12,61;23,37;;15;A27210;;;;;;;;;;;;;;;;;;;;;;;;;;;;;;;;;;;;;;;;;;;;;;;;;;;;;;;;;;;;;;;;;;;;;;;;;
349247;27.05.24 19:25:00;-59,195;36,437;-6,969;8,341;19,337;1001,963;21,315;53,285;19,330;50,855;19,530;1,296;274,359;20,512;-50,000;925;92,5;;0,0;60;12,60;23,41;;15;A27210;;;;;;;;;;;;;;;;;;;;;;;;;;;;;;;;;;;;;;;;;;;;;;;;;;;;;;;;;;;;;;;;;;;;;;;;;
349248;27.05.24 19:26:00;-59,393;33,625;-6,915;7,836;19,318;1001,972;21,738;53,410;19,320;51,235;19,535;1,309;214,459;20,493;-50,000;925;92,5;;0,0;60;12,61;23,41;;15;A27210;;;;;;;;;;;;;;;;;;;;;;;;;;;;;;;;;;;;;;;;;;;;;;;;;;;;;;;;;;;;;;;;;;;;;;;;;
349249;27.05.24 19:27:00;-59,503;31,070;-7,144;7,358;19,287;1001,951;21,720;53,720;19,295;51,245;19,510;1,409;338,169;20,478;-50,000;925;92,5;;0,0;60;12,58;23,49;;15;A27210;;;;;;;;;;;;;;;;;;;;;;;;;;;;;;;;;;;;;;;;;;;;;;;;;;;;;;;;;;;;;;;;;;;;;;;;;
349250;27.05.24 19:28:00;-59,557;28,902;-7,447;6,812;19,267;1001,942;21,825;54,170;19,310;51,485;19,485;1,375;246,943;20,438;-50,000;925;92,5;;0,0;60;12,59;23,25;;15;A27210;;;;;;;;;;;;;;;;;;;;;;;;;;;;;;;;;;;;;;;;;;;;;;;;;;;;;;;;;;;;;;;;;;;;;;;;;
349251;27.05.24 19:29:00;-59,635;27,558;-7,664;6,509;19,243;1001,936;21,120;54,370;19,270;51,070;19,460;1,636;294,773;20,426;-50,000;925;92,5;;0,0;60;12,58;23,25;;15;A27210;;;;;;;;;;;;;;;;;;;;;;;;;;;;;;;;;;;;;;;;;;;;;;;;;;;;;;;;;;;;;;;;;;;;;;;;;
349252;27.05.24 19:30:00;-59,616;26,393;-7,792;6,169;19,210;1001,912;21,258;53,390;19,245;50,775;19,430;1,165;311,693;20,447;-50,000;925;92,5;;0,0;60;12,57;23,45;;15;A27210;;;;;;;;;;;;;;;;;;;;;;;;;;;;;;;;;;;;;;;;;;;;;;;;;;;;;;;;;;;;;;;;;;;;;;;;;
349253;27.05.24 19:31:00;-59,590;25,869;-7,680;6,069;19,188;1001,918;21,150;54,145;19,200;50,920;19,420;2,266;312,317;20,417;-50,000;925;92,5;;0,0;60;12,57;23,33;;15;A27210;;;;;;;;;;;;;;;;;;;;;;;;;;;;;;;;;;;;;;;;;;;;;;;;;;;;;;;;;;;;;;;;;;;;;;;;;
349254;27.05.24 19:32:00;-59,274;25,287;-7,768;5,853;19,160;1001,912;21,909;53,895;19,190;50,820;19,410;1,662;298,052;20,417;-50,000;925;92,5;;0,0;60;12,56;23,29;;15;A27210;;;;;;;;;;;;;;;;;;;;;;;;;;;;;;;;;;;;;;;;;;;;;;;;;;;;;;;;;;;;;;;;;;;;;;;;;
349255;27.05.24 19:33:00;-58,736;24,565;-7,630;5,737;19,122;1001,918;21,528;54,010;19,130;51,295;19,360;1,238;310,146;20,423;-50,000;925;92,5;;0,0;60;12,57;23,13;;15;A27210;;;;;;;;;;;;;;;;;;;;;;;;;;;;;;;;;;;;;;;;;;;;;;;;;;;;;;;;;;;;;;;;;;;;;;;;;
349256;27.05.24 19:34:00;-58,202;24,017;-7,814;5,603;19,102;1001,918;21,624;53,875;19,105;50,275;19,310;2,620;303,593;20,411;-50,000;925;92,5;;0,0;60;12,55;23,21;;15;A27210;;;;;;;;;;;;;;;;;;;;;;;;;;;;;;;;;;;;;;;;;;;;;;;;;;;;;;;;;;;;;;;;;;;;;;;;;
349257;27.05.24 19:35:00;-57,668;23,380;-7,892;5,406;19,063;1001,915;21,570;54,200;19,060;50,635;19,315;1,686;299,408;20,414;-50,000;925;92,5;;0,0;60;12,56;22,98;;15;A27210;;;;;;;;;;;;;;;;;;;;;;;;;;;;;;;;;;;;;;;;;;;;;;;;;;;;;;;;;;;;;;;;;;;;;;;;;
349258;27.05.24 19:36:00;-57,397;22,741;-7,823;5,253;19,052;1001,924;21,384;53,810;19,035;50,185;19,275;2,685;321,846;20,414;-50,000;925;92,5;;0,0;60;12,55;23,02;;15;A27210;;;;;;;;;;;;;;;;;;;;;;;;;;;;;;;;;;;;;;;;;;;;;;;;;;;;;;;;;;;;;;;;;;;;;;;;;
349259;27.05.24 19:37:00;-57,551;22,165;-7,614;5,109;19,025;1001,927;20,997;53,405;18,980;50,340;19,235;2,155;315,951;20,405;-50,000;925;92,5;;0,0;60;12,55;23,06;;15;A27210;;;;;;;;;;;;;;;;;;;;;;;;;;;;;;;;;;;;;;;;;;;;;;;;;;;;;;;;;;;;;;;;;;;;;;;;;
349260;27.05.24 19:38:00;-58,053;21,659;-7,879;5,066;18,985;1001,957;21,525;53,820;18,935;50,680;19,195;1,875;312,896;20,371;-50,000;925;92,5;;0,0;60;12,55;23,06;;15;A27210;;;;;;;;;;;;;;;;;;;;;;;;;;;;;;;;;;;;;;;;;;;;;;;;;;;;;;;;;;;;;;;;;;;;;;;;;
349261;27.05.24 19:39:00;-58,684;21,002;-8,229;4,881;18,952;1001,984;21,255;54,655;18,905;50,055;19,165;2,198;314,826;20,365;-50,000;925;92,5;;0,0;60;12,54;23,02;;15;A27210;;;;;;;;;;;;;;;;;;;;;;;;;;;;;;;;;;;;;;;;;;;;;;;;;;;;;;;;;;;;;;;;;;;;;;;;;
349262;27.05.24 19:40:00;-58,666;20,329;-7,742;4,739;18,927;1002,020;21,669;53,475;18,870;50,290;19,190;1,454;241,982;20,369;-50,000;925;92,5;;0,0;60;12,54;23,02;;15;A27210;;;;;;;;;;;;;;;;;;;;;;;;;;;;;;;;;;;;;;;;;;;;;;;;;;;;;;;;;;;;;;;;;;;;;;;;;
349263;27.05.24 19:41:00;-57,353;19,237;-7,168;4,654;18,907;1002,047;21,258;53,260;18,840;50,595;19,175;1,559;261,782;20,325;-50,000;925;92,5;;0,0;60;12,54;22,98;;15;A27210;;;;;;;;;;;;;;;;;;;;;;;;;;;;;;;;;;;;;;;;;;;;;;;;;;;;;;;;;;;;;;;;;;;;;;;;;
349264;27.05.24 19:42:00;-54,934;18,079;-7,195;4,537;18,882;1002,062;21,120;53,225;18,820;50,540;19,140;1,636;298,091;20,328;-50,000;925;92,5;;0,0;60;12,54;22,70;;15;A27210;;;;;;;;;;;;;;;;;;;;;;;;;;;;;;;;;;;;;;;;;;;;;;;;;;;;;;;;;;;;;;;;;;;;;;;;;
349265;27.05.24 19:43:00;-51,663;16,758;-7,140;4,315;18,855;1002,074;21,825;53,405;18,800;50,250;19,120;2,235;276,362;20,313;-50,000;925;92,5;;0,0;60;12,54;22,86;;15;A27210;;;;;;;;;;;;;;;;;;;;;;;;;;;;;;;;;;;;;;;;;;;;;;;;;;;;;;;;;;;;;;;;;;;;;;;;;
349266;27.05.24 19:44:00;-48,767;15,201;-6,705;4,040;18,830;1002,092;21,507;53,475;18,795;50,750;19,095;0,984;282,341;20,316;-50,000;925;92,5;;0,0;60;12,53;22,90;;15;A27210;;;;;;;;;;;;;;;;;;;;;;;;;;;;;;;;;;;;;;;;;;;;;;;;;;;;;;;;;;;;;;;;;;;;;;;;;
349267;27.05.24 19:45:00;-47,191;13,841;-6,593;3,769;18,817;1002,107;21,324;53,730;18,785;50,970;19,120;1,228;181,193;20,310;-50,000;925;92,5;;0,0;60;12,53;22,82;;15;A27210;;;;;;;;;;;;;;;;;;;;;;;;;;;;;;;;;;;;;;;;;;;;;;;;;;;;;;;;;;;;;;;;;;;;;;;;;
349268;27.05.24 19:46:00;-46,773;12,817;-6,360;3,575;18,800;1002,128;20,685;53,485;18,810;50,975;19,085;1,377;152,702;20,307;-50,000;925;92,5;;0,0;60;12,53;22,62;;15;A27210;;;;;;;;;;;;;;;;;;;;;;;;;;;;;;;;;;;;;;;;;;;;;;;;;;;;;;;;;;;;;;;;;;;;;;;;;
349269;27.05.24 19:47:00;-47,058;11,932;-5,963;3,402;18,795;1002,143;21,591;53,335;18,775;50,870;19,070;1,682;223,841;20,295;-50,000;925;92,5;;0,0;60;12,53;22,78;;15;A27210;;;;;;;;;;;;;;;;;;;;;;;;;;;;;;;;;;;;;;;;;;;;;;;;;;;;;;;;;;;;;;;;;;;;;;;;;
349270;27.05.24 19:48:00;-47,546;11,097;-6,278;3,297;18,778;1002,164;21,159;53,710;18,780;51,220;19,050;1,304;247,607;20,285;-50,000;925;92,5;;0,0;60;12,52;22,42;;15;A27210;;;;;;;;;;;;;;;;;;;;;;;;;;;;;;;;;;;;;;;;;;;;;;;;;;;;;;;;;;;;;;;;;;;;;;;;;
349271;27.05.24 19:49:00;-48,095;9,802;-6,492;2,972;18,760;1002,200;21,561;53,875;18,770;51,340;19,050;1,665;225,084;20,274;-50,000;925;92,5;;0,0;60;12,52;22,66;;15;A27210;;;;;;;;;;;;;;;;;;;;;;;;;;;;;;;;;;;;;;;;;;;;;;;;;;;;;;;;;;;;;;;;;;;;;;;;;
349272;27.05.24 19:50:00;-48,521;8,759;-6,627;2,743;18,740;1002,242;21,588;53,635;18,775;51,515;19,020;1,291;231,913;20,240;-50,000;925;92,5;;0,0;60;12,52;22,62;;15;A27210;;;;;;;;;;;;;;;;;;;;;;;;;;;;;;;;;;;;;;;;;;;;;;;;;;;;;;;;;;;;;;;;;;;;;;;;;
349273;27.05.24 19:51:00;-48,241;7,738;-6,874;2,460;18,743;1002,257;21,978;54,425;18,780;51,805;18,990;1,072;207,945;20,240;-50,000;925;92,5;;0,0;60;12,52;22,66;;15;A27210;;;;;;;;;;;;;;;;;;;;;;;;;;;;;;;;;;;;;;;;;;;;;;;;;;;;;;;;;;;;;;;;;;;;;;;;;
349274;27.05.24 19:52:00;-47,611;7,046;-7,067;2,277;18,707;1002,266;21,189;54,095;18,755;51,930;18,980;0,847;229,213;20,231;-50,000;925;92,5;;0,0;60;12,52;22,54;;15;A27210;;;;;;;;;;;;;;;;;;;;;;;;;;;;;;;;;;;;;;;;;;;;;;;;;;;;;;;;;;;;;;;;;;;;;;;;;
349275;27.05.24 19:53:00;-46,901;6,454;-6,892;2,139;18,688;1002,260;21,210;54,105;18,760;52,075;18,945;1,219;251,589;20,219;-50,000;925;92,5;;0,0;60;12,51;22,42;;15;A27210;;;;;;;;;;;;;;;;;;;;;;;;;;;;;;;;;;;;;;;;;;;;;;;;;;;;;;;;;;;;;;;;;;;;;;;;;
349276;27.05.24 19:54:00;-46,413;5,677;-6,938;1,959;18,655;1002,248;21,846;54,685;18,725;52,170;18,905;1,393;310,815;20,216;-50,000;925;92,5;;0,0;60;12,51;22,42;;15;A27210;;;;;;;;;;;;;;;;;;;;;;;;;;;;;;;;;;;;;;;;;;;;;;;;;;;;;;;;;;;;;;;;;;;;;;;;;
349277;27.05.24 19:55:00;-46,174;4,988;-7,013;1,748;18,617;1002,260;21,495;54,755;18,715;52,080;18,900;1,308;259,869;20,207;-50,000;925;92,5;;0,0;60;12,51;22,30;;15;A27210;;;;;;;;;;;;;;;;;;;;;;;;;;;;;;;;;;;;;;;;;;;;;;;;;;;;;;;;;;;;;;;;;;;;;;;;;
349278;27.05.24 19:56:00;-46,405;4,205;-6,986;1,549;18,610;1002,266;21,288;55,175;18,695;52,380;18,880;1,460;255,639;20,204;-50,000;925;92,5;;0,0;60;12,51;22,46;;15;A27210;;;;;;;;;;;;;;;;;;;;;;;;;;;;;;;;;;;;;;;;;;;;;;;;;;;;;;;;;;;;;;;;;;;;;;;;;
349279;27.05.24 19:57:00;-46,599;3,448;-7,074;1,401;18,573;1002,269;21,009;54,760;18,670;52,875;18,865;0,799;265,421;20,185;-50,000;925;92,5;;0,0;60;12,51;22,38;;15;A27210;;;;;;;;;;;;;;;;;;;;;;;;;;;;;;;;;;;;;;;;;;;;;;;;;;;;;;;;;;;;;;;;;;;;;;;;;
349280;27.05.24 19:58:00;-46,809;2,723;-7,026;1,237;18,545;1002,281;21,612;55,440;18,645;52,760;18,860;1,307;227,745;20,185;-50,000;925;92,5;;0,0;60;12,51;22,42;;15;A27210;;;;;;;;;;;;;;;;;;;;;;;;;;;;;;;;;;;;;;;;;;;;;;;;;;;;;;;;;;;;;;;;;;;;;;;;;
349281;27.05.24 19:59:00;-47,021;2,128;-6,943;1,131;18,540;1002,284;20,733;55,000;18,630;52,600;18,830;1,111;216,107;20,167;-50,000;925;92,5;;0,0;60;12,51;22,50;;15;A27210;;;;;;;;;;;;;;;;;;;;;;;;;;;;;;;;;;;;;;;;;;;;;;;;;;;;;;;;;;;;;;;;;;;;;;;;;
349282;27.05.24 20:00:00;-47,167;1,434;-7,263;1,011;18,500;1002,275;21,705;55,485;18,610;53,060;18,800;0,892;218,008;20,127;-50,000;925;92,5;;0,0;60;12,50;22,54;;15;A27210;;;;;;;;;;;;;;;;;;;;;;;;;;;;;;;;;;;;;;;;;;;;;;;;;;;;;;;;;;;;;;;;;;;;;;;;;
349283;27.05.24 20:01:00;-46,773;0,960;-7,112;0,906;18,477;1002,278;21,576;55,075;18,570;53,095;18,775;0,868;286,611;20,124;-50,000;925;92,5;;0,0;60;12,49;22,30;;15;A27210;;;;;;;;;;;;;;;;;;;;;;;;;;;;;;;;;;;;;;;;;;;;;;;;;;;;;;;;;;;;;;;;;;;;;;;;;
349284;27.05.24 20:02:00;-46,391;0,458;-7,510;0,828;18,443;1002,278;21,108;55,670;18,570;53,280;18,750;0,884;196,774;20,127;-50,000;925;92,5;;0,0;60;12,51;22,30;;15;A27210;;;;;;;;;;;;;;;;;;;;;;;;;;;;;;;;;;;;;;;;;;;;;;;;;;;;;;;;;;;;;;;;;;;;;;;;;
349285;27.05.24 20:03:00;-46,105;0,139;-7,389;0,729;18,410;1002,296;21,567;55,380;18,535;53,290;18,725;0,891;207,270;20,124;-50,000;925;92,5;;0,0;60;12,50;22,06;;15;A27210;;;;;;;;;;;;;;;;;;;;;;;;;;;;;;;;;;;;;;;;;;;;;;;;;;;;;;;;;;;;;;;;;;;;;;;;;
349286;27.05.24 20:04:00;-45,548;-0,247;-7,475;0,607;18,380;1002,308;21,102;55,705;18,510;53,450;18,705;0,971;189,771;20,121;-50,000;925;92,5;;0,0;60;12,50;22,14;;15;A27210;;;;;;;;;;;;;;;;;;;;;;;;;;;;;;;;;;;;;;;;;;;;;;;;;;;;;;;;;;;;;;;;;;;;;;;;;
349287;27.05.24 20:05:00;-44,790;-0,288;-6,779;0,615;18,350;1002,329;20,955;55,225;18,480;53,185;18,695;1,375;245,143;20,118;-50,000;925;92,5;;0,0;60;12,50;22,02;;15;A27210;;;;;;;;;;;;;;;;;;;;;;;;;;;;;;;;;;;;;;;;;;;;;;;;;;;;;;;;;;;;;;;;;;;;;;;;;
349288;27.05.24 20:06:00;-44,087;-0,395;-6,739;0,660;18,327;1002,359;21,450;56,225;18,455;53,725;18,655;0,979;282,167;20,106;-50,000;925;92,5;;0,0;60;12,49;22,22;;15;A27210;;;;;;;;;;;;;;;;;;;;;;;;;;;;;;;;;;;;;;;;;;;;;;;;;;;;;;;;;;;;;;;;;;;;;;;;;
349289;27.05.24 20:07:00;-43,690;-0,541;-6,531;0,664;18,323;1002,383;21,009;55,435;18,440;53,435;18,645;0,942;189,197;20,103;-50,000;925;92,5;;0,0;60;12,50;22,22;;15;A27210;;;;;;;;;;;;;;;;;;;;;;;;;;;;;;;;;;;;;;;;;;;;;;;;;;;;;;;;;;;;;;;;;;;;;;;;;
349290;27.05.24 20:08:00;-43,427;-0,626;-6,568;0,638;18,282;1002,407;20,439;55,575;18,430;53,410;18,620;1,194;217,221;20,057;-50,000;925;92,5;;0,0;60;12,50;22,10;;15;A27210;;;;;;;;;;;;;;;;;;;;;;;;;;;;;;;;;;;;;;;;;;;;;;;;;;;;;;;;;;;;;;;;;;;;;;;;;
349291;27.05.24 20:09:00;-43,350;-0,697;-6,568;0,672;18,267;1002,425;21,264;55,825;18,400;53,610;18,605;1,187;240,660;20,063;-50,000;925;92,5;;0,0;60;12,50;22,26;;15;A27210;;;;;;;;;;;;;;;;;;;;;;;;;;;;;;;;;;;;;;;;;;;;;;;;;;;;;;;;;;;;;;;;;;;;;;;;;
349292;27.05.24 20:10:00;-43,327;-0,853;-6,064;0,639;18,263;1002,464;21,546;55,580;18,390;53,320;18,585;1,386;252,647;20,060;-50,000;925;92,5;;0,0;60;12,50;21,98;;15;A27210;;;;;;;;;;;;;;;;;;;;;;;;;;;;;;;;;;;;;;;;;;;;;;;;;;;;;;;;;;;;;;;;;;;;;;;;;
349293;27.05.24 20:11:00;-43,167;-0,886;-5,895;0,713;18,235;1002,482;21,264;55,195;18,380;53,345;18,575;1,235;228,021;20,030;-50,000;925;92,5;;0,0;60;12,50;22,10;;15;A27210;;;;;;;;;;;;;;;;;;;;;;;;;;;;;;;;;;;;;;;;;;;;;;;;;;;;;;;;;;;;;;;;;;;;;;;;;
349294;27.05.24 20:12:00;-42,669;-1,082;-6,293;0,742;18,215;1002,509;21,957;56,140;18,350;53,570;18,580;0,996;243,214;20,029;-50,000;925;92,5;;0,0;60;12,49;21,79;;15;A27210;;;;;;;;;;;;;;;;;;;;;;;;;;;;;;;;;;;;;;;;;;;;;;;;;;;;;;;;;;;;;;;;;;;;;;;;;
349295;27.05.24 20:13:00;-41,911;-1,350;-6,462;0,642;18,193;1002,545;21,123;56,050;18,335;53,690;18,545;0,994;280,991;20,023;-50,000;925;92,5;;0,0;60;12,49;21,87;;15;A27210;;;;;;;;;;;;;;;;;;;;;;;;;;;;;;;;;;;;;;;;;;;;;;;;;;;;;;;;;;;;;;;;;;;;;;;;;
349296;27.05.24 20:14:00;-40,988;-1,608;-6,261;0,555;18,180;1002,572;21,222;56,120;18,345;53,745;18,540;1,288;180,428;20,023;-50,000;925;92,5;;0,0;60;12,50;21,83;;15;A27210;;;;;;;;;;;;;;;;;;;;;;;;;;;;;;;;;;;;;;;;;;;;;;;;;;;;;;;;;;;;;;;;;;;;;;;;;
349297;27.05.24 20:15:00;-40,289;-1,579;-6,181;0,660;18,175;1002,599;21,054;55,785;18,320;53,650;18,540;1,131;208,502;20,020;-50,000;925;92,5;;0,0;60;12,49;21,98;;15;A27210;;;;;;;;;;;;;;;;;;;;;;;;;;;;;;;;;;;;;;;;;;;;;;;;;;;;;;;;;;;;;;;;;;;;;;;;;
349298;27.05.24 20:16:00;-39,885;-1,681;-6,367;0,688;18,155;1002,623;21,381;56,265;18,310;53,675;18,525;0,773;253,952;19,996;-50,000;925;92,5;;0,0;60;12,49;21,90;;15;A27210;;;;;;;;;;;;;;;;;;;;;;;;;;;;;;;;;;;;;;;;;;;;;;;;;;;;;;;;;;;;;;;;;;;;;;;;;
349299;27.05.24 20:17:00;-39,817;-1,885;-6,248;0,600;18,135;1002,647;21,000;55,955;18,290;53,575;18,535;0,785;178,566;19,999;-50,000;925;92,5;;0,0;60;12,49;21,79;;15;A27210;;;;;;;;;;;;;;;;;;;;;;;;;;;;;;;;;;;;;;;;;;;;;;;;;;;;;;;;;;;;;;;;;;;;;;;;;
349300;27.05.24 20:18:00;-40,113;-1,931;-6,382;0,633;18,122;1002,668;21,273;56,365;18,275;53,815;18,505;1,174;210,623;19,996;-50,000;925;92,5;;0,0;60;12,50;21,67;;15;A27210;;;;;;;;;;;;;;;;;;;;;;;;;;;;;;;;;;;;;;;;;;;;;;;;;;;;;;;;;;;;;;;;;;;;;;;;;
349301;27.05.24 20:19:00;-40,443;-1,935;-5,792;0,615;18,100;1002,689;21,261;55,785;18,265;53,790;18,510;1,185;210,060;19,956;-50,000;925;92,5;;0,0;60;12,49;21,87;;15;A27210;;;;;;;;;;;;;;;;;;;;;;;;;;;;;;;;;;;;;;;;;;;;;;;;;;;;;;;;;;;;;;;;;;;;;;;;;
349302;27.05.24 20:20:00;-40,452;-1,935;-5,958;0,581;18,100;1002,713;21,243;56,535;18,240;53,835;18,485;0,995;239,777;19,959;-50,000;925;92,5;;0,0;60;12,49;21,79;;15;A27210;;;;;;;;;;;;;;;;;;;;;;;;;;;;;;;;;;;;;;;;;;;;;;;;;;;;;;;;;;;;;;;;;;;;;;;;;
349303;27.05.24 20:21:00;-40,225;-1,935;-6,206;0,573;18,088;1002,728;21,168;56,210;18,240;53,950;18,490;0,736;196,155;19,935;-50,000;925;92,5;;0,0;60;12,49;21,71;;15;A27210;;;;;;;;;;;;;;;;;;;;;;;;;;;;;;;;;;;;;;;;;;;;;;;;;;;;;;;;;;;;;;;;;;;;;;;;;
349304;27.05.24 20:22:00;-39,779;-1,935;-6,611;0,520;18,057;1002,755;21,387;56,325;18,215;54,195;18,450;1,020;305,111;19,935;-50,000;925;92,5;;0,0;60;12,48;21,63;;15;A27210;;;;;;;;;;;;;;;;;;;;;;;;;;;;;;;;;;;;;;;;;;;;;;;;;;;;;;;;;;;;;;;;;;;;;;;;;
349305;27.05.24 20:23:00;-39,193;-1,935;-6,247;0,455;18,037;1002,779;21,243;57,020;18,225;54,415;18,465;0,841;186,486;19,929;-50,000;925;92,5;;0,0;60;12,49;21,71;;15;A27210;;;;;;;;;;;;;;;;;;;;;;;;;;;;;;;;;;;;;;;;;;;;;;;;;;;;;;;;;;;;;;;;;;;;;;;;;
349306;27.05.24 20:24:00;-38,686;-1,935;-6,199;0,451;18,017;1002,764;21,060;56,500;18,185;54,385;18,425;0,700;224,376;19,926;-50,000;925;92,5;;0,0;60;12,49;21,79;;15;A27210;;;;;;;;;;;;;;;;;;;;;;;;;;;;;;;;;;;;;;;;;;;;;;;;;;;;;;;;;;;;;;;;;;;;;;;;;
349307;27.05.24 20:25:00;-38,317;-1,935;-6,527;0,465;18,003;1002,776;21,309;56,990;18,160;54,420;18,395;1,003;290,436;19,917;-50,000;925;92,5;;0,0;60;12,48;21,83;;15;A27210;;;;;;;;;;;;;;;;;;;;;;;;;;;;;;;;;;;;;;;;;;;;;;;;;;;;;;;;;;;;;;;;;;;;;;;;;
349308;27.05.24 20:26:00;-38,212;-1,935;-6,133;0,390;17,987;1002,764;20,775;57,280;18,175;54,325;18,420;1,534;222,756;19,914;-50,000;925;92,5;;0,0;60;12,48;21,63;;15;A27210;;;;;;;;;;;;;;;;;;;;;;;;;;;;;;;;;;;;;;;;;;;;;;;;;;;;;;;;;;;;;;;;;;;;;;;;;
349309;27.05.24 20:27:00;-38,271;-1,935;-5,806;0,536;17,993;1002,767;21,312;57,440;18,125;54,335;18,400;1,999;259,701;19,920;-50,000;925;92,5;;0,0;60;12,49;21,55;;15;A27210;;;;;;;;;;;;;;;;;;;;;;;;;;;;;;;;;;;;;;;;;;;;;;;;;;;;;;;;;;;;;;;;;;;;;;;;;
349310;27.05.24 20:28:00;-38,138;-1,935;-5,419;0,540;17,992;1002,785;20,796;57,075;18,080;54,425;18,380;2,108;312,587;19,901;-50,000;925;92,5;;0,0;60;12,48;21,63;;15;A27210;;;;;;;;;;;;;;;;;;;;;;;;;;;;;;;;;;;;;;;;;;;;;;;;;;;;;;;;;;;;;;;;;;;;;;;;;
349311;27.05.24 20:29:00;-38,279;-1,935;-5,357;0,526;17,985;1002,791;21,159;57,800;18,090;54,790;18,405;1,481;249,750;19,865;-50,000;925;92,5;;0,0;60;12,48;21,71;;15;A27210;;;;;;;;;;;;;;;;;;;;;;;;;;;;;;;;;;;;;;;;;;;;;;;;;;;;;;;;;;;;;;;;;;;;;;;;;
349312;27.05.24 20:30:00;-38,453;-1,935;-5,575;0,419;17,965;1002,809;20,922;58,350;18,075;55,150;18,395;1,532;172,328;19,889;-50,000;925;92,5;;0,0;60;12,48;21,71;;15;A27210;;;;;;;;;;;;;;;;;;;;;;;;;;;;;;;;;;;;;;;;;;;;;;;;;;;;;;;;;;;;;;;;;;;;;;;;;
349313;27.05.24 20:31:00;-38,652;-1,935;-4,911;0,501;17,955;1002,797;21,243;57,420;18,045;55,080;18,370;1,361;229,551;19,874;-50,000;925;92,5;;0,0;60;12,49;21,51;;15;A27210;;;;;;;;;;;;;;;;;;;;;;;;;;;;;;;;;;;;;;;;;;;;;;;;;;;;;;;;;;;;;;;;;;;;;;;;;
349314;27.05.24 20:32:00;-38,807;-1,935;-5,327;0,500;17,942;1002,788;21,048;57,765;18,030;55,370;18,315;1,355;250,065;19,858;-50,000;925;92,5;;0,0;60;12,48;21,51;;15;A27210;;;;;;;;;;;;;;;;;;;;;;;;;;;;;;;;;;;;;;;;;;;;;;;;;;;;;;;;;;;;;;;;;;;;;;;;;
349315;27.05.24 20:33:00;-39,154;-1,935;-5,635;0,477;17,945;1002,782;21,762;58,085;18,020;55,060;18,300;1,999;296,949;19,828;-50,000;925;92,5;;0,0;60;12,48;21,43;;15;A27210;;;;;;;;;;;;;;;;;;;;;;;;;;;;;;;;;;;;;;;;;;;;;;;;;;;;;;;;;;;;;;;;;;;;;;;;;
349316;27.05.24 20:34:00;-39,668;-1,935;-5,522;0,396;17,933;1002,755;20,985;57,935;18,020;55,420;18,315;1,461;188,606;19,834;-50,000;925;92,5;;0,0;60;12,48;21,35;;15;A27210;;;;;;;;;;;;;;;;;;;;;;;;;;;;;;;;;;;;;;;;;;;;;;;;;;;;;;;;;;;;;;;;;;;;;;;;;
349317;27.05.24 20:35:00;-40,126;-1,935;-5,388;0,366;17,915;1002,761;21,465;57,990;18,020;55,805;18,310;1,059;123,598;19,828;-50,000;925;92,5;;0,0;60;12,49;21,31;;15;A27210;;;;;;;;;;;;;;;;;;;;;;;;;;;;;;;;;;;;;;;;;;;;;;;;;;;;;;;;;;;;;;;;;;;;;;;;;
349318;27.05.24 20:36:00;-40,672;-1,935;-5,783;0,286;17,897;1002,770;21,651;59,035;17,955;55,635;18,245;1,907;296,494;19,822;-50,000;925;92,5;;0,0;60;12,48;21,43;;15;A27210;;;;;;;;;;;;;;;;;;;;;;;;;;;;;;;;;;;;;;;;;;;;;;;;;;;;;;;;;;;;;;;;;;;;;;;;;
349319;27.05.24 20:37:00;-41,297;-1,935;-5,400;0,317;17,887;1002,791;21,183;58,265;17,935;55,735;18,230;2,100;292,433;19,822;-50,000;925;92,5;;0,0;60;12,48;21,47;;15;A27210;;;;;;;;;;;;;;;;;;;;;;;;;;;;;;;;;;;;;;;;;;;;;;;;;;;;;;;;;;;;;;;;;;;;;;;;;
349320;27.05.24 20:38:00;-41,728;-1,935;-5,236;0,373;17,868;1002,782;21,720;58,560;17,925;55,860;18,225;1,785;277,329;19,804;-50,000;925;92,5;;0,0;60;12,48;21,31;;15;A27210;;;;;;;;;;;;;;;;;;;;;;;;;;;;;;;;;;;;;;;;;;;;;;;;;;;;;;;;;;;;;;;;;;;;;;;;;
349321;27.05.24 20:39:00;-41,822;-1,935;-5,747;0,312;17,840;1002,746;20,658;59,300;17,910;55,915;18,190;1,541;220,208;19,779;-50,000;925;92,5;;0,0;60;12,48;21,19;;15;A27210;;;;;;;;;;;;;;;;;;;;;;;;;;;;;;;;;;;;;;;;;;;;;;;;;;;;;;;;;;;;;;;;;;;;;;;;;
349322;27.05.24 20:40:00;-41,914;-1,935;-5,852;0,212;17,815;1002,734;21,267;59,115;17,900;56,295;18,180;1,922;241,622;19,779;-50,000;925;92,5;;0,0;60;12,48;21,19;;15;A27210;;;;;;;;;;;;;;;;;;;;;;;;;;;;;;;;;;;;;;;;;;;;;;;;;;;;;;;;;;;;;;;;;;;;;;;;;
349323;27.05.24 20:41:00;-42,533;-1,935;-5,464;0,233;17,815;1002,665;21,309;58,755;17,900;56,325;18,185;1,683;173,289;19,742;-50,000;925;92,5;;0,0;60;12,49;21,23;;15;A27210;;;;;;;;;;;;;;;;;;;;;;;;;;;;;;;;;;;;;;;;;;;;;;;;;;;;;;;;;;;;;;;;;;;;;;;;;
349324;27.05.24 20:42:00;-43,423;-1,935;-5,510;0,234;17,787;1002,491;21,087;59,180;17,880;56,845;18,145;1,402;206,207;19,761;-50,000;925;92,5;;0,0;60;12,48;21,43;;15;A27210;;;;;;;;;;;;;;;;;;;;;;;;;;;;;;;;;;;;;;;;;;;;;;;;;;;;;;;;;;;;;;;;;;;;;;;;;
349325;27.05.24 20:43:00;-44,572;-1,935;-5,826;0,199;17,765;1002,461;21,888;59,255;17,880;56,915;18,130;1,191;187,836;19,675;-50,000;925;92,5;;0,0;60;12,49;21,35;;15;A27210;;;;;;;;;;;;;;;;;;;;;;;;;;;;;;;;;;;;;;;;;;;;;;;;;;;;;;;;;;;;;;;;;;;;;;;;;
349326;27.05.24 20:44:00;-46,121;-1,935;-5,683;0,249;17,740;1002,479;20,763;59,130;17,825;56,785;18,080;1,780;277,425;19,663;-50,000;925;92,5;;0,0;60;12,48;21,31;;15;A27210;;;;;;;;;;;;;;;;;;;;;;;;;;;;;;;;;;;;;;;;;;;;;;;;;;;;;;;;;;;;;;;;;;;;;;;;;
349327;27.05.24 20:45:00;-47,652;-1,935;-5,607;0,250;17,722;1002,515;21,030;59,500;17,820;56,965;18,065;1,308;204,407;19,639;-50,000;925;92,5;;0,0;60;12,48;21,31;;15;A27210;;;;;;;;;;;;;;;;;;;;;;;;;;;;;;;;;;;;;;;;;;;;;;;;;;;;;;;;;;;;;;;;;;;;;;;;;
349328;27.05.24 20:46:00;-47,923;-1,935;-5,710;0,283;17,702;1002,725;21,096;59,795;17,785;57,390;18,035;1,805;212,833;19,639;-50,000;925;92,5;;0,0;60;12,48;21,19;;15;A27210;;;;;;;;;;;;;;;;;;;;;;;;;;;;;;;;;;;;;;;;;;;;;;;;;;;;;;;;;;;;;;;;;;;;;;;;;
349329;27.05.24 20:47:00;-46,626;-1,935;-5,701;0,216;17,690;1003,058;21,387;59,915;17,795;57,475;18,020;1,538;212,198;19,633;-50,000;925;92,5;;0,0;60;12,48;21,07;;15;A27210;;;;;;;;;;;;;;;;;;;;;;;;;;;;;;;;;;;;;;;;;;;;;;;;;;;;;;;;;;;;;;;;;;;;;;;;;
349330;27.05.24 20:48:00;-45,405;-1,935;-5,639;0,208;17,668;1003,145;21,486;60,530;17,740;57,710;17,965;1,498;318,195;19,630;-50,000;925;92,5;;0,0;60;12,48;21,07;;15;A27210;;;;;;;;;;;;;;;;;;;;;;;;;;;;;;;;;;;;;;;;;;;;;;;;;;;;;;;;;;;;;;;;;;;;;;;;;
349331;27.05.24 20:49:00;-45,278;-1,935;-5,486;0,221;17,642;1003,217;20,745;59,925;17,755;57,685;17,980;1,555;205,082;19,630;-50,000;925;92,5;;0,0;60;12,48;21,11;;15;A27210;;;;;;;;;;;;;;;;;;;;;;;;;;;;;;;;;;;;;;;;;;;;;;;;;;;;;;;;;;;;;;;;;;;;;;;;;
349332;27.05.24 20:50:00;-45,885;-1,935;-5,350;0,312;17,622;1003,265;21,063;60,115;17,710;57,565;17,950;2,406;300,510;19,593;-50,000;925;92,5;;0,0;60;12,47;21,07;;15;A27210;;;;;;;;;;;;;;;;;;;;;;;;;;;;;;;;;;;;;;;;;;;;;;;;;;;;;;;;;;;;;;;;;;;;;;;;;
349333;27.05.24 20:51:00;-46,868;-1,935;-5,802;0,251;17,610;1003,283;21,549;60,635;17,700;57,550;17,950;2,839;313,959;19,599;-50,000;925;92,5;;0,0;60;12,47;21,11;;15;A27210;;;;;;;;;;;;;;;;;;;;;;;;;;;;;;;;;;;;;;;;;;;;;;;;;;;;;;;;;;;;;;;;;;;;;;;;;
349334;27.05.24 20:52:00;-47,994;-1,935;-5,636;0,233;17,580;1003,340;21,327;60,505;17,690;57,835;17,935;1,704;203,220;19,575;-50,000;925;92,5;;0,0;60;12,47;21,03;;15;A27210;;;;;;;;;;;;;;;;;;;;;;;;;;;;;;;;;;;;;;;;;;;;;;;;;;;;;;;;;;;;;;;;;;;;;;;;;
349335;27.05.24 20:53:00;-49,492;-1,935;-5,849;0,266;17,570;1003,313;21,345;60,575;17,660;58,145;17,895;1,380;281,576;19,544;-50,000;925;92,5;;0,0;60;12,47;21,11;;15;A27210;;;;;;;;;;;;;;;;;;;;;;;;;;;;;;;;;;;;;;;;;;;;;;;;;;;;;;;;;;;;;;;;;;;;;;;;;
349336;27.05.24 20:54:00;-51,794;-1,935;-5,759;0,224;17,547;1003,196;21,003;60,515;17,630;58,165;17,895;3,077;287,792;19,544;-50,000;925;92,5;;0,0;60;12,47;20,95;;15;A27210;;;;;;;;;;;;;;;;;;;;;;;;;;;;;;;;;;;;;;;;;;;;;;;;;;;;;;;;;;;;;;;;;;;;;;;;;
349337;27.05.24 20:55:00;-54,592;-1,935;-6,028;0,278;17,533;1002,983;20,799;60,725;17,615;58,020;17,870;1,968;284,456;19,538;-50,000;925;92,5;;0,0;60;12,47;20,79;;15;A27210;;;;;;;;;;;;;;;;;;;;;;;;;;;;;;;;;;;;;;;;;;;;;;;;;;;;;;;;;;;;;;;;;;;;;;;;;
349338;27.05.24 20:56:00;-57,209;-1,935;-6,330;0,275;17,505;1002,689;21,528;60,870;17,590;58,375;17,835;1,671;298,901;19,544;-50,000;925;92,5;;0,0;60;12,47;20,87;;15;A27210;;;;;;;;;;;;;;;;;;;;;;;;;;;;;;;;;;;;;;;;;;;;;;;;;;;;;;;;;;;;;;;;;;;;;;;;;
349339;27.05.24 20:57:00;-59,315;-1,935;-6,033;0,232;17,480;1002,596;21,186;60,775;17,550;58,405;17,820;1,419;308,683;19,535;-50,000;925;92,5;;0,0;60;12,46;20,87;;15;A27210;;;;;;;;;;;;;;;;;;;;;;;;;;;;;;;;;;;;;;;;;;;;;;;;;;;;;;;;;;;;;;;;;;;;;;;;;
349340;27.05.24 20:58:00;-60,888;-1,935;-6,267;0,306;17,460;1002,944;21,420;60,810;17,550;58,410;17,800;2,002;266,366;19,532;-50,000;925;92,5;;0,0;60;12,47;20,83;;15;A27210;;;;;;;;;;;;;;;;;;;;;;;;;;;;;;;;;;;;;;;;;;;;;;;;;;;;;;;;;;;;;;;;;;;;;;;;;
349341;27.05.24 20:59:00;-62,358;-1,935;-6,486;0,269;17,427;1002,869;21,237;61,055;17,530;58,715;17,785;1,342;239,985;19,535;-50,000;925;92,5;;0,0;60;12,47;21,07;;15;A27210;;;;;;;;;;;;;;;;;;;;;;;;;;;;;;;;;;;;;;;;;;;;;;;;;;;;;;;;;;;;;;;;;;;;;;;;;
349342;27.05.24 21:00:00;-63,748;-1,935;-6,697;0,223;17,387;1002,596;20,817;60,765;17,495;58,590;17,750;2,012;289,373;19,520;-50,000;925;92,5;;0,0;60;12,47;20,99;;15;A27210;;;;;;;;;;;;;;;;;;;;;;;;;;;;;;;;;;;;;;;;;;;;;;;;;;;;;;;;;;;;;;;;;;;;;;;;;
349343;27.05.24 21:01:00;-64,991;-1,935;-7,055;0,215;17,342;1002,590;20,844;61,465;17,460;58,570;17,730;2,641;304,875;19,492;-50,000;925;92,5;;0,0;60;12,47;20,75;;15;A27210;;;;;;;;;;;;;;;;;;;;;;;;;;;;;;;;;;;;;;;;;;;;;;;;;;;;;;;;;;;;;;;;;;;;;;;;;
349344;27.05.24 21:02:00;-66,149;-1,935;-7,169;0,207;17,320;1002,791;21,366;61,495;17,420;58,725;17,690;2,400;313,633;19,492;-50,000;925;92,5;;0,0;60;12,46;21,03;;15;A27210;;;;;;;;;;;;;;;;;;;;;;;;;;;;;;;;;;;;;;;;;;;;;;;;;;;;;;;;;;;;;;;;;;;;;;;;;
349345;27.05.24 21:03:00;-66,985;-1,935;-7,600;0,135;17,282;1002,821;21,624;61,705;17,365;58,815;17,655;1,934;306,360;19,465;-50,000;925;92,5;;0,0;60;12,47;20,79;;15;A27210;;;;;;;;;;;;;;;;;;;;;;;;;;;;;;;;;;;;;;;;;;;;;;;;;;;;;;;;;;;;;;;;;;;;;;;;;
349346;27.05.24 21:04:00;-67,731;-1,935;-7,139;0,176;17,252;1002,566;21,261;61,545;17,360;58,980;17,630;1,748;254,233;19,453;-50,000;925;92,5;;0,0;60;12,48;20,71;;15;A27210;;;;;;;;;;;;;;;;;;;;;;;;;;;;;;;;;;;;;;;;;;;;;;;;;;;;;;;;;;;;;;;;;;;;;;;;;
349347;27.05.24 21:05:00;-68,780;-1,935;-7,220;0,234;17,205;1002,863;21,153;61,905;17,300;59,370;17,565;1,753;317,514;19,447;-50,000;925;92,5;;0,0;60;12,46;20,63;;15;A27210;;;;;;;;;;;;;;;;;;;;;;;;;;;;;;;;;;;;;;;;;;;;;;;;;;;;;;;;;;;;;;;;;;;;;;;;;
349348;27.05.24 21:06:00;-70,440;-1,935;-7,317;0,246;17,167;1002,734;21,777;62,085;17,290;59,550;17,580;1,605;244,316;19,437;-50,000;925;92,5;;0,0;60;12,47;20,52;;15;A27210;;;;;;;;;;;;;;;;;;;;;;;;;;;;;;;;;;;;;;;;;;;;;;;;;;;;;;;;;;;;;;;;;;;;;;;;;
349349;27.05.24 21:07:00;-72,854;-1,935;-7,025;0,368;17,140;1002,932;20,952;61,660;17,230;59,440;17,530;1,886;267,019;19,437;-50,000;925;92,5;;0,0;60;12,47;20,56;;15;A27210;;;;;;;;;;;;;;;;;;;;;;;;;;;;;;;;;;;;;;;;;;;;;;;;;;;;;;;;;;;;;;;;;;;;;;;;;
349350;27.05.24 21:08:00;-74,772;-1,935;-7,129;0,423;17,112;1002,923;21,192;61,925;17,220;59,790;17,520;1,379;224,831;19,422;-50,000;925;92,5;;0,0;60;12,47;20,56;;15;A27210;;;;;;;;;;;;;;;;;;;;;;;;;;;;;;;;;;;;;;;;;;;;;;;;;;;;;;;;;;;;;;;;;;;;;;;;;
349351;27.05.24 21:09:00;-75,610;-1,935;-7,575;0,355;17,055;1002,767;21,021;62,420;17,180;59,630;17,460;1,827;305,651;19,428;-50,000;925;92,5;;0,0;60;12,47;20,67;;15;A27210;;;;;;;;;;;;;;;;;;;;;;;;;;;;;;;;;;;;;;;;;;;;;;;;;;;;;;;;;;;;;;;;;;;;;;;;;
349352;27.05.24 21:10:00;-76,218;-1,935;-7,555;0,422;17,030;1002,977;21,087;61,600;17,145;59,060;17,440;2,261;253,581;19,419;-50,000;925;92,5;;0,0;60;12,47;20,40;;15;A27210;;;;;;;;;;;;;;;;;;;;;;;;;;;;;;;;;;;;;;;;;;;;;;;;;;;;;;;;;;;;;;;;;;;;;;;;;
349353;27.05.24 21:11:00;-76,551;-1,935;-7,152;0,527;16,997;1003,295;21,339;61,465;17,105;58,680;17,420;2,027;301,303;19,392;-50,000;925;92,5;;0,0;60;12,47;20,28;;15;A27210;;;;;;;;;;;;;;;;;;;;;;;;;;;;;;;;;;;;;;;;;;;;;;;;;;;;;;;;;;;;;;;;;;;;;;;;;
349354;27.05.24 21:12:00;-76,806;-1,935;-7,154;0,503;16,960;1002,845;21,279;60,710;17,085;57,905;17,425;1,882;214,155;19,367;-50,000;925;92,5;;0,0;60;12,47;20,56;;15;A27210;;;;;;;;;;;;;;;;;;;;;;;;;;;;;;;;;;;;;;;;;;;;;;;;;;;;;;;;;;;;;;;;;;;;;;;;;
349355;27.05.24 21:13:00;-76,941;-1,935;-7,244;0,550;16,933;1003,232;21,330;60,655;17,045;57,910;17,400;2,562;257,563;19,349;-50,000;925;92,5;;0,0;60;12,47;20,32;;15;A27210;;;;;;;;;;;;;;;;;;;;;;;;;;;;;;;;;;;;;;;;;;;;;;;;;;;;;;;;;;;;;;;;;;;;;;;;;
349356;27.05.24 21:14:00;-76,706;-1,935;-7,070;0,697;16,912;1003,340;21,330;60,445;17,005;57,620;17,385;1,937;276,311;19,343;-50,000;925;92,5;;0,0;60;12,46;20,48;;15;A27210;;;;;;;;;;;;;;;;;;;;;;;;;;;;;;;;;;;;;;;;;;;;;;;;;;;;;;;;;;;;;;;;;;;;;;;;;
349357;27.05.24 21:15:00;-76,487;-1,935;-7,000;0,709;16,900;1003,208;21,300;60,785;16,990;57,840;17,380;2,265;278,443;19,340;-50,000;925;92,5;;0,0;60;12,46;20,24;;15;A27210;;;;;;;;;;;;;;;;;;;;;;;;;;;;;;;;;;;;;;;;;;;;;;;;;;;;;;;;;;;;;;;;;;;;;;;;;
349358;27.05.24 21:16:00;-76,267;-1,935;-7,185;0,714;16,857;1003,214;21,534;60,685;16,945;58,200;17,375;1,636;271,834;19,337;-50,000;925;92,5;;0,0;60;12,47;20,36;;15;A27210;;;;;;;;;;;;;;;;;;;;;;;;;;;;;;;;;;;;;;;;;;;;;;;;;;;;;;;;;;;;;;;;;;;;;;;;;
349359;27.05.24 21:17:00;-76,320;-1,935;-6,837;0,763;16,845;1003,271;21,225;60,655;16,940;58,210;17,335;1,821;269,061;19,327;-50,000;925;92,5;;0,0;60;12,47;20,16;;15;A27210;;;;;;;;;;;;;;;;;;;;;;;;;;;;;;;;;;;;;;;;;;;;;;;;;;;;;;;;;;;;;;;;;;;;;;;;;
349360;27.05.24 21:18:00;-76,592;-1,935;-6,983;0,847;16,818;1003,361;21,009;61,135;16,940;58,550;17,320;1,698;311,164;19,319;-50,000;925;92,5;;0,0;60;12,46;20,16;;15;A27210;;;;;;;;;;;;;;;;;;;;;;;;;;;;;;;;;;;;;;;;;;;;;;;;;;;;;;;;;;;;;;;;;;;;;;;;;
349361;27.05.24 21:19:00;-77,044;-1,935;-7,652;0,678;16,782;1003,301;20,829;61,405;16,920;58,540;17,305;1,529;240,874;19,300;-50,000;925;92,5;;0,0;60;12,46;20,16;;15;A27210;;;;;;;;;;;;;;;;;;;;;;;;;;;;;;;;;;;;;;;;;;;;;;;;;;;;;;;;;;;;;;;;;;;;;;;;;
349362;27.05.24 21:20:00;-77,814;-1,935;-7,681;0,534;16,740;1003,154;21,579;61,365;16,895;58,780;17,270;1,134;237,426;19,291;-50,000;925;92,5;;0,0;60;12,47;20,12;;15;A27210;;;;;;;;;;;;;;;;;;;;;;;;;;;;;;;;;;;;;;;;;;;;;;;;;;;;;;;;;;;;;;;;;;;;;;;;;
349363;27.05.24 21:21:00;-78,933;-1,935;-7,608;0,615;16,690;1003,094;20,850;61,330;16,880;58,820;17,220;1,356;218,689;19,260;-50,000;925;92,5;;0,0;60;12,47;20,08;;15;A27210;;;;;;;;;;;;;;;;;;;;;;;;;;;;;;;;;;;;;;;;;;;;;;;;;;;;;;;;;;;;;;;;;;;;;;;;;
349364;27.05.24 21:22:00;-79,967;-1,935;-7,356;0,596;16,650;1003,100;21,444;61,585;16,825;58,990;17,180;1,605;303,109;19,251;-50,000;925;92,5;;0,0;60;12,46;20,32;;15;A27210;;;;;;;;;;;;;;;;;;;;;;;;;;;;;;;;;;;;;;;;;;;;;;;;;;;;;;;;;;;;;;;;;;;;;;;;;
349365;27.05.24 21:23:00;-80,898;-1,935;-7,289;0,657;16,608;1003,094;21,501;61,585;16,800;59,155;17,145;1,682;305,899;19,245;-50,000;925;92,5;;0,0;60;12,47;20,04;;15;A27210;;;;;;;;;;;;;;;;;;;;;;;;;;;;;;;;;;;;;;;;;;;;;;;;;;;;;;;;;;;;;;;;;;;;;;;;;
349366;27.05.24 21:24:00;-81,321;-1,935;-7,215;0,723;16,603;1002,845;21,549;61,530;16,770;59,050;17,110;2,173;267,171;19,242;-50,000;925;92,5;;0,0;60;12,46;20,12;;15;A27210;;;;;;;;;;;;;;;;;;;;;;;;;;;;;;;;;;;;;;;;;;;;;;;;;;;;;;;;;;;;;;;;;;;;;;;;;
349367;27.05.24 21:25:00;-81,374;-1,935;-6,777;0,754;16,575;1002,710;20,898;61,115;16,795;58,795;17,130;1,349;160,391;19,242;-50,000;925;92,5;;0,0;60;12,47;20,04;;15;A27210;;;;;;;;;;;;;;;;;;;;;;;;;;;;;;;;;;;;;;;;;;;;;;;;;;;;;;;;;;;;;;;;;;;;;;;;;
349368;27.05.24 21:26:00;-81,211;-1,935;-7,022;0,852;16,557;1002,878;21,252;61,355;16,755;58,950;17,115;1,268;224,556;19,224;-50,000;925;92,5;;0,0;60;12,46;20,16;;15;A27210;;;;;;;;;;;;;;;;;;;;;;;;;;;;;;;;;;;;;;;;;;;;;;;;;;;;;;;;;;;;;;;;;;;;;;;;;
349369;27.05.24 21:27:00;-80,981;-1,935;-7,939;0,815;16,515;1002,851;21,330;61,680;16,740;59,305;17,060;1,123;205,656;19,187;-50,000;925;92,5;;0,0;60;12,46;20,00;;15;A27210;;;;;;;;;;;;;;;;;;;;;;;;;;;;;;;;;;;;;;;;;;;;;;;;;;;;;;;;;;;;;;;;;;;;;;;;;
349370;27.05.24 21:28:00;-80,974;-1,935;-7,849;0,676;16,472;1002,785;21,180;61,580;16,715;59,195;17,020;1,579;247,517;19,190;-50,000;925;92,5;;0,0;60;12,47;19,88;;15;A27210;;;;;;;;;;;;;;;;;;;;;;;;;;;;;;;;;;;;;;;;;;;;;;;;;;;;;;;;;;;;;;;;;;;;;;;;;
349371;27.05.24 21:29:00;-81,098;-1,935;-7,599;0,715;16,440;1002,773;20,901;61,600;16,665;59,260;16,975;1,560;230,895;19,166;-50,000;925;92,5;;0,0;60;12,46;20,04;;15;A27210;;;;;;;;;;;;;;;;;;;;;;;;;;;;;;;;;;;;;;;;;;;;;;;;;;;;;;;;;;;;;;;;;;;;;;;;;
349372;27.05.24 21:30:00;-81,074;-1,935;-8,393;0,679;16,405;1002,452;21,306;62,075;16,655;59,520;16,970;0,928;224,027;19,160;-50,000;925;92,5;;0,0;60;12,46;19,80;;15;A27210;;;;;;;;;;;;;;;;;;;;;;;;;;;;;;;;;;;;;;;;;;;;;;;;;;;;;;;;;;;;;;;;;;;;;;;;;
349373;27.05.24 21:31:00;-80,843;-1,935;-9,575;0,497;16,337;1002,053;21,129;62,245;16,615;59,560;16,925;1,083;225,304;19,147;-50,000;925;92,5;;0,0;60;12,46;19,88;;15;A27210;;;;;;;;;;;;;;;;;;;;;;;;;;;;;;;;;;;;;;;;;;;;;;;;;;;;;;;;;;;;;;;;;;;;;;;;;
349374;27.05.24 21:32:00;-80,546;-1,935;-8,924;0,347;16,287;1002,074;21,453;62,235;16,580;59,795;16,870;0,891;200,481;19,138;-50,000;925;92,5;;0,0;60;12,46;19,92;;15;A27210;;;;;;;;;;;;;;;;;;;;;;;;;;;;;;;;;;;;;;;;;;;;;;;;;;;;;;;;;;;;;;;;;;;;;;;;;
349375;27.05.24 21:33:00;-80,325;-1,935;-7,920;0,414;16,250;1002,287;21,054;62,010;16,525;59,745;16,845;1,425;191,087;19,135;-50,000;925;92,5;;0,0;60;12,46;19,88;;15;A27210;;;;;;;;;;;;;;;;;;;;;;;;;;;;;;;;;;;;;;;;;;;;;;;;;;;;;;;;;;;;;;;;;;;;;;;;;
349376;27.05.24 21:34:00;-79,954;-1,935;-8,106;0,596;16,217;1002,353;21,450;62,130;16,505;59,870;16,805;1,222;237,488;19,126;-50,000;925;92,5;;0,0;60;12,46;19,68;;15;A27210;;;;;;;;;;;;;;;;;;;;;;;;;;;;;;;;;;;;;;;;;;;;;;;;;;;;;;;;;;;;;;;;;;;;;;;;;
349377;27.05.24 21:35:00;-79,565;-1,935;-8,037;0,630;16,177;1002,458;20,982;62,540;16,475;60,065;16,805;1,179;230,963;19,132;-50,000;925;92,5;;0,0;60;12,46;19,88;;15;A27210;;;;;;;;;;;;;;;;;;;;;;;;;;;;;;;;;;;;;;;;;;;;;;;;;;;;;;;;;;;;;;;;;;;;;;;;;
349378;27.05.24 21:36:00;-79,127;-1,935;-7,847;0,663;16,153;1002,461;20,925;62,510;16,450;60,025;16,775;1,084;237,201;19,096;-50,000;925;92,5;;0,0;60;12,45;19,72;;15;A27210;;;;;;;;;;;;;;;;;;;;;;;;;;;;;;;;;;;;;;;;;;;;;;;;;;;;;;;;;;;;;;;;;;;;;;;;;
349379;27.05.24 21:37:00;-78,581;-1,935;-6,989;0,767;16,110;1001,834;21,504;62,255;16,410;60,090;16,740;0,960;252,653;19,074;-50,000;925;92,5;;0,0;60;12,46;19,68;;15;A27210;;;;;;;;;;;;;;;;;;;;;;;;;;;;;;;;;;;;;;;;;;;;;;;;;;;;;;;;;;;;;;;;;;;;;;;;;
349380;27.05.24 21:38:00;-77,975;-1,935;-7,764;0,752;16,073;1001,576;21,090;62,740;16,390;60,410;16,715;0,961;196,633;19,074;-50,000;925;92,5;;0,0;60;12,46;19,68;;15;A27210;;;;;;;;;;;;;;;;;;;;;;;;;;;;;;;;;;;;;;;;;;;;;;;;;;;;;;;;;;;;;;;;;;;;;;;;;
349381;27.05.24 21:39:00;-77,464;-1,935;-8,328;0,711;16,053;1001,552;21,183;63,360;16,375;60,810;16,705;1,025;178,144;19,047;-50,000;925;92,5;;0,0;60;12,47;19,76;;15;A27210;;;;;;;;;;;;;;;;;;;;;;;;;;;;;;;;;;;;;;;;;;;;;;;;;;;;;;;;;;;;;;;;;;;;;;;;;
349382;27.05.24 21:40:00;-77,000;-1,935;-8,137;0,641;16,000;1001,615;21,165;63,345;16,325;60,870;16,645;1,037;216,703;19,047;-50,000;925;92,5;;0,0;60;12,46;19,60;;15;A27210;;;;;;;;;;;;;;;;;;;;;;;;;;;;;;;;;;;;;;;;;;;;;;;;;;;;;;;;;;;;;;;;;;;;;;;;;
349383;27.05.24 21:41:00;-76,313;-1,935;-7,376;0,611;15,967;1001,681;20,709;63,120;16,275;60,770;16,610;1,468;267,795;19,047;-50,000;925;92,5;;0,0;60;12,45;19,40;;15;A27210;;;;;;;;;;;;;;;;;;;;;;;;;;;;;;;;;;;;;;;;;;;;;;;;;;;;;;;;;;;;;;;;;;;;;;;;;
349384;27.05.24 21:42:00;-75,958;-1,935;-6,708;0,787;15,938;1001,741;21,309;63,020;16,255;60,720;16,585;1,357;276,503;19,041;-50,000;925;92,5;;0,0;60;12,45;19,52;;15;A27210;;;;;;;;;;;;;;;;;;;;;;;;;;;;;;;;;;;;;;;;;;;;;;;;;;;;;;;;;;;;;;;;;;;;;;;;;
349385;27.05.24 21:43:00;-75,445;-1,935;-6,669;0,822;15,910;1001,732;21,519;63,130;16,235;60,715;16,585;1,538;187,549;19,022;-50,000;925;92,5;;0,0;60;12,46;19,44;;15;A27210;;;;;;;;;;;;;;;;;;;;;;;;;;;;;;;;;;;;;;;;;;;;;;;;;;;;;;;;;;;;;;;;;;;;;;;;;
349386;27.05.24 21:44:00;-75,082;-1,935;-6,547;0,980;15,903;1001,759;20,796;63,315;16,230;60,750;16,575;1,010;225,630;19,010;-50,000;925;92,5;;0,0;60;12,45;19,52;;15;A27210;;;;;;;;;;;;;;;;;;;;;;;;;;;;;;;;;;;;;;;;;;;;;;;;;;;;;;;;;;;;;;;;;;;;;;;;;
349387;27.05.24 21:45:00;-74,848;-1,935;-6,655;0,927;15,868;1001,777;21,282;63,290;16,215;60,875;16,550;1,178;202,658;18,983;-50,000;925;92,5;;0,0;60;12,45;19,52;;15;A27210;;;;;;;;;;;;;;;;;;;;;;;;;;;;;;;;;;;;;;;;;;;;;;;;;;;;;;;;;;;;;;;;;;;;;;;;;
349388;27.05.24 21:46:00;-74,790;-1,935;-6,514;0,974;15,850;1001,819;21,066;63,260;16,180;61,040;16,525;1,404;268,358;18,967;-50,000;925;92,5;;0,0;60;12,45;19,52;;15;A27210;;;;;;;;;;;;;;;;;;;;;;;;;;;;;;;;;;;;;;;;;;;;;;;;;;;;;;;;;;;;;;;;;;;;;;;;;
349389;27.05.24 21:47:00;-74,393;-1,935;-7,088;0,985;15,827;1001,807;21,654;63,825;16,160;61,445;16,505;0,785;231,677;18,949;-50,000;925;92,5;;0,0;60;12,45;19,60;;15;A27210;;;;;;;;;;;;;;;;;;;;;;;;;;;;;;;;;;;;;;;;;;;;;;;;;;;;;;;;;;;;;;;;;;;;;;;;;
349390;27.05.24 21:48:00;-74,005;-1,935;-7,995;0,795;15,790;1001,828;21,288;64,575;16,125;62,045;16,460;0,983;207,658;18,946;-50,000;925;92,5;;0,0;60;12,46;19,33;;15;A27210;;;;;;;;;;;;;;;;;;;;;;;;;;;;;;;;;;;;;;;;;;;;;;;;;;;;;;;;;;;;;;;;;;;;;;;;;
349391;27.05.24 21:49:00;-73,739;-1,935;-8,058;0,663;15,750;1001,756;21,183;64,645;16,120;62,460;16,415;0,799;205,110;18,949;-50,000;925;92,5;;0,0;60;12,46;19,48;;15;A27210;;;;;;;;;;;;;;;;;;;;;;;;;;;;;;;;;;;;;;;;;;;;;;;;;;;;;;;;;;;;;;;;;;;;;;;;;
349392;27.05.24 21:50:00;-72,979;-1,935;-7,755;0,545;15,692;1001,729;21,078;64,775;16,070;62,545;16,340;1,241;269,021;18,943;-50,000;925;92,5;;0,0;60;12,45;19,56;;15;A27210;;;;;;;;;;;;;;;;;;;;;;;;;;;;;;;;;;;;;;;;;;;;;;;;;;;;;;;;;;;;;;;;;;;;;;;;;
349393;27.05.24 21:51:00;-71,077;-1,935;-7,164;0,636;15,665;1001,489;20,862;65,310;16,020;62,785;16,330;1,055;220,118;18,937;-50,000;925;92,5;;0,0;60;12,45;19,37;;15;A27210;;;;;;;;;;;;;;;;;;;;;;;;;;;;;;;;;;;;;;;;;;;;;;;;;;;;;;;;;;;;;;;;;;;;;;;;;
349394;27.05.24 21:52:00;-68,148;-1,935;-6,939;0,644;15,622;1000,568;21,033;65,100;15,970;62,895;16,270;0,888;252,371;18,909;-50,000;925;92,5;;0,0;60;12,45;19,21;;15;A27210;;;;;;;;;;;;;;;;;;;;;;;;;;;;;;;;;;;;;;;;;;;;;;;;;;;;;;;;;;;;;;;;;;;;;;;;;
349395;27.05.24 21:53:00;-65,595;-1,935;-6,601;0,605;15,583;1000,688;21,336;65,310;15,965;63,085;16,230;1,080;221,991;18,906;-50,000;925;92,5;;0,0;60;12,46;19,48;;15;A27210;;;;;;;;;;;;;;;;;;;;;;;;;;;;;;;;;;;;;;;;;;;;;;;;;;;;;;;;;;;;;;;;;;;;;;;;;
349396;27.05.24 21:54:00;-64,317;-1,935;-6,204;0,657;15,560;1001,009;20,955;65,795;15,930;63,270;16,190;1,078;200,273;18,852;-50,000;925;92,5;;0,0;60;12,45;19,13;;15;A27210;;;;;;;;;;;;;;;;;;;;;;;;;;;;;;;;;;;;;;;;;;;;;;;;;;;;;;;;;;;;;;;;;;;;;;;;;
349397;27.05.24 21:55:00;-64,160;-1,935;-6,241;0,641;15,530;1000,520;21,567;65,520;15,890;63,395;16,150;1,256;237,617;18,867;-50,000;925;92,5;;0,0;60;12,45;19,25;;15;A27210;;;;;;;;;;;;;;;;;;;;;;;;;;;;;;;;;;;;;;;;;;;;;;;;;;;;;;;;;;;;;;;;;;;;;;;;;
349398;27.05.24 21:56:00;-64,351;-1,935;-5,514;0,762;15,512;1000,478;20,952;65,695;15,880;63,685;16,160;1,271;176,766;18,858;-50,000;925;92,5;;0,0;60;12,45;19,25;;15;A27210;;;;;;;;;;;;;;;;;;;;;;;;;;;;;;;;;;;;;;;;;;;;;;;;;;;;;;;;;;;;;;;;;;;;;;;;;
349399;27.05.24 21:57:00;-63,993;-1,935;-5,698;0,787;15,480;1000,631;21,021;65,980;15,820;63,760;16,115;0,715;304,448;18,854;-50,000;925;92,5;;0,0;60;12,44;19,17;;15;A27210;;;;;;;;;;;;;;;;;;;;;;;;;;;;;;;;;;;;;;;;;;;;;;;;;;;;;;;;;;;;;;;;;;;;;;;;;
349400;27.05.24 21:58:00;-63,854;-1,935;-5,670;0,684;15,457;1000,706;21,126;66,070;15,835;63,965;16,070;0,915;194,648;18,848;-50,000;925;92,5;;0,0;60;12,45;19,17;;15;A27210;;;;;;;;;;;;;;;;;;;;;;;;;;;;;;;;;;;;;;;;;;;;;;;;;;;;;;;;;;;;;;;;;;;;;;;;;
349401;27.05.24 21:59:00;-64,300;-1,935;-5,246;0,758;15,423;1000,823;21,948;66,140;15,810;64,025;16,040;1,075;252,512;18,848;-50,000;925;92,5;;0,0;60;12,45;18,93;;15;A27210;;;;;;;;;;;;;;;;;;;;;;;;;;;;;;;;;;;;;;;;;;;;;;;;;;;;;;;;;;;;;;;;;;;;;;;;;
349402;27.05.24 22:00:00;-64,895;-1,935;-5,144;0,804;15,405;1000,781;21,114;66,265;15,785;64,115;16,045;1,386;255,606;18,836;-50,000;925;92,5;;0,0;60;12,45;19,01;;15;A27210;;;;;;;;;;;;;;;;;;;;;;;;;;;;;;;;;;;;;;;;;;;;;;;;;;;;;;;;;;;;;;;;;;;;;;;;;
349403;27.05.24 22:01:00;-64,957;-1,935;-4,472;0,951;15,387;1000,535;20,955;66,250;15,780;64,205;16,025;1,339;220,033;18,824;-50,000;925;92,5;;0,0;60;12,45;18,93;;15;A27210;;;;;;;;;;;;;;;;;;;;;;;;;;;;;;;;;;;;;;;;;;;;;;;;;;;;;;;;;;;;;;;;;;;;;;;;;
349404;27.05.24 22:02:00;-64,453;-1,935;-4,508;1,007;15,378;1000,352;21,159;66,600;15,755;64,295;16,000;1,541;239,209;18,809;-50,000;925;92,5;;0,0;60;12,45;18,85;;15;A27210;;;;;;;;;;;;;;;;;;;;;;;;;;;;;;;;;;;;;;;;;;;;;;;;;;;;;;;;;;;;;;;;;;;;;;;;;
349405;27.05.24 22:03:00;-63,679;-1,935;-4,653;0,999;15,370;1000,277;21,270;66,635;15,765;64,545;16,005;1,836;233,336;18,781;-50,000;925;92,5;;0,0;60;12,44;18,85;;15;A27210;;;;;;;;;;;;;;;;;;;;;;;;;;;;;;;;;;;;;;;;;;;;;;;;;;;;;;;;;;;;;;;;;;;;;;;;;
349406;27.05.24 22:04:00;-63,071;-1,935;-4,657;1,018;15,360;1000,175;21,273;66,645;15,715;64,375;15,980;1,338;271,294;18,775;-50,000;925;92,5;;0,0;60;12,45;18,81;;15;A27210;;;;;;;;;;;;;;;;;;;;;;;;;;;;;;;;;;;;;;;;;;;;;;;;;;;;;;;;;;;;;;;;;;;;;;;;;
349407;27.05.24 22:05:00;-63,215;-1,935;-4,945;0,959;15,332;1000,091;21,693;67,270;15,725;64,760;15,960;1,100;242,207;18,757;-50,000;925;92,5;;0,0;60;12,45;18,89;;15;A27210;;;;;;;;;;;;;;;;;;;;;;;;;;;;;;;;;;;;;;;;;;;;;;;;;;;;;;;;;;;;;;;;;;;;;;;;;
349408;27.05.24 22:06:00;-64,268;-1,935;-5,017;0,928;15,320;1000,121;20,676;66,985;15,690;64,980;15,895;1,144;236,396;18,766;-50,000;925;92,5;;0,0;60;12,45;18,85;;15;A27210;;;;;;;;;;;;;;;;;;;;;;;;;;;;;;;;;;;;;;;;;;;;;;;;;;;;;;;;;;;;;;;;;;;;;;;;;
349409;27.05.24 22:07:00;-65,787;-1,935;-5,246;0,955;15,307;1000,136;21,024;67,150;15,680;65,070;15,880;1,042;284,423;18,757;-50,000;925;92,5;;0,0;60;12,45;18,85;;15;A27210;;;;;;;;;;;;;;;;;;;;;;;;;;;;;;;;;;;;;;;;;;;;;;;;;;;;;;;;;;;;;;;;;;;;;;;;;
349410;27.05.24 22:08:00;-67,539;-1,935;-5,476;0,896;15,278;1000,076;21,252;67,385;15,650;65,165;15,845;1,481;261,219;18,754;-50,000;925;92,5;;0,0;60;12,45;18,77;;15;A27210;;;;;;;;;;;;;;;;;;;;;;;;;;;;;;;;;;;;;;;;;;;;;;;;;;;;;;;;;;;;;;;;;;;;;;;;;
349411;27.05.24 22:09:00;-69,253;-1,935;-5,581;0,728;15,245;1000,103;21,036;67,790;15,640;65,475;15,835;0,942;225,534;18,751;-50,000;925;92,5;;0,0;60;12,45;18,69;;15;A27210;;;;;;;;;;;;;;;;;;;;;;;;;;;;;;;;;;;;;;;;;;;;;;;;;;;;;;;;;;;;;;;;;;;;;;;;;
349412;27.05.24 22:10:00;-71,278;-1,935;-5,287;0,713;15,205;1000,148;21,057;67,460;15,610;65,485;15,790;1,220;208,142;18,748;-50,000;925;92,5;;0,0;60;12,45;18,81;;15;A27210;;;;;;;;;;;;;;;;;;;;;;;;;;;;;;;;;;;;;;;;;;;;;;;;;;;;;;;;;;;;;;;;;;;;;;;;;
349413;27.05.24 22:11:00;-73,705;-1,935;-5,643;0,811;15,170;1000,247;20,628;67,500;15,580;65,685;15,790;0,953;161,820;18,732;-50,000;925;92,5;;0,0;60;12,45;18,93;;15;A27210;;;;;;;;;;;;;;;;;;;;;;;;;;;;;;;;;;;;;;;;;;;;;;;;;;;;;;;;;;;;;;;;;;;;;;;;;
349414;27.05.24 22:12:00;-75,796;-1,935;-6,347;0,805;15,132;1000,346;21,093;67,720;15,550;65,855;15,740;0,834;239,423;18,720;-50,000;925;92,5;;0,0;60;12,45;18,73;;15;A27210;;;;;;;;;;;;;;;;;;;;;;;;;;;;;;;;;;;;;;;;;;;;;;;;;;;;;;;;;;;;;;;;;;;;;;;;;
349415;27.05.24 22:13:00;-77,590;-1,935;-6,485;0,738;15,110;1000,406;21,138;67,910;15,490;65,830;15,690;1,920;304,363;18,686;-50,000;925;92,5;;0,0;60;12,44;18,53;;15;A27210;;;;;;;;;;;;;;;;;;;;;;;;;;;;;;;;;;;;;;;;;;;;;;;;;;;;;;;;;;;;;;;;;;;;;;;;;
349416;27.05.24 22:14:00;-78,810;-1,935;-6,167;0,695;15,065;1000,418;20,952;68,125;15,465;65,915;15,660;1,836;251,511;18,690;-50,000;925;92,5;;0,0;60;12,44;18,69;;15;A27210;;;;;;;;;;;;;;;;;;;;;;;;;;;;;;;;;;;;;;;;;;;;;;;;;;;;;;;;;;;;;;;;;;;;;;;;;
349417;27.05.24 22:15:00;-79,649;-1,935;-5,674;0,816;15,037;1000,478;21,018;68,035;15,445;66,160;15,650;1,362;191,042;18,662;-50,000;925;92,5;;0,0;60;12,45;18,77;;15;A27210;;;;;;;;;;;;;;;;;;;;;;;;;;;;;;;;;;;;;;;;;;;;;;;;;;;;;;;;;;;;;;;;;;;;;;;;;
349418;27.05.24 22:16:00;-80,050;-1,935;-5,518;0,818;15,000;1000,532;20,262;68,180;15,410;66,310;15,610;1,355;226,828;18,656;-50,000;925;92,5;;0,0;60;12,45;18,53;;15;A27210;;;;;;;;;;;;;;;;;;;;;;;;;;;;;;;;;;;;;;;;;;;;;;;;;;;;;;;;;;;;;;;;;;;;;;;;;
349419;27.05.24 22:17:00;-80,277;-1,935;-6,545;0,918;14,957;1000,556;21,288;68,455;15,355;66,420;15,570;0,893;288,034;18,656;-50,000;925;92,5;;0,0;60;12,44;18,65;;15;A27210;;;;;;;;;;;;;;;;;;;;;;;;;;;;;;;;;;;;;;;;;;;;;;;;;;;;;;;;;;;;;;;;;;;;;;;;;
349420;27.05.24 22:18:00;-80,557;-1,935;-7,060;0,761;14,912;1000,565;20,820;69,095;15,340;66,795;15,560;1,133;167,996;18,656;-50,000;925;92,5;;0,0;60;12,45;18,61;;15;A27210;;;;;;;;;;;;;;;;;;;;;;;;;;;;;;;;;;;;;;;;;;;;;;;;;;;;;;;;;;;;;;;;;;;;;;;;;
349421;27.05.24 22:19:00;-80,972;-1,935;-6,066;0,819;14,882;1000,586;20,919;69,145;15,290;66,845;15,525;1,378;244,671;18,641;-50,000;925;92,5;;0,0;60;12,44;18,65;;15;A27210;;;;;;;;;;;;;;;;;;;;;;;;;;;;;;;;;;;;;;;;;;;;;;;;;;;;;;;;;;;;;;;;;;;;;;;;;
349422;27.05.24 22:20:00;-81,362;-1,935;-5,851;0,884;14,865;1000,652;21,480;68,930;15,250;66,865;15,480;1,193;230,417;18,644;-50,000;925;92,5;;0,0;60;12,44;18,77;;15;A27210;;;;;;;;;;;;;;;;;;;;;;;;;;;;;;;;;;;;;;;;;;;;;;;;;;;;;;;;;;;;;;;;;;;;;;;;;
349423;27.05.24 22:21:00;-81,744;-1,935;-6,188;0,954;14,825;1000,667;20,784;69,005;15,230;67,050;15,470;1,254;218,987;18,628;-50,000;925;92,5;;0,0;60;12,44;18,61;;15;A27210;;;;;;;;;;;;;;;;;;;;;;;;;;;;;;;;;;;;;;;;;;;;;;;;;;;;;;;;;;;;;;;;;;;;;;;;;
349424;27.05.24 22:22:00;-81,996;-1,935;-6,737;0,907;14,792;1000,646;21,150;69,375;15,185;67,260;15,415;1,083;226,412;18,607;-50,000;925;92,5;;0,0;60;12,45;18,49;;15;A27210;;;;;;;;;;;;;;;;;;;;;;;;;;;;;;;;;;;;;;;;;;;;;;;;;;;;;;;;;;;;;;;;;;;;;;;;;
349425;27.05.24 22:23:00;-82,209;-1,935;-6,821;0,904;14,737;1000,751;20,961;69,615;15,150;67,425;15,390;1,001;230,468;18,610;-50,000;925;92,5;;0,0;60;12,44;18,29;;15;A27210;;;;;;;;;;;;;;;;;;;;;;;;;;;;;;;;;;;;;;;;;;;;;;;;;;;;;;;;;;;;;;;;;;;;;;;;;
349426;27.05.24 22:24:00;-82,125;-1,935;-7,330;0,791;14,695;1000,781;21,528;69,450;15,105;67,575;15,325;0,734;237,111;18,567;-50,000;925;92,5;;0,0;60;12,44;18,49;;15;A27210;;;;;;;;;;;;;;;;;;;;;;;;;;;;;;;;;;;;;;;;;;;;;;;;;;;;;;;;;;;;;;;;;;;;;;;;;
349427;27.05.24 22:25:00;-82,036;-1,935;-7,381;0,777;14,622;1000,763;21,504;69,830;15,090;67,865;15,295;0,778;163,457;18,561;-50,000;925;92,5;;0,0;60;12,45;18,33;;15;A27210;;;;;;;;;;;;;;;;;;;;;;;;;;;;;;;;;;;;;;;;;;;;;;;;;;;;;;;;;;;;;;;;;;;;;;;;;
349428;27.05.24 22:26:00;-81,764;-1,935;-6,844;0,718;14,585;1001,033;21,177;69,945;15,035;68,105;15,230;1,123;203,625;18,558;-50,000;925;92,5;;0,0;60;12,44;18,21;;15;A27210;;;;;;;;;;;;;;;;;;;;;;;;;;;;;;;;;;;;;;;;;;;;;;;;;;;;;;;;;;;;;;;;;;;;;;;;;
349429;27.05.24 22:27:00;-81,607;-1,935;-7,633;0,722;14,540;1000,538;20,925;70,350;14,995;68,325;15,190;0,588;181,671;18,555;-50,000;925;92,5;;0,0;60;12,45;18,21;;15;A27210;;;;;;;;;;;;;;;;;;;;;;;;;;;;;;;;;;;;;;;;;;;;;;;;;;;;;;;;;;;;;;;;;;;;;;;;;
349430;27.05.24 22:28:00;-81,049;-1,935;-7,646;0,604;14,477;1000,538;20,700;70,305;14,920;68,440;15,155;0,858;208,153;18,552;-50,000;925;92,5;;0,0;60;12,44;18,21;;15;A27210;;;;;;;;;;;;;;;;;;;;;;;;;;;;;;;;;;;;;;;;;;;;;;;;;;;;;;;;;;;;;;;;;;;;;;;;;
349431;27.05.24 22:29:00;-80,547;-1,935;-6,871;0,719;14,438;1000,511;20,931;70,300;14,870;68,490;15,100;1,013;198,698;18,543;-50,000;925;92,5;;0,0;60;12,44;18,13;;15;A27210;;;;;;;;;;;;;;;;;;;;;;;;;;;;;;;;;;;;;;;;;;;;;;;;;;;;;;;;;;;;;;;;;;;;;;;;;
349432;27.05.24 22:30:00;-80,044;-1,935;-6,587;0,892;14,403;1000,472;20,922;70,565;14,860;68,690;15,125;0,950;199,283;18,534;-50,000;925;92,5;;0,0;60;12,44;18,37;;15;A27210;;;;;;;;;;;;;;;;;;;;;;;;;;;;;;;;;;;;;;;;;;;;;;;;;;;;;;;;;;;;;;;;;;;;;;;;;
349433;27.05.24 22:31:00;-79,355;-1,935;-6,444;0,967;14,377;1000,454;21,129;70,570;14,795;68,420;15,080;1,180;288,394;18,507;-50,000;925;92,5;;0,0;60;12,44;18,25;;15;A27210;;;;;;;;;;;;;;;;;;;;;;;;;;;;;;;;;;;;;;;;;;;;;;;;;;;;;;;;;;;;;;;;;;;;;;;;;
349434;27.05.24 22:32:00;-79,035;-1,935;-6,220;1,050;14,343;1000,478;20,739;70,725;14,805;68,620;15,085;1,255;228,684;18,498;-50,000;925;92,5;;0,0;60;12,44;18,13;;15;A27210;;;;;;;;;;;;;;;;;;;;;;;;;;;;;;;;;;;;;;;;;;;;;;;;;;;;;;;;;;;;;;;;;;;;;;;;;
349435;27.05.24 22:33:00;-78,451;-1,935;-5,881;1,129;14,315;1000,547;20,979;70,630;14,785;68,525;15,065;1,150;225,878;18,482;-50,000;925;92,5;;0,0;60;12,44;18,13;;15;A27210;;;;;;;;;;;;;;;;;;;;;;;;;;;;;;;;;;;;;;;;;;;;;;;;;;;;;;;;;;;;;;;;;;;;;;;;;
349436;27.05.24 22:34:00;-78,163;-1,935;-5,524;1,212;14,300;1000,967;21,612;70,875;14,750;68,455;15,045;1,296;186,024;18,461;-50,000;925;92,5;;0,0;60;12,44;18,17;;15;A27210;;;;;;;;;;;;;;;;;;;;;;;;;;;;;;;;;;;;;;;;;;;;;;;;;;;;;;;;;;;;;;;;;;;;;;;;;
349437;27.05.24 22:35:00;-77,835;-1,935;-5,343;1,266;14,282;1001,003;21,303;70,710;14,715;68,220;15,020;0,969;274,247;18,458;-50,000;925;92,5;;0,0;60;12,44;18,13;;15;A27210;;;;;;;;;;;;;;;;;;;;;;;;;;;;;;;;;;;;;;;;;;;;;;;;;;;;;;;;;;;;;;;;;;;;;;;;;
349438;27.05.24 22:36:00;-77,132;-1,935;-5,505;1,269;14,257;1001,396;20,313;70,475;14,705;68,045;15,055;0,960;152,404;18,467;-50,000;925;92,5;;0,0;60;12,44;18,10;;15;A27210;;;;;;;;;;;;;;;;;;;;;;;;;;;;;;;;;;;;;;;;;;;;;;;;;;;;;;;;;;;;;;;;;;;;;;;;;
349439;27.05.24 22:37:00;-76,195;-1,935;-5,434;1,310;14,225;1001,573;20,856;70,535;14,680;67,945;15,020;1,138;229,551;18,452;-50,000;925;92,5;;0,0;60;12,44;17,82;;15;A27210;;;;;;;;;;;;;;;;;;;;;;;;;;;;;;;;;;;;;;;;;;;;;;;;;;;;;;;;;;;;;;;;;;;;;;;;;
349440;27.05.24 22:38:00;-75,205;-1,935;-4,529;1,424;14,238;1001,558;20,991;69,935;14,660;67,185;15,015;1,593;259,498;18,440;-50,000;925;92,5;;0,0;60;12,44;17,94;;15;A27210;;;;;;;;;;;;;;;;;;;;;;;;;;;;;;;;;;;;;;;;;;;;;;;;;;;;;;;;;;;;;;;;;;;;;;;;;
349441;27.05.24 22:39:00;-74,354;-1,935;-4,454;1,703;14,252;1001,609;20,970;69,780;14,670;66,935;15,050;1,111;194,378;18,428;-50,000;925;92,5;;0,0;60;12,44;17,66;;15;A27210;;;;;;;;;;;;;;;;;;;;;;;;;;;;;;;;;;;;;;;;;;;;;;;;;;;;;;;;;;;;;;;;;;;;;;;;;
349442;27.05.24 22:40:00;-73,430;-1,935;-4,626;1,707;14,255;1001,657;21,285;69,485;14,655;66,565;15,050;1,318;187,397;18,403;-50,000;925;92,5;;0,0;60;12,44;17,70;;15;A27210;;;;;;;;;;;;;;;;;;;;;;;;;;;;;;;;;;;;;;;;;;;;;;;;;;;;;;;;;;;;;;;;;;;;;;;;;
349443;27.05.24 22:41:00;-72,342;-1,935;-4,716;1,668;14,240;1001,642;20,925;68,975;14,640;66,175;15,055;0,943;196,335;18,381;-50,000;925;92,5;;0,0;60;12,44;17,90;;15;A27210;;;;;;;;;;;;;;;;;;;;;;;;;;;;;;;;;;;;;;;;;;;;;;;;;;;;;;;;;;;;;;;;;;;;;;;;;
349444;27.05.24 22:42:00;-70,875;-1,935;-4,916;1,629;14,212;1001,654;20,643;69,210;14,635;66,315;15,040;1,055;242,162;18,381;-50,000;925;92,5;;0,0;60;12,44;17,86;;15;A27210;;;;;;;;;;;;;;;;;;;;;;;;;;;;;;;;;;;;;;;;;;;;;;;;;;;;;;;;;;;;;;;;;;;;;;;;;
349445;27.05.24 22:43:00;-69,116;-1,935;-4,809;1,541;14,217;1001,663;20,994;69,730;14,650;66,645;15,050;1,137;234,669;18,369;-50,000;925;92,5;;0,0;60;12,44;17,86;;15;A27210;;;;;;;;;;;;;;;;;;;;;;;;;;;;;;;;;;;;;;;;;;;;;;;;;;;;;;;;;;;;;;;;;;;;;;;;;
349446;27.05.24 22:44:00;-67,304;-1,935;-4,490;1,539;14,192;1001,702;21,711;69,325;14,625;66,490;15,035;1,007;168,334;18,366;-50,000;925;92,5;;0,0;60;12,44;17,66;;15;A27210;;;;;;;;;;;;;;;;;;;;;;;;;;;;;;;;;;;;;;;;;;;;;;;;;;;;;;;;;;;;;;;;;;;;;;;;;
349447;27.05.24 22:45:00;-65,353;-1,935;-4,619;1,502;14,185;1001,663;21,447;69,345;14,615;66,635;15,010;0,861;204,964;18,363;-50,000;925;92,5;;0,0;60;12,44;17,82;;15;A27210;;;;;;;;;;;;;;;;;;;;;;;;;;;;;;;;;;;;;;;;;;;;;;;;;;;;;;;;;;;;;;;;;;;;;;;;;
349448;27.05.24 22:46:00;-63,366;-1,935;-4,956;1,410;14,153;1001,648;20,724;69,395;14,610;66,545;14,965;1,180;234,782;18,342;-50,000;925;92,5;;0,0;60;12,42;17,70;;15;A27210;;;;;;;;;;;;;;;;;;;;;;;;;;;;;;;;;;;;;;;;;;;;;;;;;;;;;;;;;;;;;;;;;;;;;;;;;
349449;27.05.24 22:47:00;-61,464;-1,935;-4,634;1,386;14,143;1001,660;21,129;69,710;14,600;66,660;14,950;1,030;269,213;18,348;-50,000;925;92,5;;0,0;60;12,43;17,70;;15;A27210;;;;;;;;;;;;;;;;;;;;;;;;;;;;;;;;;;;;;;;;;;;;;;;;;;;;;;;;;;;;;;;;;;;;;;;;;
349450;27.05.24 22:48:00;-59,486;-1,935;-3,981;1,310;14,137;1001,687;20,859;69,445;14,570;66,635;14,960;1,055;203,074;18,336;-50,000;925;92,5;;0,0;60;12,44;17,78;;15;A27210;;;;;;;;;;;;;;;;;;;;;;;;;;;;;;;;;;;;;;;;;;;;;;;;;;;;;;;;;;;;;;;;;;;;;;;;;
349451;27.05.24 22:49:00;-57,729;-1,935;-3,468;1,409;14,145;1001,687;21,027;69,295;14,580;66,575;14,960;1,632;216,872;18,320;-50,000;925;92,5;;0,0;60;12,43;17,70;;15;A27210;;;;;;;;;;;;;;;;;;;;;;;;;;;;;;;;;;;;;;;;;;;;;;;;;;;;;;;;;;;;;;;;;;;;;;;;;
349452;27.05.24 22:50:00;-55,956;-1,935;-3,410;1,561;14,155;1001,642;21,174;68,870;14,580;66,405;14,940;1,036;228,369;18,278;-50,000;925;92,5;;0,0;60;12,44;17,58;;15;A27210;;;;;;;;;;;;;;;;;;;;;;;;;;;;;;;;;;;;;;;;;;;;;;;;;;;;;;;;;;;;;;;;;;;;;;;;;
349453;27.05.24 22:51:00;-54,354;-1,935;-3,618;1,464;14,132;1001,609;20,649;69,155;14,570;66,325;14,945;0,994;244,249;18,290;-50,000;925;92,5;;0,0;60;12,43;17,82;;15;A27210;;;;;;;;;;;;;;;;;;;;;;;;;;;;;;;;;;;;;;;;;;;;;;;;;;;;;;;;;;;;;;;;;;;;;;;;;
349454;27.05.24 22:52:00;-53,353;-1,935;-3,356;1,466;14,127;1001,585;20,592;68,350;14,570;65,585;14,925;1,325;278,814;18,268;-50,000;925;92,5;;0,0;60;12,43;17,94;;15;A27210;;;;;;;;;;;;;;;;;;;;;;;;;;;;;;;;;;;;;;;;;;;;;;;;;;;;;;;;;;;;;;;;;;;;;;;;;
349455;27.05.24 22:53:00;-52,880;-1,935;-3,315;1,566;14,147;1001,546;20,595;68,530;14,570;65,510;14,925;1,072;190,997;18,262;-50,000;925;92,5;;0,0;60;12,44;17,50;;15;A27210;;;;;;;;;;;;;;;;;;;;;;;;;;;;;;;;;;;;;;;;;;;;;;;;;;;;;;;;;;;;;;;;;;;;;;;;;
349456;27.05.24 22:54:00;-53,026;-1,935;-3,391;1,517;14,148;1001,480;20,796;67,950;14,555;65,195;14,925;1,140;263,273;18,265;-50,000;925;92,5;;0,0;60;12,44;17,46;;15;A27210;;;;;;;;;;;;;;;;;;;;;;;;;;;;;;;;;;;;;;;;;;;;;;;;;;;;;;;;;;;;;;;;;;;;;;;;;
349457;27.05.24 22:55:00;-53,967;-1,935;-3,093;1,500;14,165;1001,330;20,664;67,520;14,555;64,590;14,890;2,306;298,474;18,253;-50,000;925;92,5;;0,0;60;12,43;17,70;;15;A27210;;;;;;;;;;;;;;;;;;;;;;;;;;;;;;;;;;;;;;;;;;;;;;;;;;;;;;;;;;;;;;;;;;;;;;;;;
349458;27.05.24 22:56:00;-55,170;-1,935;-3,387;1,680;14,180;1001,117;21,099;67,575;14,565;64,450;14,905;1,870;268,712;18,238;-50,000;925;92,5;;0,0;60;12,44;17,50;;15;A27210;;;;;;;;;;;;;;;;;;;;;;;;;;;;;;;;;;;;;;;;;;;;;;;;;;;;;;;;;;;;;;;;;;;;;;;;;
349459;27.05.24 22:57:00;-56,432;-1,935;-3,106;1,696;14,207;1001,141;20,742;67,075;14,560;64,295;14,940;1,065;249,086;18,229;-50,000;925;92,5;;0,0;60;12,44;17,46;;15;A27210;;;;;;;;;;;;;;;;;;;;;;;;;;;;;;;;;;;;;;;;;;;;;;;;;;;;;;;;;;;;;;;;;;;;;;;;;
349460;27.05.24 22:58:00;-57,516;-1,935;-3,544;1,566;14,198;1001,366;20,724;67,280;14,565;64,385;14,950;1,247;265,185;18,226;-50,000;925;92,5;;0,0;60;12,43;17,58;;15;A27210;;;;;;;;;;;;;;;;;;;;;;;;;;;;;;;;;;;;;;;;;;;;;;;;;;;;;;;;;;;;;;;;;;;;;;;;;
349461;27.05.24 22:59:00;-57,863;-1,935;-3,734;1,457;14,195;1001,444;20,808;67,075;14,570;64,455;14,915;0,819;290,003;18,211;-50,000;925;92,5;;0,0;60;12,43;17,70;;15;A27210;;;;;;;;;;;;;;;;;;;;;;;;;;;;;;;;;;;;;;;;;;;;;;;;;;;;;;;;;;;;;;;;;;;;;;;;;
349462;27.05.24 23:00:00;-57,913;-1,935;-3,850;1,377;14,195;1001,447;20,955;67,690;14,600;64,800;14,930;1,266;224,415;18,189;-50,000;925;92,5;;0,0;60;12,44;17,70;;15;A27210;;;;;;;;;;;;;;;;;;;;;;;;;;;;;;;;;;;;;;;;;;;;;;;;;;;;;;;;;;;;;;;;;;;;;;;;;
349463;27.05.24 23:01:00;-57,908;-1,935;-3,900;1,375;14,172;1001,417;20,658;67,275;14,580;64,825;14,900;0,946;274,134;18,183;-50,000;925;92,5;;0,0;60;12,43;17,42;;15;A27210;;;;;;;;;;;;;;;;;;;;;;;;;;;;;;;;;;;;;;;;;;;;;;;;;;;;;;;;;;;;;;;;;;;;;;;;;
349464;27.05.24 23:02:00;-58,158;-1,935;-4,454;1,204;14,153;1001,429;20,430;67,275;14,570;64,630;14,850;1,181;285,148;18,168;-50,000;925;92,5;;0,0;60;12,42;17,66;;15;A27210;;;;;;;;;;;;;;;;;;;;;;;;;;;;;;;;;;;;;;;;;;;;;;;;;;;;;;;;;;;;;;;;;;;;;;;;;
349465;27.05.24 23:03:00;-58,526;-1,935;-4,432;1,221;14,160;1001,468;21,003;67,505;14,565;64,855;14,865;0,831;253,091;18,171;-50,000;925;92,5;;0,0;60;12,43;17,46;;15;A27210;;;;;;;;;;;;;;;;;;;;;;;;;;;;;;;;;;;;;;;;;;;;;;;;;;;;;;;;;;;;;;;;;;;;;;;;;
349466;27.05.24 23:04:00;-58,773;-1,935;-4,909;1,169;14,130;1001,447;21,270;67,425;14,575;65,050;14,880;0,715;176,349;18,165;-50,000;925;92,5;;0,0;60;12,43;17,54;;15;A27210;;;;;;;;;;;;;;;;;;;;;;;;;;;;;;;;;;;;;;;;;;;;;;;;;;;;;;;;;;;;;;;;;;;;;;;;;
349467;27.05.24 23:05:00;-58,938;-1,935;-4,626;1,094;14,120;1001,432;20,940;67,140;14,535;64,885;14,820;1,205;181,778;18,162;-50,000;925;92,5;;0,0;60;12,44;17,66;;15;A27210;;;;;;;;;;;;;;;;;;;;;;;;;;;;;;;;;;;;;;;;;;;;;;;;;;;;;;;;;;;;;;;;;;;;;;;;;
349468;27.05.24 23:06:00;-58,902;-1,935;-4,980;1,178;14,112;1001,372;20,988;67,450;14,555;64,910;14,850;0,823;205,099;18,140;-50,000;925;92,5;;0,0;60;12,43;17,46;;15;A27210;;;;;;;;;;;;;;;;;;;;;;;;;;;;;;;;;;;;;;;;;;;;;;;;;;;;;;;;;;;;;;;;;;;;;;;;;
349469;27.05.24 23:07:00;-58,522;-1,935;-4,885;1,024;14,093;1001,255;20,859;68,100;14,530;65,290;14,850;0,914;186,964;18,146;-50,000;925;92,5;;0,0;60;12,44;17,38;;15;A27210;;;;;;;;;;;;;;;;;;;;;;;;;;;;;;;;;;;;;;;;;;;;;;;;;;;;;;;;;;;;;;;;;;;;;;;;;
349470;27.05.24 23:08:00;-58,071;-1,935;-4,090;1,095;14,077;1000,922;20,976;66,950;14,540;64,640;14,810;1,338;165,842;18,125;-50,000;925;92,5;;0,0;60;12,43;17,34;;15;A27210;;;;;;;;;;;;;;;;;;;;;;;;;;;;;;;;;;;;;;;;;;;;;;;;;;;;;;;;;;;;;;;;;;;;;;;;;
349471;27.05.24 23:09:00;-57,572;-1,935;-4,067;1,293;14,100;1000,829;20,712;67,160;14,480;64,070;14,805;2,452;319,286;18,116;-50,000;925;92,5;;0,0;60;12,43;17,38;;15;A27210;;;;;;;;;;;;;;;;;;;;;;;;;;;;;;;;;;;;;;;;;;;;;;;;;;;;;;;;;;;;;;;;;;;;;;;;;
349472;27.05.24 23:10:00;-56,718;-1,935;-4,295;1,232;14,085;1000,898;20,601;67,165;14,525;64,280;14,840;0,879;190,249;18,088;-50,000;925;92,5;;0,0;60;12,44;17,50;;15;A27210;;;;;;;;;;;;;;;;;;;;;;;;;;;;;;;;;;;;;;;;;;;;;;;;;;;;;;;;;;;;;;;;;;;;;;;;;
349473;27.05.24 23:11:00;-55,869;-1,935;-4,007;1,345;14,105;1001,027;20,436;67,055;14,460;64,025;14,805;1,905;278,218;18,073;-50,000;925;92,5;;0,0;60;12,42;17,50;;15;A27210;;;;;;;;;;;;;;;;;;;;;;;;;;;;;;;;;;;;;;;;;;;;;;;;;;;;;;;;;;;;;;;;;;;;;;;;;
349474;27.05.24 23:12:00;-54,616;-1,935;-3,830;1,453;14,122;1001,171;20,985;67,060;14,465;64,320;14,805;0,894;206,404;18,070;-50,000;925;92,5;;0,0;60;12,43;17,54;;15;A27210;;;;;;;;;;;;;;;;;;;;;;;;;;;;;;;;;;;;;;;;;;;;;;;;;;;;;;;;;;;;;;;;;;;;;;;;;
349475;27.05.24 23:13:00;-53,714;-1,935;-3,931;1,334;14,120;1001,324;20,958;66,940;14,465;64,210;14,805;1,282;254,576;18,067;-50,000;925;92,5;;0,0;60;12,43;17,42;;15;A27210;;;;;;;;;;;;;;;;;;;;;;;;;;;;;;;;;;;;;;;;;;;;;;;;;;;;;;;;;;;;;;;;;;;;;;;;;
349476;27.05.24 23:14:00;-52,861;-1,935;-4,307;1,290;14,115;1001,507;20,802;66,635;14,490;64,025;14,835;0,939;172,755;18,070;-50,000;925;92,5;;0,0;60;12,43;17,30;;15;A27210;;;;;;;;;;;;;;;;;;;;;;;;;;;;;;;;;;;;;;;;;;;;;;;;;;;;;;;;;;;;;;;;;;;;;;;;;
349477;27.05.24 23:15:00;-51,117;-1,935;-4,374;1,157;14,097;1001,639;20,403;66,820;14,455;63,715;14,810;1,823;242,831;18,061;-50,000;925;92,5;;0,0;60;12,42;17,50;;15;A27210;;;;;;;;;;;;;;;;;;;;;;;;;;;;;;;;;;;;;;;;;;;;;;;;;;;;;;;;;;;;;;;;;;;;;;;;;
349478;27.05.24 23:16:00;-49,227;-1,935;-4,361;1,021;14,097;1001,711;21,060;67,295;14,430;63,920;14,785;1,279;319,506;18,061;-50,000;925;92,5;;0,0;60;12,43;17,42;;15;A27210;;;;;;;;;;;;;;;;;;;;;;;;;;;;;;;;;;;;;;;;;;;;;;;;;;;;;;;;;;;;;;;;;;;;;;;;;
349479;27.05.24 23:17:00;-48,517;-1,935;-4,016;1,084;14,100;1001,762;20,670;66,730;14,410;63,700;14,800;1,307;281,936;18,055;-50,000;925;92,5;;0,0;60;12,42;17,22;;15;A27210;;;;;;;;;;;;;;;;;;;;;;;;;;;;;;;;;;;;;;;;;;;;;;;;;;;;;;;;;;;;;;;;;;;;;;;;;
349480;27.05.24 23:18:00;-49,169;-1,935;-3,774;1,148;14,088;1001,783;20,340;67,060;14,430;64,120;14,800;0,973;200,498;18,033;-50,000;925;92,5;;0,0;60;12,42;17,42;;15;A27210;;;;;;;;;;;;;;;;;;;;;;;;;;;;;;;;;;;;;;;;;;;;;;;;;;;;;;;;;;;;;;;;;;;;;;;;;
349481;27.05.24 23:19:00;-50,325;-1,935;-4,198;1,102;14,088;1001,768;20,979;66,760;14,415;64,040;14,775;1,423;262,828;18,000;-50,000;925;92,5;;0,0;60;12,42;17,38;;15;A27210;;;;;;;;;;;;;;;;;;;;;;;;;;;;;;;;;;;;;;;;;;;;;;;;;;;;;;;;;;;;;;;;;;;;;;;;;
349482;27.05.24 23:20:00;-51,435;-1,935;-4,348;1,161;14,075;1001,768;21,120;66,535;14,430;64,040;14,770;0,650;197,376;17,982;-50,000;925;92,5;;0,0;60;12,42;17,26;;15;A27210;;;;;;;;;;;;;;;;;;;;;;;;;;;;;;;;;;;;;;;;;;;;;;;;;;;;;;;;;;;;;;;;;;;;;;;;;
349483;27.05.24 23:21:00;-52,353;-1,935;-4,729;1,000;14,070;1001,777;20,871;67,270;14,415;64,805;14,765;0,786;204,323;17,985;-50,000;925;92,5;;0,0;60;12,43;17,50;;15;A27210;;;;;;;;;;;;;;;;;;;;;;;;;;;;;;;;;;;;;;;;;;;;;;;;;;;;;;;;;;;;;;;;;;;;;;;;;
349484;27.05.24 23:22:00;-52,023;-1,935;-4,566;0,967;14,045;1001,795;20,931;67,070;14,390;64,055;14,725;1,357;276,351;17,982;-50,000;925;92,5;;0,0;60;12,42;17,22;;15;A27210;;;;;;;;;;;;;;;;;;;;;;;;;;;;;;;;;;;;;;;;;;;;;;;;;;;;;;;;;;;;;;;;;;;;;;;;;
349485;27.05.24 23:23:00;-51,011;-1,935;-4,497;1,005;14,022;1001,816;20,568;67,505;14,395;64,300;14,740;0,984;231,975;17,969;-50,000;925;92,5;;0,0;60;12,42;17,38;;15;A27210;;;;;;;;;;;;;;;;;;;;;;;;;;;;;;;;;;;;;;;;;;;;;;;;;;;;;;;;;;;;;;;;;;;;;;;;;
349486;27.05.24 23:24:00;-50,485;-1,935;-4,804;0,984;14,002;1001,855;21,063;67,345;14,365;64,275;14,720;1,045;246,195;17,975;-50,000;925;92,5;;0,0;60;12,42;17,30;;15;A27210;;;;;;;;;;;;;;;;;;;;;;;;;;;;;;;;;;;;;;;;;;;;;;;;;;;;;;;;;;;;;;;;;;;;;;;;;
349487;27.05.24 23:25:00;-51,273;-1,935;-4,588;0,968;14,007;1001,915;21,570;67,435;14,350;64,395;14,690;1,039;294,818;17,969;-50,000;925;92,5;;0,0;60;12,42;17,38;;15;A27210;;;;;;;;;;;;;;;;;;;;;;;;;;;;;;;;;;;;;;;;;;;;;;;;;;;;;;;;;;;;;;;;;;;;;;;;;
349488;27.05.24 23:26:00;-52,380;-1,935;-4,711;0,954;13,977;1001,963;20,355;67,560;14,340;64,455;14,710;0,861;247,545;17,969;-50,000;925;92,5;;0,0;60;12,42;17,14;;15;A27210;;;;;;;;;;;;;;;;;;;;;;;;;;;;;;;;;;;;;;;;;;;;;;;;;;;;;;;;;;;;;;;;;;;;;;;;;
349489;27.05.24 23:27:00;-53,491;-1,935;-5,326;0,914;13,970;1001,978;21,060;67,580;14,330;64,780;14,690;0,896;262,108;17,951;-50,000;925;92,5;;0,0;60;12,42;17,42;;15;A27210;;;;;;;;;;;;;;;;;;;;;;;;;;;;;;;;;;;;;;;;;;;;;;;;;;;;;;;;;;;;;;;;;;;;;;;;;
349490;27.05.24 23:28:00;-53,462;-1,935;-4,844;0,843;13,947;1001,999;20,340;67,285;14,300;64,150;14,700;2,012;259,898;17,942;-50,000;925;92,5;;0,0;60;12,42;17,62;;15;A27210;;;;;;;;;;;;;;;;;;;;;;;;;;;;;;;;;;;;;;;;;;;;;;;;;;;;;;;;;;;;;;;;;;;;;;;;;
349491;27.05.24 23:29:00;-52,325;-1,935;-4,005;1,049;13,960;1002,035;20,982;67,095;14,285;63,920;14,700;2,130;231,114;17,924;-50,000;925;92,5;;0,0;60;12,43;17,34;;15;A27210;;;;;;;;;;;;;;;;;;;;;;;;;;;;;;;;;;;;;;;;;;;;;;;;;;;;;;;;;;;;;;;;;;;;;;;;;
349492;27.05.24 23:30:00;-51,389;-1,935;-3,521;1,272;13,977;1002,071;20,736;67,060;14,285;63,885;14,685;1,971;301,359;17,930;-50,000;925;92,5;;0,0;60;12,42;17,26;;15;A27210;;;;;;;;;;;;;;;;;;;;;;;;;;;;;;;;;;;;;;;;;;;;;;;;;;;;;;;;;;;;;;;;;;;;;;;;;
349493;27.05.24 23:31:00;-50,679;-1,935;-3,598;1,370;13,995;1002,101;20,817;67,435;14,260;64,070;14,685;1,986;329,265;17,896;-50,000;925;92,5;;0,0;60;12,42;17,42;;15;A27210;;;;;;;;;;;;;;;;;;;;;;;;;;;;;;;;;;;;;;;;;;;;;;;;;;;;;;;;;;;;;;;;;;;;;;;;;
349494;27.05.24 23:32:00;-49,556;-1,935;-3,759;1,394;14,017;1002,116;20,673;67,860;14,245;63,910;14,720;2,432;297,461;17,887;-50,000;925;92,5;;0,0;60;12,42;17,22;;15;A27210;;;;;;;;;;;;;;;;;;;;;;;;;;;;;;;;;;;;;;;;;;;;;;;;;;;;;;;;;;;;;;;;;;;;;;;;;
349495;27.05.24 23:33:00;-48,757;-1,935;-3,781;1,316;14,035;1002,110;20,727;67,710;14,250;64,115;14,710;1,477;289,918;17,878;-50,000;925;92,5;;0,0;60;12,41;17,18;;15;A27210;;;;;;;;;;;;;;;;;;;;;;;;;;;;;;;;;;;;;;;;;;;;;;;;;;;;;;;;;;;;;;;;;;;;;;;;;
349496;27.05.24 23:34:00;-48,202;-1,935;-4,196;1,147;14,040;1002,104;21,261;68,180;14,245;64,215;14,665;1,752;301,078;17,875;-50,000;925;92,5;;0,0;60;12,41;17,22;;15;A27210;;;;;;;;;;;;;;;;;;;;;;;;;;;;;;;;;;;;;;;;;;;;;;;;;;;;;;;;;;;;;;;;;;;;;;;;;
349497;27.05.24 23:35:00;-47,831;-1,935;-3,923;1,065;14,017;1002,098;21,021;68,100;14,230;64,380;14,665;1,562;297,844;17,875;-50,000;925;92,5;;0,0;60;12,41;17,22;;15;A27210;;;;;;;;;;;;;;;;;;;;;;;;;;;;;;;;;;;;;;;;;;;;;;;;;;;;;;;;;;;;;;;;;;;;;;;;;
349498;27.05.24 23:36:00;-47,806;-1,935;-3,799;0,997;14,022;1002,095;21,324;68,190;14,235;64,805;14,660;1,440;216,647;17,872;-50,000;925;92,5;;0,0;60;12,42;17,30;;15;A27210;;;;;;;;;;;;;;;;;;;;;;;;;;;;;;;;;;;;;;;;;;;;;;;;;;;;;;;;;;;;;;;;;;;;;;;;;
349499;27.05.24 23:37:00;-46,754;-1,935;-3,937;1,042;14,022;1002,104;21,000;67,880;14,210;64,870;14,620;0,694;274,281;17,869;-50,000;925;92,5;;0,0;60;12,42;17,14;;15;A27210;;;;;;;;;;;;;;;;;;;;;;;;;;;;;;;;;;;;;;;;;;;;;;;;;;;;;;;;;;;;;;;;;;;;;;;;;
349500;27.05.24 23:38:00;-44,538;-1,935;-3,947;0,954;14,000;1002,128;20,088;68,030;14,245;65,165;14,625;1,065;208,041;17,860;-50,000;925;92,5;;0,0;60;12,42;17,38;;15;A27210;;;;;;;;;;;;;;;;;;;;;;;;;;;;;;;;;;;;;;;;;;;;;;;;;;;;;;;;;;;;;;;;;;;;;;;;;
349501;27.05.24 23:39:00;-42,605;-1,935;-3,414;0,954;14,000;1002,137;21,006;67,630;14,205;65,045;14,615;1,219;248,046;17,841;-50,000;925;92,5;;0,0;60;12,42;17,26;;15;A27210;;;;;;;;;;;;;;;;;;;;;;;;;;;;;;;;;;;;;;;;;;;;;;;;;;;;;;;;;;;;;;;;;;;;;;;;;
349502;27.05.24 23:40:00;-41,444;-1,935;-3,579;0,929;13,985;1002,137;20,772;67,980;14,240;65,250;14,600;0,860;221,034;17,854;-50,000;925;92,5;;0,0;60;12,42;17,10;;15;A27210;;;;;;;;;;;;;;;;;;;;;;;;;;;;;;;;;;;;;;;;;;;;;;;;;;;;;;;;;;;;;;;;;;;;;;;;;
349503;27.05.24 23:41:00;-40,040;-1,935;-3,553;0,890;13,987;1002,155;21,102;68,300;14,245;65,440;14,590;1,193;231,992;17,851;-50,000;925;92,5;;0,0;60;12,42;17,34;;15;A27210;;;;;;;;;;;;;;;;;;;;;;;;;;;;;;;;;;;;;;;;;;;;;;;;;;;;;;;;;;;;;;;;;;;;;;;;;
349504;27.05.24 23:42:00;-38,984;-1,935;-3,041;0,911;13,990;1002,140;20,745;67,985;14,245;65,295;14,570;1,349;230,316;17,832;-50,000;925;92,5;;0,0;60;12,42;17,26;;15;A27210;;;;;;;;;;;;;;;;;;;;;;;;;;;;;;;;;;;;;;;;;;;;;;;;;;;;;;;;;;;;;;;;;;;;;;;;;
349505;27.05.24 23:43:00;-38,664;-1,935;-2,948;0,979;13,977;1002,143;20,685;68,185;14,265;65,520;14,585;0,901;172,879;17,808;-50,000;925;92,5;;0,0;60;12,42;17,22;;15;A27210;;;;;;;;;;;;;;;;;;;;;;;;;;;;;;;;;;;;;;;;;;;;;;;;;;;;;;;;;;;;;;;;;;;;;;;;;
349506;27.05.24 23:44:00;-39,121;-1,935;-3,300;0,889;13,960;1002,116;20,991;68,215;14,250;65,475;14,580;0,907;205,543;17,792;-50,000;925;92,5;;0,0;60;12,42;17,26;;15;A27210;;;;;;;;;;;;;;;;;;;;;;;;;;;;;;;;;;;;;;;;;;;;;;;;;;;;;;;;;;;;;;;;;;;;;;;;;
349507;27.05.24 23:45:00;-40,198;-1,935;-3,130;0,829;13,962;1002,143;21,390;68,400;14,240;65,715;14,545;1,196;213,823;17,780;-50,000;925;92,5;;0,0;60;12,42;17,18;;15;A27210;;;;;;;;;;;;;;;;;;;;;;;;;;;;;;;;;;;;;;;;;;;;;;;;;;;;;;;;;;;;;;;;;;;;;;;;;
349508;27.05.24 23:46:00;-41,474;-1,935;-3,346;0,793;13,963;1002,110;21,009;68,720;14,255;66,210;14,535;1,157;187,403;17,774;-50,000;925;92,5;;0,0;60;12,42;17,26;;15;A27210;;;;;;;;;;;;;;;;;;;;;;;;;;;;;;;;;;;;;;;;;;;;;;;;;;;;;;;;;;;;;;;;;;;;;;;;;
349509;27.05.24 23:47:00;-42,645;-1,935;-3,680;0,735;13,940;1002,107;20,880;68,640;14,255;66,030;14,520;0,837;217,654;17,777;-50,000;925;92,5;;0,0;60;12,42;17,14;;15;A27210;;;;;;;;;;;;;;;;;;;;;;;;;;;;;;;;;;;;;;;;;;;;;;;;;;;;;;;;;;;;;;;;;;;;;;;;;
349510;27.05.24 23:48:00;-42,364;-1,935;-3,787;0,612;13,900;1002,104;20,172;68,070;14,260;66,090;14,485;0,550;142,920;17,774;-50,000;925;92,5;;0,0;60;12,43;17,14;;15;A27210;;;;;;;;;;;;;;;;;;;;;;;;;;;;;;;;;;;;;;;;;;;;;;;;;;;;;;;;;;;;;;;;;;;;;;;;;
349511;27.05.24 23:49:00;-41,081;-1,935;-4,261;0,400;13,883;1002,071;20,775;68,315;14,245;66,345;14,425;0,918;72,011;17,771;-50,000;925;92,5;;0,0;60;12,43;17,22;;15;A27210;;;;;;;;;;;;;;;;;;;;;;;;;;;;;;;;;;;;;;;;;;;;;;;;;;;;;;;;;;;;;;;;;;;;;;;;;
349512;27.05.24 23:50:00;-40,328;-1,935;-3,871;0,314;13,855;1002,092;20,763;68,405;14,220;66,480;14,385;0,818;154,418;17,768;-50,000;925;92,5;;0,0;60;12,42;17,18;;15;A27210;;;;;;;;;;;;;;;;;;;;;;;;;;;;;;;;;;;;;;;;;;;;;;;;;;;;;;;;;;;;;;;;;;;;;;;;;
349513;27.05.24 23:51:00;-40,219;-1,935;-3,659;0,372;13,830;1002,131;21,321;69,680;14,170;67,835;14,335;1,248;213,941;17,744;-50,000;925;92,5;;0,0;60;12,42;17,10;;15;A27210;;;;;;;;;;;;;;;;;;;;;;;;;;;;;;;;;;;;;;;;;;;;;;;;;;;;;;;;;;;;;;;;;;;;;;;;;
349514;27.05.24 23:52:00;-39,196;-1,935;-3,720;0,136;13,818;1002,158;20,625;69,880;14,170;67,845;14,275;1,059;230,738;17,731;-50,000;925;92,5;;0,0;60;12,41;17,38;;15;A27210;;;;;;;;;;;;;;;;;;;;;;;;;;;;;;;;;;;;;;;;;;;;;;;;;;;;;;;;;;;;;;;;;;;;;;;;;
349515;27.05.24 23:53:00;-38,117;-1,935;-3,689;0,086;13,787;1002,179;20,637;70,210;14,145;68,415;14,240;0,761;197,398;17,741;-50,000;925;92,5;;0,0;60;12,42;17,10;;15;A27210;;;;;;;;;;;;;;;;;;;;;;;;;;;;;;;;;;;;;;;;;;;;;;;;;;;;;;;;;;;;;;;;;;;;;;;;;
349516;27.05.24 23:54:00;-37,292;-1,935;-3,549;0,082;13,757;1002,164;20,652;70,330;14,125;68,250;14,200;0,891;174,611;17,695;-50,000;925;92,5;;0,0;60;12,42;17,10;;15;A27210;;;;;;;;;;;;;;;;;;;;;;;;;;;;;;;;;;;;;;;;;;;;;;;;;;;;;;;;;;;;;;;;;;;;;;;;;
349517;27.05.24 23:55:00;-36,891;-1,935;-2,957;0,158;13,738;1002,176;21,585;71,020;14,095;69,275;14,180;1,961;191,408;17,707;-50,000;925;92,5;;0,0;60;12,42;17,02;;15;A27210;;;;;;;;;;;;;;;;;;;;;;;;;;;;;;;;;;;;;;;;;;;;;;;;;;;;;;;;;;;;;;;;;;;;;;;;;
349518;27.05.24 23:56:00;-36,699;-1,935;-2,945;0,063;13,710;1002,170;20,922;70,780;14,055;68,820;14,105;1,403;201,521;17,692;-50,000;925;92,5;;0,0;60;12,42;17,18;;15;A27210;;;;;;;;;;;;;;;;;;;;;;;;;;;;;;;;;;;;;;;;;;;;;;;;;;;;;;;;;;;;;;;;;;;;;;;;;
349519;27.05.24 23:57:00;-37,003;-1,935;-2,551;0,162;13,702;1002,146;20,991;69,170;14,050;67,825;14,100;0,746;138,853;17,698;-50,000;925;92,5;;0,0;60;12,42;16,90;;15;A27210;;;;;;;;;;;;;;;;;;;;;;;;;;;;;;;;;;;;;;;;;;;;;;;;;;;;;;;;;;;;;;;;;;;;;;;;;
349520;27.05.24 23:58:00;-37,580;-1,935;-2,858;0,477;13,700;1002,134;20,580;69,275;14,010;67,455;14,075;0,601;244,243;17,679;-50,000;925;92,5;;0,0;60;12,41;16,94;;15;A27210;;;;;;;;;;;;;;;;;;;;;;;;;;;;;;;;;;;;;;;;;;;;;;;;;;;;;;;;;;;;;;;;;;;;;;;;;
349521;27.05.24 23:59:00;-38,332;-1,935;-3,027;0,582;13,697;1002,143;20,412;69,925;14,010;68,190;14,110;1,303;202,658;17,682;-50,000;925;92,5;;0,0;60;12,42;17,14;;15;A27210;;;;;;;;;;;;;;;;;;;;;;;;;;;;;;;;;;;;;;;;;;;;;;;;;;;;;;;;;;;;;;;;;;;;;;;;;