Geraetetyp;000
Geraetename;LT6-digi-GPRS
Beschreibung;LT6-digi-GPRS
Seriennummer;A27210
Geraetenummer;60.900.20/215
Standortname;Wetterstation-Dach
Standortnummer;56-6182
Messstellennummer;TH Parkplatz
Hochwert;0,00;[m]
Rechtswert;0,00;[m]
Messpunkthoehe MPH;0,000;[mNN]
Einhaengetiefe ETH;0,000;[m]
Ausgelesene Daten von:;769999;bis:;790000
Ausgelesen am:;15.04.2025 12:42:35;von:;user
Kanal zum Ueberwachen:;
;;;;;;;;;;;;;;;;;;;;;;;;;;;;;;;;;;;;;;;;;;;;;;;;;;;;;;;;;;;;;;;;;;;;;;;;;;;;;;;;;;;;;;;;;;;;;;;;;;;;;;;;;;;;;;;;;;;;;;;;;;;;;
Nr.;Datum / Uhrzeit;IR1 [W/m2] = m1 /E1/"800012";SR1 [W/m2] = m2 /E2/"800012";IR2 [W/m2] = m3 /E3/"800012";SR2 [W/m2] = m4 /E4/"800012";Temp [degC] = m5 /E5/"800012";Luftdruck [mbar] = m6 /E6/"190026";Bodenfeucht [vol%] = m7 /E7/"190026";Luftfeu-1 [%RH] = m8 /E8/"190026";Luftemp-1 [degC] = n5 /E13/"190027";Luftfeu-2 [%RH] = n6 /E14/"190027";Lufttemp-2 [degC] = n7 /E15/"190027";Windgeschw [m/s] = n8 /E16/"190027";Windricht [grad] = p1 /E17/"190027";Bodentemp-1 [degC] = r3 /E27/"158056";Bodentemp-2 [degC] = r4 /E28/"158056";Zaehler1 [Impulse] = e1;Regen-abs [mm] = c1=e1*0,1;Zaehler1-Differenz [Impulse] = e5;Regen-rel [mm] = c2=e5*0,1;Dauer Zählvorgang = f8;Vbatt [V] = f1;Tintern [degC] = f3;Alarmstufe = f5;Feldstärke 1 = f6;Seriennummer;;;;;;;;;;;;;;;;;;;;;;;;;;;;;;;;;;;;;;;;;;;;;;;;;;;;;;;;;;;;;;;;;;;;;;;;;
785757;23.02.25 00:00:00;-50,465;-1,935;-13,744;-0,257;8,360;1009,898;33,804;86,015;8,925;84,930;8,875;0,572;318,746;7,510;-50,000;3653;365,3;;0,0;60;12,29;7,30;;15;A27210;;;;;;;;;;;;;;;;;;;;;;;;;;;;;;;;;;;;;;;;;;;;;;;;;;;;;;;;;;;;;;;;;;;;;;;;;
785758;23.02.25 00:01:00;-51,819;-1,935;-14,103;-0,257;8,305;1009,913;33,789;86,165;8,905;85,205;8,825;0,502;324,793;7,495;-50,000;3653;365,3;;0,0;60;12,30;7,06;;15;A27210;;;;;;;;;;;;;;;;;;;;;;;;;;;;;;;;;;;;;;;;;;;;;;;;;;;;;;;;;;;;;;;;;;;;;;;;;
785759;23.02.25 00:02:00;-52,431;-1,935;-13,658;-0,257;8,252;1009,919;33,789;86,560;8,865;85,465;8,805;0,550;138,111;7,489;-50,000;3653;365,3;;0,0;60;12,31;6,87;;15;A27210;;;;;;;;;;;;;;;;;;;;;;;;;;;;;;;;;;;;;;;;;;;;;;;;;;;;;;;;;;;;;;;;;;;;;;;;;
785760;23.02.25 00:03:00;-51,965;-1,935;-13,485;-0,257;8,215;1009,955;33,795;87,235;8,815;85,645;8,730;0,491;259,864;7,471;-50,000;3653;365,3;;0,0;60;12,31;6,90;;15;A27210;;;;;;;;;;;;;;;;;;;;;;;;;;;;;;;;;;;;;;;;;;;;;;;;;;;;;;;;;;;;;;;;;;;;;;;;;
785761;23.02.25 00:04:00;-51,294;-1,935;-13,778;-0,257;8,182;1009,976;33,783;87,470;8,755;86,005;8,680;0,785;342,129;7,449;-50,000;3653;365,3;;0,0;60;12,30;6,90;;15;A27210;;;;;;;;;;;;;;;;;;;;;;;;;;;;;;;;;;;;;;;;;;;;;;;;;;;;;;;;;;;;;;;;;;;;;;;;;
785762;23.02.25 00:05:00;-50,580;-1,935;-13,922;-0,233;8,142;1010,003;33,777;87,535;8,735;86,450;8,635;0,604;338,136;7,474;-50,000;3653;365,3;;0,0;60;12,29;6,94;;15;A27210;;;;;;;;;;;;;;;;;;;;;;;;;;;;;;;;;;;;;;;;;;;;;;;;;;;;;;;;;;;;;;;;;;;;;;;;;
785763;23.02.25 00:06:00;-50,698;-1,935;-13,848;-0,250;8,105;1010,000;33,774;87,715;8,735;86,805;8,665;0,483;68,563;7,458;-50,000;3653;365,3;;0,0;60;12,32;7,22;;15;A27210;;;;;;;;;;;;;;;;;;;;;;;;;;;;;;;;;;;;;;;;;;;;;;;;;;;;;;;;;;;;;;;;;;;;;;;;;
785764;23.02.25 00:07:00;-51,623;-1,935;-13,553;-0,257;8,055;1009,991;33,780;87,285;8,670;86,970;8,610;0,504;61,470;7,459;-50,000;3653;365,3;;0,0;60;12,31;6,98;;15;A27210;;;;;;;;;;;;;;;;;;;;;;;;;;;;;;;;;;;;;;;;;;;;;;;;;;;;;;;;;;;;;;;;;;;;;;;;;
785765;23.02.25 00:08:00;-52,041;-1,935;-13,751;-0,257;7,990;1010,027;33,771;87,260;8,580;86,955;8,560;0,581;321,981;7,456;-50,000;3653;365,3;;0,0;60;12,30;7,02;;15;A27210;;;;;;;;;;;;;;;;;;;;;;;;;;;;;;;;;;;;;;;;;;;;;;;;;;;;;;;;;;;;;;;;;;;;;;;;;
785766;23.02.25 00:09:00;-48,741;-1,935;-13,602;-0,257;7,950;1010,054;33,777;87,595;8,525;87,050;8,485;0,745;322,779;7,453;-50,000;3653;365,3;;0,0;60;12,29;6,98;;15;A27210;;;;;;;;;;;;;;;;;;;;;;;;;;;;;;;;;;;;;;;;;;;;;;;;;;;;;;;;;;;;;;;;;;;;;;;;;
785767;23.02.25 00:10:00;-42,213;-1,935;-12,864;-0,232;7,915;1010,072;33,780;88,405;8,545;87,265;8,500;0,551;247,854;7,446;-50,000;3653;365,3;;0,0;60;12,30;6,75;;15;A27210;;;;;;;;;;;;;;;;;;;;;;;;;;;;;;;;;;;;;;;;;;;;;;;;;;;;;;;;;;;;;;;;;;;;;;;;;
785768;23.02.25 00:11:00;-35,173;-1,935;-12,255;-0,208;7,892;1010,075;33,780;88,630;8,560;87,515;8,490;0,510;72,248;7,452;-50,000;3653;365,3;;0,0;60;12,31;6,87;;15;A27210;;;;;;;;;;;;;;;;;;;;;;;;;;;;;;;;;;;;;;;;;;;;;;;;;;;;;;;;;;;;;;;;;;;;;;;;;
785769;23.02.25 00:12:00;-29,926;-1,935;-10,641;-0,257;7,847;1010,096;33,768;88,305;8,495;87,655;8,455;0,595;128,796;7,443;-50,000;3653;365,3;;0,0;60;12,30;6,75;;15;A27210;;;;;;;;;;;;;;;;;;;;;;;;;;;;;;;;;;;;;;;;;;;;;;;;;;;;;;;;;;;;;;;;;;;;;;;;;
785770;23.02.25 00:13:00;-29,045;-1,935;-10,060;-0,257;7,817;1010,120;33,774;88,470;8,445;87,725;8,390;0,591;224,573;7,428;-50,000;3653;365,3;;0,0;60;12,30;6,83;;15;A27210;;;;;;;;;;;;;;;;;;;;;;;;;;;;;;;;;;;;;;;;;;;;;;;;;;;;;;;;;;;;;;;;;;;;;;;;;
785771;23.02.25 00:14:00;-28,368;-1,935;-9,860;-0,257;7,805;1010,144;33,774;88,765;8,415;87,850;8,390;0,454;272,396;7,428;-50,000;3653;365,3;;0,0;60;12,29;6,87;;15;A27210;;;;;;;;;;;;;;;;;;;;;;;;;;;;;;;;;;;;;;;;;;;;;;;;;;;;;;;;;;;;;;;;;;;;;;;;;
785772;23.02.25 00:15:00;-26,967;-1,935;-9,448;-0,242;7,790;1010,156;33,771;89,065;8,410;87,955;8,365;0,513;202,011;7,434;-50,000;3653;365,3;;0,0;60;12,29;6,71;;15;A27210;;;;;;;;;;;;;;;;;;;;;;;;;;;;;;;;;;;;;;;;;;;;;;;;;;;;;;;;;;;;;;;;;;;;;;;;;
785773;23.02.25 00:16:00;-28,037;-1,935;-8,499;-0,223;7,770;1010,168;33,771;89,330;8,365;88,065;8,350;0,867;192,392;7,428;-50,000;3653;365,3;;0,0;60;12,30;6,87;;15;A27210;;;;;;;;;;;;;;;;;;;;;;;;;;;;;;;;;;;;;;;;;;;;;;;;;;;;;;;;;;;;;;;;;;;;;;;;;
785774;23.02.25 00:17:00;-30,851;-1,935;-8,562;-0,237;7,750;1010,171;33,774;89,360;8,400;88,210;8,335;0,555;118,817;7,425;-50,000;3653;365,3;;0,0;60;12,30;6,83;;15;A27210;;;;;;;;;;;;;;;;;;;;;;;;;;;;;;;;;;;;;;;;;;;;;;;;;;;;;;;;;;;;;;;;;;;;;;;;;
785775;23.02.25 00:18:00;-31,413;-1,935;-8,932;-0,256;7,740;1010,159;33,777;89,210;8,375;88,315;8,325;0,465;101,121;7,425;-50,000;3653;365,3;;0,0;60;12,30;6,63;;15;A27210;;;;;;;;;;;;;;;;;;;;;;;;;;;;;;;;;;;;;;;;;;;;;;;;;;;;;;;;;;;;;;;;;;;;;;;;;
785776;23.02.25 00:19:00;-29,669;-1,935;-9,119;-0,255;7,707;1010,171;33,786;88,985;8,355;88,445;8,275;0,446;177,300;7,422;-50,000;3653;365,3;;0,0;60;12,30;6,71;;15;A27210;;;;;;;;;;;;;;;;;;;;;;;;;;;;;;;;;;;;;;;;;;;;;;;;;;;;;;;;;;;;;;;;;;;;;;;;;
785777;23.02.25 00:20:00;-27,654;-1,935;-8,805;-0,257;7,677;1010,162;33,774;88,995;8,320;88,520;8,295;0,471;115,740;7,403;-50,000;3653;365,3;;0,0;60;12,31;6,71;;15;A27210;;;;;;;;;;;;;;;;;;;;;;;;;;;;;;;;;;;;;;;;;;;;;;;;;;;;;;;;;;;;;;;;;;;;;;;;;
785778;23.02.25 00:21:00;-24,013;-1,935;-8,312;-0,257;7,660;1010,168;33,774;88,990;8,325;88,570;8,270;0,438;108,900;7,425;-50,000;3653;365,3;;0,0;60;12,30;6,43;;15;A27210;;;;;;;;;;;;;;;;;;;;;;;;;;;;;;;;;;;;;;;;;;;;;;;;;;;;;;;;;;;;;;;;;;;;;;;;;
785779;23.02.25 00:22:00;-20,749;-1,935;-7,902;-0,257;7,620;1010,186;33,771;88,950;8,275;88,510;8,235;0,461;190,794;7,425;-50,000;3653;365,3;;0,0;60;12,30;6,43;;15;A27210;;;;;;;;;;;;;;;;;;;;;;;;;;;;;;;;;;;;;;;;;;;;;;;;;;;;;;;;;;;;;;;;;;;;;;;;;
785780;23.02.25 00:23:00;-21,046;-1,935;-7,467;-0,257;7,610;1010,183;33,774;89,090;8,275;88,515;8,230;0,705;91,474;7,403;-50,000;3653;365,3;;0,0;60;12,31;6,71;;15;A27210;;;;;;;;;;;;;;;;;;;;;;;;;;;;;;;;;;;;;;;;;;;;;;;;;;;;;;;;;;;;;;;;;;;;;;;;;
785781;23.02.25 00:24:00;-24,602;-1,935;-6,954;-0,257;7,590;1010,183;33,786;89,045;8,260;88,460;8,200;0,772;112,382;7,413;-50,000;3653;365,3;;0,0;60;12,31;6,55;;15;A27210;;;;;;;;;;;;;;;;;;;;;;;;;;;;;;;;;;;;;;;;;;;;;;;;;;;;;;;;;;;;;;;;;;;;;;;;;
785782;23.02.25 00:25:00;-29,382;-1,935;-7,133;-0,257;7,570;1010,192;33,786;88,620;8,225;88,370;8,160;0,744;143,387;7,413;-50,000;3653;365,3;;0,0;60;12,30;6,51;;15;A27210;;;;;;;;;;;;;;;;;;;;;;;;;;;;;;;;;;;;;;;;;;;;;;;;;;;;;;;;;;;;;;;;;;;;;;;;;
785783;23.02.25 00:26:00;-35,906;-1,935;-7,499;-0,257;7,535;1010,192;33,777;88,440;8,190;88,275;8,115;0,654;114,424;7,394;-50,000;3653;365,3;;0,0;60;12,30;6,35;;15;A27210;;;;;;;;;;;;;;;;;;;;;;;;;;;;;;;;;;;;;;;;;;;;;;;;;;;;;;;;;;;;;;;;;;;;;;;;;
785784;23.02.25 00:27:00;-38,467;-1,935;-7,983;-0,257;7,500;1010,207;33,780;88,170;8,135;88,130;8,055;0,751;119,301;7,422;-50,000;3653;365,3;;0,0;60;12,30;6,51;;15;A27210;;;;;;;;;;;;;;;;;;;;;;;;;;;;;;;;;;;;;;;;;;;;;;;;;;;;;;;;;;;;;;;;;;;;;;;;;
785785;23.02.25 00:28:00;-37,352;-1,935;-8,479;-0,257;7,465;1010,240;33,783;87,795;8,110;88,070;8,010;0,520;138,701;7,395;-50,000;3653;365,3;;0,0;60;12,30;6,39;;15;A27210;;;;;;;;;;;;;;;;;;;;;;;;;;;;;;;;;;;;;;;;;;;;;;;;;;;;;;;;;;;;;;;;;;;;;;;;;
785786;23.02.25 00:29:00;-35,837;-1,935;-8,941;-0,257;7,438;1010,279;33,786;87,895;8,015;88,055;7,940;0,574;309,583;7,385;-50,000;3653;365,3;;0,0;60;12,29;6,71;;15;A27210;;;;;;;;;;;;;;;;;;;;;;;;;;;;;;;;;;;;;;;;;;;;;;;;;;;;;;;;;;;;;;;;;;;;;;;;;
785787;23.02.25 00:30:00;-34,988;-1,935;-8,952;-0,257;7,412;1010,306;33,798;88,240;8,010;88,140;7,885;0,478;300,015;7,382;-50,000;3653;365,3;;0,0;60;12,28;6,47;;15;A27210;;;;;;;;;;;;;;;;;;;;;;;;;;;;;;;;;;;;;;;;;;;;;;;;;;;;;;;;;;;;;;;;;;;;;;;;;
785788;23.02.25 00:31:00;-32,619;-1,935;-8,927;-0,257;7,382;1010,315;33,798;88,910;8,035;88,355;7,890;0,443;135,512;7,376;-50,000;3653;365,3;;0,0;60;12,29;6,59;;15;A27210;;;;;;;;;;;;;;;;;;;;;;;;;;;;;;;;;;;;;;;;;;;;;;;;;;;;;;;;;;;;;;;;;;;;;;;;;
785789;23.02.25 00:32:00;-35,841;-1,935;-8,623;-0,257;7,347;1010,327;33,798;89,130;8,010;88,550;7,880;0,441;96,857;7,361;-50,000;3653;365,3;;0,0;60;12,30;6,43;;15;A27210;;;;;;;;;;;;;;;;;;;;;;;;;;;;;;;;;;;;;;;;;;;;;;;;;;;;;;;;;;;;;;;;;;;;;;;;;
785790;23.02.25 00:33:00;-40,190;-1,935;-8,851;-0,257;7,317;1010,336;33,792;89,230;7,990;88,705;7,835;0,442;90,821;7,342;-50,000;3653;365,3;;0,0;60;12,30;6,35;;15;A27210;;;;;;;;;;;;;;;;;;;;;;;;;;;;;;;;;;;;;;;;;;;;;;;;;;;;;;;;;;;;;;;;;;;;;;;;;
785791;23.02.25 00:34:00;-40,388;-1,935;-9,034;-0,257;7,283;1010,354;33,783;89,110;7,970;88,840;7,840;0,531;85,719;7,352;-50,000;3653;365,3;;0,0;60;12,30;6,11;;15;A27210;;;;;;;;;;;;;;;;;;;;;;;;;;;;;;;;;;;;;;;;;;;;;;;;;;;;;;;;;;;;;;;;;;;;;;;;;
785792;23.02.25 00:35:00;-37,059;-1,935;-8,982;-0,257;7,260;1010,372;33,792;88,870;7,930;88,905;7,810;0,543;113,282;7,333;-50,000;3653;365,3;;0,0;60;12,30;6,43;;15;A27210;;;;;;;;;;;;;;;;;;;;;;;;;;;;;;;;;;;;;;;;;;;;;;;;;;;;;;;;;;;;;;;;;;;;;;;;;
785793;23.02.25 00:36:00;-31,335;-1,935;-9,003;-0,257;7,232;1010,393;33,783;88,920;7,920;88,975;7,785;0,436;92,981;7,339;-50,000;3653;365,3;;0,0;60;12,30;6,19;;15;A27210;;;;;;;;;;;;;;;;;;;;;;;;;;;;;;;;;;;;;;;;;;;;;;;;;;;;;;;;;;;;;;;;;;;;;;;;;
785794;23.02.25 00:37:00;-25,017;-1,935;-8,609;-0,257;7,205;1010,417;33,780;88,950;7,890;89,070;7,775;0,442;80,196;7,339;-50,000;3653;365,3;;0,0;60;12,29;6,43;;15;A27210;;;;;;;;;;;;;;;;;;;;;;;;;;;;;;;;;;;;;;;;;;;;;;;;;;;;;;;;;;;;;;;;;;;;;;;;;
785795;23.02.25 00:38:00;-21,253;-1,935;-7,741;-0,257;7,175;1010,441;33,789;89,030;7,825;89,085;7,710;0,441;237,544;7,336;-50,000;3653;365,3;;0,0;60;12,28;6,47;;15;A27210;;;;;;;;;;;;;;;;;;;;;;;;;;;;;;;;;;;;;;;;;;;;;;;;;;;;;;;;;;;;;;;;;;;;;;;;;
785796;23.02.25 00:39:00;-17,867;-1,935;-7,022;-0,257;7,162;1010,459;33,783;89,445;7,820;89,190;7,705;0,526;220,534;7,333;-50,000;3653;365,3;;0,0;60;12,29;6,19;;15;A27210;;;;;;;;;;;;;;;;;;;;;;;;;;;;;;;;;;;;;;;;;;;;;;;;;;;;;;;;;;;;;;;;;;;;;;;;;
785797;23.02.25 00:40:00;-14,248;-1,935;-6,033;-0,249;7,150;1010,468;33,780;89,770;7,825;89,230;7,690;0,442;157,753;7,339;-50,000;3653;365,3;;0,0;60;12,29;6,23;;15;A27210;;;;;;;;;;;;;;;;;;;;;;;;;;;;;;;;;;;;;;;;;;;;;;;;;;;;;;;;;;;;;;;;;;;;;;;;;
785798;23.02.25 00:41:00;-10,660;-1,935;-5,093;-0,184;7,125;1010,480;33,783;90,075;7,840;89,335;7,680;0,620;134,758;7,330;-50,000;3653;365,3;;0,0;60;12,30;6,19;;15;A27210;;;;;;;;;;;;;;;;;;;;;;;;;;;;;;;;;;;;;;;;;;;;;;;;;;;;;;;;;;;;;;;;;;;;;;;;;
785799;23.02.25 00:42:00;-7,490;-1,895;-4,350;-0,073;7,155;1010,486;33,777;90,180;7,835;89,445;7,685;0,771;129,099;7,327;-50,000;3653;365,3;;0,0;60;12,30;6,15;;15;A27210;;;;;;;;;;;;;;;;;;;;;;;;;;;;;;;;;;;;;;;;;;;;;;;;;;;;;;;;;;;;;;;;;;;;;;;;;
785800;23.02.25 00:43:00;-5,424;-1,809;-3,757;-0,102;7,155;1010,504;33,777;90,100;7,815;89,570;7,650;0,574;153,366;7,327;-50,000;3653;365,3;;0,0;60;12,30;6,15;;15;A27210;;;;;;;;;;;;;;;;;;;;;;;;;;;;;;;;;;;;;;;;;;;;;;;;;;;;;;;;;;;;;;;;;;;;;;;;;
785801;23.02.25 00:44:00;-4,864;-1,626;-3,226;-0,075;7,173;1010,543;33,780;90,235;7,810;89,660;7,650;0,609;184,624;7,327;-50,000;3653;365,3;;0,0;60;12,29;6,15;;15;A27210;;;;;;;;;;;;;;;;;;;;;;;;;;;;;;;;;;;;;;;;;;;;;;;;;;;;;;;;;;;;;;;;;;;;;;;;;
785802;23.02.25 00:45:00;-4,757;-1,269;-2,718;0,165;7,188;1010,570;33,780;90,625;7,830;89,745;7,665;0,490;175,140;7,321;-50,000;3653;365,3;;0,0;60;12,29;6,27;;15;A27210;;;;;;;;;;;;;;;;;;;;;;;;;;;;;;;;;;;;;;;;;;;;;;;;;;;;;;;;;;;;;;;;;;;;;;;;;
785803;23.02.25 00:46:00;-4,510;-1,189;-2,536;0,287;7,200;1010,591;33,780;90,905;7,840;89,900;7,655;0,486;192,122;7,327;-50,000;3653;365,3;;0,0;60;12,29;6,27;;15;A27210;;;;;;;;;;;;;;;;;;;;;;;;;;;;;;;;;;;;;;;;;;;;;;;;;;;;;;;;;;;;;;;;;;;;;;;;;
785804;23.02.25 00:47:00;-4,349;-1,140;-2,452;0,314;7,207;1010,600;33,774;91,070;7,855;89,965;7,675;0,472;181,378;7,327;-50,000;3653;365,3;;0,0;60;12,29;6,23;;15;A27210;;;;;;;;;;;;;;;;;;;;;;;;;;;;;;;;;;;;;;;;;;;;;;;;;;;;;;;;;;;;;;;;;;;;;;;;;
785805;23.02.25 00:48:00;-4,103;-1,270;-2,555;0,205;7,210;1010,615;33,774;90,935;7,860;90,055;7,665;0,546;237,915;7,327;-50,000;3653;365,3;;0,0;60;12,29;5,91;;15;A27210;;;;;;;;;;;;;;;;;;;;;;;;;;;;;;;;;;;;;;;;;;;;;;;;;;;;;;;;;;;;;;;;;;;;;;;;;
785806;23.02.25 00:49:00;-3,799;-1,454;-2,593;-0,009;7,220;1010,633;33,768;90,410;7,875;90,060;7,685;0,619;179,303;7,330;-50,000;3653;365,3;;0,0;60;12,29;6,07;;15;A27210;;;;;;;;;;;;;;;;;;;;;;;;;;;;;;;;;;;;;;;;;;;;;;;;;;;;;;;;;;;;;;;;;;;;;;;;;
785807;23.02.25 00:50:00;-3,739;-1,555;-2,468;-0,109;7,217;1010,648;33,777;89,980;7,900;89,990;7,690;0,444;111,336;7,324;-50,000;3653;365,3;;0,0;60;12,30;6,03;;15;A27210;;;;;;;;;;;;;;;;;;;;;;;;;;;;;;;;;;;;;;;;;;;;;;;;;;;;;;;;;;;;;;;;;;;;;;;;;
785808;23.02.25 00:51:00;-3,740;-1,522;-2,386;-0,089;7,205;1010,663;33,771;89,890;7,880;89,915;7,665;0,435;119,081;7,327;-50,000;3653;365,3;;0,0;60;12,30;6,03;;15;A27210;;;;;;;;;;;;;;;;;;;;;;;;;;;;;;;;;;;;;;;;;;;;;;;;;;;;;;;;;;;;;;;;;;;;;;;;;
785809;23.02.25 00:52:00;-3,538;-1,569;-2,367;-0,112;7,210;1010,678;33,771;89,835;7,875;89,925;7,655;0,442;192,156;7,318;-50,000;3653;365,3;;0,0;60;12,29;5,95;;15;A27210;;;;;;;;;;;;;;;;;;;;;;;;;;;;;;;;;;;;;;;;;;;;;;;;;;;;;;;;;;;;;;;;;;;;;;;;;
785810;23.02.25 00:53:00;-3,301;-1,556;-2,240;-0,093;7,215;1010,702;33,768;89,735;7,865;89,870;7,615;0,445;273,043;7,327;-50,000;3653;365,3;;0,0;60;12,29;5,95;;15;A27210;;;;;;;;;;;;;;;;;;;;;;;;;;;;;;;;;;;;;;;;;;;;;;;;;;;;;;;;;;;;;;;;;;;;;;;;;
785811;23.02.25 00:54:00;-3,599;-1,523;-2,144;-0,056;7,213;1010,714;33,765;89,705;7,860;89,860;7,605;0,446;341,168;7,321;-50,000;3653;365,3;;0,0;60;12,28;5,87;;15;A27210;;;;;;;;;;;;;;;;;;;;;;;;;;;;;;;;;;;;;;;;;;;;;;;;;;;;;;;;;;;;;;;;;;;;;;;;;
785812;23.02.25 00:55:00;-3,467;-1,466;-2,067;-0,005;7,232;1010,714;33,771;89,715;7,875;89,920;7,585;0,459;349,504;7,324;-50,000;3653;365,3;;0,0;60;12,28;6,11;;15;A27210;;;;;;;;;;;;;;;;;;;;;;;;;;;;;;;;;;;;;;;;;;;;;;;;;;;;;;;;;;;;;;;;;;;;;;;;;
785813;23.02.25 00:56:00;-3,319;-1,389;-1,996;0,084;7,215;1010,720;33,771;89,725;7,880;89,965;7,600;0,563;326,672;7,321;-50,000;3653;365,3;;0,0;60;12,29;5,87;;15;A27210;;;;;;;;;;;;;;;;;;;;;;;;;;;;;;;;;;;;;;;;;;;;;;;;;;;;;;;;;;;;;;;;;;;;;;;;;
785814;23.02.25 00:57:00;-3,402;-1,257;-1,914;0,140;7,247;1010,723;33,756;89,740;7,870;90,055;7,620;0,757;308,835;7,318;-50,000;3653;365,3;;0,0;60;12,28;6,03;;15;A27210;;;;;;;;;;;;;;;;;;;;;;;;;;;;;;;;;;;;;;;;;;;;;;;;;;;;;;;;;;;;;;;;;;;;;;;;;
785815;23.02.25 00:58:00;-3,285;-1,064;-1,701;0,335;7,270;1010,741;33,759;89,910;7,895;90,120;7,610;0,846;306,748;7,327;-50,000;3653;365,3;;0,0;60;12,28;5,95;;15;A27210;;;;;;;;;;;;;;;;;;;;;;;;;;;;;;;;;;;;;;;;;;;;;;;;;;;;;;;;;;;;;;;;;;;;;;;;;
785816;23.02.25 00:59:00;-3,160;-0,816;-1,527;0,619;7,297;1010,747;33,759;90,290;7,905;90,375;7,605;0,930;315,478;7,300;-50,000;3653;365,3;;0,0;60;12,29;6,03;;15;A27210;;;;;;;;;;;;;;;;;;;;;;;;;;;;;;;;;;;;;;;;;;;;;;;;;;;;;;;;;;;;;;;;;;;;;;;;;
785817;23.02.25 01:00:00;-3,197;-0,524;-1,388;0,955;7,342;1010,768;33,765;90,660;7,935;90,610;7,620;0,830;306,129;7,315;-50,000;3653;365,3;;0,0;60;12,28;5,87;;15;A27210;;;;;;;;;;;;;;;;;;;;;;;;;;;;;;;;;;;;;;;;;;;;;;;;;;;;;;;;;;;;;;;;;;;;;;;;;
785818;23.02.25 01:01:00;-3,189;-0,400;-1,326;1,076;7,397;1010,777;33,768;90,865;7,955;90,870;7,640;0,721;301,359;7,312;-50,000;3653;365,3;;0,0;60;12,28;6,07;;15;A27210;;;;;;;;;;;;;;;;;;;;;;;;;;;;;;;;;;;;;;;;;;;;;;;;;;;;;;;;;;;;;;;;;;;;;;;;;
785819;23.02.25 01:02:00;-3,034;-0,387;-1,248;1,136;7,415;1010,798;33,771;91,165;8,015;91,070;7,710;0,505;263,008;7,306;-50,000;3653;365,3;;0,0;60;12,28;5,91;;15;A27210;;;;;;;;;;;;;;;;;;;;;;;;;;;;;;;;;;;;;;;;;;;;;;;;;;;;;;;;;;;;;;;;;;;;;;;;;
785820;23.02.25 01:03:00;-3,060;-0,184;-1,229;1,299;7,455;1010,822;33,771;91,445;8,040;91,195;7,730;0,704;299,194;7,309;-50,000;3653;365,3;;0,0;60;12,28;6,03;;15;A27210;;;;;;;;;;;;;;;;;;;;;;;;;;;;;;;;;;;;;;;;;;;;;;;;;;;;;;;;;;;;;;;;;;;;;;;;;
785821;23.02.25 01:04:00;-3,211;0,011;-1,323;1,551;7,508;1010,834;33,771;91,625;8,125;91,375;7,790;0,640;274,815;7,309;-50,000;3653;365,3;;0,0;60;12,29;5,83;;15;A27210;;;;;;;;;;;;;;;;;;;;;;;;;;;;;;;;;;;;;;;;;;;;;;;;;;;;;;;;;;;;;;;;;;;;;;;;;
785822;23.02.25 01:05:00;-3,303;0,115;-1,316;1,678;7,552;1010,834;33,777;91,620;8,145;91,465;7,855;0,680;266,687;7,318;-50,000;3653;365,3;;0,0;60;12,29;6,11;;15;A27210;;;;;;;;;;;;;;;;;;;;;;;;;;;;;;;;;;;;;;;;;;;;;;;;;;;;;;;;;;;;;;;;;;;;;;;;;
785823;23.02.25 01:06:00;-4,023;0,209;-1,379;1,935;7,602;1010,840;33,771;91,680;8,220;91,620;7,900;0,841;203,006;7,297;-50,000;3653;365,3;;0,0;60;12,29;6,31;;15;A27210;;;;;;;;;;;;;;;;;;;;;;;;;;;;;;;;;;;;;;;;;;;;;;;;;;;;;;;;;;;;;;;;;;;;;;;;;
785824;23.02.25 01:07:00;-4,488;-0,062;-1,672;1,734;7,670;1010,837;33,789;91,320;8,265;91,600;7,985;1,137;192,988;7,294;-50,000;3653;365,3;;0,0;60;12,29;6,23;;15;A27210;;;;;;;;;;;;;;;;;;;;;;;;;;;;;;;;;;;;;;;;;;;;;;;;;;;;;;;;;;;;;;;;;;;;;;;;;
785825;23.02.25 01:08:00;-4,484;-0,305;-1,982;1,391;7,690;1010,837;33,786;90,770;8,295;91,585;8,020;1,004;197,078;7,294;-50,000;3653;365,3;;0,0;60;12,29;6,07;;15;A27210;;;;;;;;;;;;;;;;;;;;;;;;;;;;;;;;;;;;;;;;;;;;;;;;;;;;;;;;;;;;;;;;;;;;;;;;;
785826;23.02.25 01:09:00;-4,790;-0,643;-2,147;1,069;7,722;1010,852;33,783;90,320;8,335;91,445;8,045;0,826;195,278;7,309;-50,000;3653;365,3;;0,0;60;12,29;5,99;;15;A27210;;;;;;;;;;;;;;;;;;;;;;;;;;;;;;;;;;;;;;;;;;;;;;;;;;;;;;;;;;;;;;;;;;;;;;;;;
785827;23.02.25 01:10:00;-5,331;-0,864;-2,279;0,855;7,735;1010,849;33,789;90,070;8,370;91,340;8,100;0,966;192,116;7,306;-50,000;3653;365,3;;0,0;60;12,29;6,31;;15;A27210;;;;;;;;;;;;;;;;;;;;;;;;;;;;;;;;;;;;;;;;;;;;;;;;;;;;;;;;;;;;;;;;;;;;;;;;;
785828;23.02.25 01:11:00;-5,721;-1,051;-2,499;0,627;7,773;1010,846;33,783;89,780;8,375;91,160;8,125;0,959;183,791;7,309;-50,000;3653;365,3;;0,0;60;12,29;6,15;;15;A27210;;;;;;;;;;;;;;;;;;;;;;;;;;;;;;;;;;;;;;;;;;;;;;;;;;;;;;;;;;;;;;;;;;;;;;;;;
785829;23.02.25 01:12:00;-6,189;-1,228;-2,564;0,443;7,773;1010,834;33,786;89,555;8,430;90,965;8,125;0,836;181,266;7,309;-50,000;3653;365,3;;0,0;60;12,29;6,11;;15;A27210;;;;;;;;;;;;;;;;;;;;;;;;;;;;;;;;;;;;;;;;;;;;;;;;;;;;;;;;;;;;;;;;;;;;;;;;;
785830;23.02.25 01:13:00;-6,397;-1,355;-2,678;0,293;7,782;1010,831;33,789;89,465;8,400;90,825;8,140;0,502;233,623;7,309;-50,000;3653;365,3;;0,0;60;12,29;6,31;;15;A27210;;;;;;;;;;;;;;;;;;;;;;;;;;;;;;;;;;;;;;;;;;;;;;;;;;;;;;;;;;;;;;;;;;;;;;;;;
785831;23.02.25 01:14:00;-6,605;-1,426;-2,785;0,296;7,802;1010,864;33,783;89,390;8,405;90,665;8,135;0,804;342,557;7,300;-50,000;3653;365,3;;0,0;60;12,28;6,31;;15;A27210;;;;;;;;;;;;;;;;;;;;;;;;;;;;;;;;;;;;;;;;;;;;;;;;;;;;;;;;;;;;;;;;;;;;;;;;;
785832;23.02.25 01:15:00;-6,689;-1,264;-2,816;0,508;7,792;1010,903;33,762;89,435;8,430;90,565;8,125;0,853;312,863;7,303;-50,000;3653;365,3;;0,0;60;12,28;6,47;;15;A27210;;;;;;;;;;;;;;;;;;;;;;;;;;;;;;;;;;;;;;;;;;;;;;;;;;;;;;;;;;;;;;;;;;;;;;;;;
785833;23.02.25 01:16:00;-6,825;-1,105;-2,648;0,708;7,843;1010,936;33,771;89,625;8,445;90,585;8,130;1,037;347,715;7,303;-50,000;3653;365,3;;0,0;60;12,28;6,43;;15;A27210;;;;;;;;;;;;;;;;;;;;;;;;;;;;;;;;;;;;;;;;;;;;;;;;;;;;;;;;;;;;;;;;;;;;;;;;;
785834;23.02.25 01:17:00;-7,217;-0,751;-2,588;1,221;7,890;1010,957;33,789;89,945;8,485;90,750;8,170;0,859;348,491;7,324;-50,000;3653;365,3;;0,0;60;12,27;6,43;;15;A27210;;;;;;;;;;;;;;;;;;;;;;;;;;;;;;;;;;;;;;;;;;;;;;;;;;;;;;;;;;;;;;;;;;;;;;;;;
785835;23.02.25 01:18:00;-7,389;-0,833;-2,544;1,260;7,915;1010,966;33,777;89,930;8,535;90,770;8,175;1,010;328,168;7,303;-50,000;3653;365,3;;0,0;60;12,28;6,35;;15;A27210;;;;;;;;;;;;;;;;;;;;;;;;;;;;;;;;;;;;;;;;;;;;;;;;;;;;;;;;;;;;;;;;;;;;;;;;;
785836;23.02.25 01:19:00;-7,652;-0,698;-2,323;1,453;7,963;1010,978;33,774;89,995;8,565;90,815;8,230;0,936;335,053;7,318;-50,000;3653;365,3;;0,0;60;12,28;6,27;;15;A27210;;;;;;;;;;;;;;;;;;;;;;;;;;;;;;;;;;;;;;;;;;;;;;;;;;;;;;;;;;;;;;;;;;;;;;;;;
785837;23.02.25 01:20:00;-8,115;-0,513;-2,137;1,644;8,020;1010,999;33,774;90,020;8,605;90,950;8,250;1,146;320,563;7,309;-50,000;3653;365,3;;0,0;60;12,28;6,55;;15;A27210;;;;;;;;;;;;;;;;;;;;;;;;;;;;;;;;;;;;;;;;;;;;;;;;;;;;;;;;;;;;;;;;;;;;;;;;;
785838;23.02.25 01:21:00;-8,662;-0,259;-2,503;1,903;8,085;1010,999;33,777;89,940;8,675;90,965;8,320;1,043;315,703;7,312;-50,000;3653;365,3;;0,0;60;12,28;6,43;;15;A27210;;;;;;;;;;;;;;;;;;;;;;;;;;;;;;;;;;;;;;;;;;;;;;;;;;;;;;;;;;;;;;;;;;;;;;;;;
785839;23.02.25 01:22:00;-9,458;-0,255;-2,790;1,860;8,132;1010,978;33,768;89,750;8,715;90,840;8,360;0,561;346,247;7,312;-50,000;3653;365,3;;0,0;60;12,28;6,35;;15;A27210;;;;;;;;;;;;;;;;;;;;;;;;;;;;;;;;;;;;;;;;;;;;;;;;;;;;;;;;;;;;;;;;;;;;;;;;;
785840;23.02.25 01:23:00;-11,072;-0,587;-3,115;1,592;8,165;1010,960;33,771;89,560;8,785;90,780;8,415;1,144;264,386;7,291;-50,000;3653;365,3;;0,0;60;12,28;6,59;;15;A27210;;;;;;;;;;;;;;;;;;;;;;;;;;;;;;;;;;;;;;;;;;;;;;;;;;;;;;;;;;;;;;;;;;;;;;;;;
785841;23.02.25 01:24:00;-12,569;-0,501;-3,046;1,910;8,222;1010,966;33,762;89,360;8,830;90,710;8,475;0,857;304,436;7,312;-50,000;3653;365,3;;0,0;60;12,28;6,59;;15;A27210;;;;;;;;;;;;;;;;;;;;;;;;;;;;;;;;;;;;;;;;;;;;;;;;;;;;;;;;;;;;;;;;;;;;;;;;;
785842;23.02.25 01:25:00;-12,705;-0,553;-3,510;1,884;8,278;1010,987;33,768;88,965;8,925;90,570;8,550;0,865;211,472;7,312;-50,000;3653;365,3;;0,0;60;12,29;6,75;;15;A27210;;;;;;;;;;;;;;;;;;;;;;;;;;;;;;;;;;;;;;;;;;;;;;;;;;;;;;;;;;;;;;;;;;;;;;;;;
785843;23.02.25 01:26:00;-11,433;-0,780;-3,912;1,556;8,297;1010,987;33,771;88,565;8,960;90,410;8,610;0,680;231,953;7,324;-50,000;3653;365,3;;0,0;60;12,29;6,63;;15;A27210;;;;;;;;;;;;;;;;;;;;;;;;;;;;;;;;;;;;;;;;;;;;;;;;;;;;;;;;;;;;;;;;;;;;;;;;;
785844;23.02.25 01:27:00;-10,281;-0,965;-3,785;1,325;8,323;1010,999;33,801;88,170;8,985;90,260;8,640;0,826;230,293;7,315;-50,000;3653;365,3;;0,0;60;12,28;6,67;;15;A27210;;;;;;;;;;;;;;;;;;;;;;;;;;;;;;;;;;;;;;;;;;;;;;;;;;;;;;;;;;;;;;;;;;;;;;;;;
785845;23.02.25 01:28:00;-9,440;-0,912;-3,620;1,337;8,355;1011,020;33,807;87,960;9,050;90,000;8,725;0,688;229,776;7,309;-50,000;3653;365,3;;0,0;60;12,29;6,47;;15;A27210;;;;;;;;;;;;;;;;;;;;;;;;;;;;;;;;;;;;;;;;;;;;;;;;;;;;;;;;;;;;;;;;;;;;;;;;;
785846;23.02.25 01:29:00;-9,252;-0,963;-3,650;1,206;8,368;1011,029;33,804;87,740;9,080;89,845;8,745;0,711;200,222;7,312;-50,000;3653;365,3;;0,0;60;12,29;6,67;;15;A27210;;;;;;;;;;;;;;;;;;;;;;;;;;;;;;;;;;;;;;;;;;;;;;;;;;;;;;;;;;;;;;;;;;;;;;;;;
785847;23.02.25 01:30:00;-9,443;-1,051;-3,854;1,019;8,395;1011,053;33,801;87,490;9,115;89,615;8,760;0,707;202,438;7,309;-50,000;3653;365,3;;0,0;60;12,29;6,55;;15;A27210;;;;;;;;;;;;;;;;;;;;;;;;;;;;;;;;;;;;;;;;;;;;;;;;;;;;;;;;;;;;;;;;;;;;;;;;;
785848;23.02.25 01:31:00;-9,375;-1,334;-4,055;0,695;8,407;1011,056;33,798;87,135;9,125;89,475;8,805;0,479;257,153;7,312;-50,000;3653;365,3;;0,0;60;12,28;6,71;;15;A27210;;;;;;;;;;;;;;;;;;;;;;;;;;;;;;;;;;;;;;;;;;;;;;;;;;;;;;;;;;;;;;;;;;;;;;;;;
785849;23.02.25 01:32:00;-9,275;-1,326;-4,253;0,566;8,425;1011,071;33,801;86,990;9,180;89,290;8,840;0,578;143,933;7,312;-50,000;3653;365,3;;0,0;60;12,30;6,59;;15;A27210;;;;;;;;;;;;;;;;;;;;;;;;;;;;;;;;;;;;;;;;;;;;;;;;;;;;;;;;;;;;;;;;;;;;;;;;;
785850;23.02.25 01:33:00;-9,361;-1,418;-4,561;0,502;8,403;1011,068;33,792;86,750;9,160;88,975;8,810;0,532;336,015;7,312;-50,000;3653;365,3;;0,0;60;12,29;6,75;;15;A27210;;;;;;;;;;;;;;;;;;;;;;;;;;;;;;;;;;;;;;;;;;;;;;;;;;;;;;;;;;;;;;;;;;;;;;;;;
785851;23.02.25 01:34:00;-9,341;-1,531;-4,683;0,339;8,427;1011,068;33,792;86,635;9,175;88,825;8,840;0,463;281,019;7,321;-50,000;3653;365,3;;0,0;60;12,28;6,75;;15;A27210;;;;;;;;;;;;;;;;;;;;;;;;;;;;;;;;;;;;;;;;;;;;;;;;;;;;;;;;;;;;;;;;;;;;;;;;;
785852;23.02.25 01:35:00;-9,373;-1,599;-4,671;0,262;8,425;1011,065;33,789;86,610;9,210;88,770;8,850;0,438;182,841;7,327;-50,000;3653;365,3;;0,0;60;12,29;6,98;;15;A27210;;;;;;;;;;;;;;;;;;;;;;;;;;;;;;;;;;;;;;;;;;;;;;;;;;;;;;;;;;;;;;;;;;;;;;;;;
785853;23.02.25 01:36:00;-9,638;-1,587;-4,867;0,237;8,417;1011,071;33,786;86,645;9,215;88,650;8,860;0,469;177,491;7,315;-50,000;3653;365,3;;0,0;60;12,29;6,79;;15;A27210;;;;;;;;;;;;;;;;;;;;;;;;;;;;;;;;;;;;;;;;;;;;;;;;;;;;;;;;;;;;;;;;;;;;;;;;;
785854;23.02.25 01:37:00;-9,736;-1,666;-4,924;0,152;8,427;1011,095;33,792;86,560;9,210;88,545;8,860;0,449;208,451;7,315;-50,000;3653;365,3;;0,0;60;12,28;6,83;;15;A27210;;;;;;;;;;;;;;;;;;;;;;;;;;;;;;;;;;;;;;;;;;;;;;;;;;;;;;;;;;;;;;;;;;;;;;;;;
785855;23.02.25 01:38:00;-9,949;-1,788;-5,111;0,015;8,415;1011,116;33,798;86,505;9,205;88,470;8,875;0,443;163,783;7,309;-50,000;3653;365,3;;0,0;60;12,29;6,83;;15;A27210;;;;;;;;;;;;;;;;;;;;;;;;;;;;;;;;;;;;;;;;;;;;;;;;;;;;;;;;;;;;;;;;;;;;;;;;;
785856;23.02.25 01:39:00;-9,875;-1,901;-4,961;-0,100;8,413;1011,137;33,807;86,340;9,235;88,385;8,865;0,527;106,864;7,315;-50,000;3653;365,3;;0,0;60;12,30;6,83;;15;A27210;;;;;;;;;;;;;;;;;;;;;;;;;;;;;;;;;;;;;;;;;;;;;;;;;;;;;;;;;;;;;;;;;;;;;;;;;
785857;23.02.25 01:40:00;-10,081;-1,906;-5,048;-0,125;8,407;1011,161;33,807;86,230;9,210;88,270;8,890;0,443;105,249;7,321;-50,000;3653;365,3;;0,0;60;12,29;6,79;;15;A27210;;;;;;;;;;;;;;;;;;;;;;;;;;;;;;;;;;;;;;;;;;;;;;;;;;;;;;;;;;;;;;;;;;;;;;;;;
785858;23.02.25 01:41:00;-10,366;-1,935;-5,214;-0,232;8,400;1011,164;33,804;86,155;9,210;88,180;8,885;0,449;105,233;7,315;-50,000;3653;365,3;;0,0;60;12,29;6,90;;15;A27210;;;;;;;;;;;;;;;;;;;;;;;;;;;;;;;;;;;;;;;;;;;;;;;;;;;;;;;;;;;;;;;;;;;;;;;;;
785859;23.02.25 01:42:00;-10,749;-1,935;-5,245;-0,257;8,385;1011,164;33,804;86,065;9,190;88,040;8,880;0,724;109,789;7,299;-50,000;3653;365,3;;0,0;60;12,30;6,79;;15;A27210;;;;;;;;;;;;;;;;;;;;;;;;;;;;;;;;;;;;;;;;;;;;;;;;;;;;;;;;;;;;;;;;;;;;;;;;;
785860;23.02.25 01:43:00;-11,113;-1,935;-4,945;-0,257;8,380;1011,158;33,819;85,985;9,150;87,765;8,845;0,727;104,327;7,324;-50,000;3653;365,3;;0,0;60;12,30;6,94;;15;A27210;;;;;;;;;;;;;;;;;;;;;;;;;;;;;;;;;;;;;;;;;;;;;;;;;;;;;;;;;;;;;;;;;;;;;;;;;
785861;23.02.25 01:44:00;-11,021;-1,935;-4,928;-0,257;8,355;1011,170;33,810;86,050;9,130;87,565;8,825;0,959;120,994;7,315;-50,000;3653;365,3;;0,0;60;12,30;6,71;;15;A27210;;;;;;;;;;;;;;;;;;;;;;;;;;;;;;;;;;;;;;;;;;;;;;;;;;;;;;;;;;;;;;;;;;;;;;;;;
785862;23.02.25 01:45:00;-10,393;-1,935;-4,813;-0,257;8,347;1011,176;33,810;86,020;9,080;87,440;8,775;1,043;116,286;7,324;-50,000;3653;365,3;;0,0;60;12,30;6,87;;15;A27210;;;;;;;;;;;;;;;;;;;;;;;;;;;;;;;;;;;;;;;;;;;;;;;;;;;;;;;;;;;;;;;;;;;;;;;;;
785863;23.02.25 01:46:00;-9,989;-1,935;-4,777;-0,257;8,330;1011,179;33,804;86,060;9,045;87,385;8,735;1,038;101,981;7,321;-50,000;3653;365,3;;0,0;60;12,30;6,75;;15;A27210;;;;;;;;;;;;;;;;;;;;;;;;;;;;;;;;;;;;;;;;;;;;;;;;;;;;;;;;;;;;;;;;;;;;;;;;;
785864;23.02.25 01:47:00;-9,801;-1,935;-4,654;-0,257;8,325;1011,185;33,801;86,275;8,985;87,355;8,690;1,050;116,663;7,324;-50,000;3653;365,3;;0,0;60;12,30;7,02;;15;A27210;;;;;;;;;;;;;;;;;;;;;;;;;;;;;;;;;;;;;;;;;;;;;;;;;;;;;;;;;;;;;;;;;;;;;;;;;
785865;23.02.25 01:48:00;-9,859;-1,935;-4,555;-0,257;8,307;1011,179;33,804;86,455;8,950;87,405;8,620;0,929;114,384;7,321;-50,000;3653;365,3;;0,0;60;12,30;6,83;;15;A27210;;;;;;;;;;;;;;;;;;;;;;;;;;;;;;;;;;;;;;;;;;;;;;;;;;;;;;;;;;;;;;;;;;;;;;;;;
785866;23.02.25 01:49:00;-10,109;-1,935;-4,461;-0,257;8,295;1011,179;33,801;86,735;8,905;87,630;8,595;1,236;105,975;7,315;-50,000;3653;365,3;;0,0;60;12,30;6,63;;15;A27210;;;;;;;;;;;;;;;;;;;;;;;;;;;;;;;;;;;;;;;;;;;;;;;;;;;;;;;;;;;;;;;;;;;;;;;;;
785867;23.02.25 01:50:00;-10,982;-1,935;-4,590;-0,257;8,280;1011,161;33,804;86,840;8,880;87,785;8,560;1,042;87,092;7,324;-50,000;3653;365,3;;0,0;60;12,30;6,67;;15;A27210;;;;;;;;;;;;;;;;;;;;;;;;;;;;;;;;;;;;;;;;;;;;;;;;;;;;;;;;;;;;;;;;;;;;;;;;;
785868;23.02.25 01:51:00;-12,774;-1,935;-4,689;-0,257;8,265;1011,158;33,816;87,040;8,840;87,950;8,500;1,025;97,189;7,321;-50,000;3653;365,3;;0,0;60;12,30;6,90;;15;A27210;;;;;;;;;;;;;;;;;;;;;;;;;;;;;;;;;;;;;;;;;;;;;;;;;;;;;;;;;;;;;;;;;;;;;;;;;
785869;23.02.25 01:52:00;-15,824;-1,935;-4,847;-0,257;8,255;1011,170;33,819;87,335;8,820;88,145;8,460;0,789;134,100;7,327;-50,000;3653;365,3;;0,0;60;12,29;6,83;;15;A27210;;;;;;;;;;;;;;;;;;;;;;;;;;;;;;;;;;;;;;;;;;;;;;;;;;;;;;;;;;;;;;;;;;;;;;;;;
785870;23.02.25 01:53:00;-21,597;-1,935;-4,757;-0,185;8,238;1011,185;33,807;87,795;8,800;88,410;8,440;0,800;42,216;7,333;-50,000;3653;365,3;;0,0;60;12,30;6,83;;15;A27210;;;;;;;;;;;;;;;;;;;;;;;;;;;;;;;;;;;;;;;;;;;;;;;;;;;;;;;;;;;;;;;;;;;;;;;;;
785871;23.02.25 01:54:00;-30,114;-1,935;-5,094;-0,038;8,255;1011,191;33,801;87,950;8,795;88,630;8,430;1,268;86,063;7,321;-50,000;3653;365,3;;0,0;60;12,30;6,67;;15;A27210;;;;;;;;;;;;;;;;;;;;;;;;;;;;;;;;;;;;;;;;;;;;;;;;;;;;;;;;;;;;;;;;;;;;;;;;;
785872;23.02.25 01:55:00;-39,831;-1,935;-6,070;0,280;8,235;1011,215;33,804;88,155;8,795;88,950;8,420;0,601;143,786;7,327;-50,000;3653;365,3;;0,0;60;12,29;6,67;;15;A27210;;;;;;;;;;;;;;;;;;;;;;;;;;;;;;;;;;;;;;;;;;;;;;;;;;;;;;;;;;;;;;;;;;;;;;;;;
785873;23.02.25 01:56:00;-47,202;-1,935;-8,158;0,335;8,230;1011,269;33,786;88,065;8,755;89,055;8,415;0,507;263,751;7,327;-50,000;3653;365,3;;0,0;60;12,28;6,67;;15;A27210;;;;;;;;;;;;;;;;;;;;;;;;;;;;;;;;;;;;;;;;;;;;;;;;;;;;;;;;;;;;;;;;;;;;;;;;;
785874;23.02.25 01:57:00;-50,937;-1,935;-9,614;0,343;8,225;1011,305;33,774;87,985;8,775;89,140;8,405;0,497;281,767;7,312;-50,000;3653;365,3;;0,0;60;12,29;6,94;;15;A27210;;;;;;;;;;;;;;;;;;;;;;;;;;;;;;;;;;;;;;;;;;;;;;;;;;;;;;;;;;;;;;;;;;;;;;;;;
785875;23.02.25 01:58:00;-52,430;-1,935;-9,703;0,205;8,198;1011,335;33,765;87,865;8,785;89,170;8,420;0,902;193,793;7,327;-50,000;3653;365,3;;0,0;60;12,29;6,75;;15;A27210;;;;;;;;;;;;;;;;;;;;;;;;;;;;;;;;;;;;;;;;;;;;;;;;;;;;;;;;;;;;;;;;;;;;;;;;;
785876;23.02.25 01:59:00;-52,524;-1,935;-9,191;0,157;8,167;1011,350;33,759;87,885;8,770;89,225;8,445;0,915;207,309;7,318;-50,000;3653;365,3;;0,0;60;12,29;6,67;;15;A27210;;;;;;;;;;;;;;;;;;;;;;;;;;;;;;;;;;;;;;;;;;;;;;;;;;;;;;;;;;;;;;;;;;;;;;;;;
785877;23.02.25 02:00:00;-51,528;-1,935;-9,242;0,147;8,160;1011,368;33,765;87,575;8,785;89,210;8,450;1,170;196,014;7,321;-50,000;3653;365,3;;0,0;60;12,29;6,79;;15;A27210;;;;;;;;;;;;;;;;;;;;;;;;;;;;;;;;;;;;;;;;;;;;;;;;;;;;;;;;;;;;;;;;;;;;;;;;;
785878;23.02.25 02:01:00;-49,542;-1,935;-8,534;0,202;8,153;1011,362;33,753;87,505;8,780;89,145;8,465;1,257;194,018;7,324;-50,000;3653;365,3;;0,0;60;12,28;6,83;;15;A27210;;;;;;;;;;;;;;;;;;;;;;;;;;;;;;;;;;;;;;;;;;;;;;;;;;;;;;;;;;;;;;;;;;;;;;;;;
785879;23.02.25 02:02:00;-45,761;-1,935;-9,185;-0,096;8,107;1011,368;33,756;87,085;8,750;88,950;8,445;0,946;201,831;7,318;-50,000;3653;365,3;;0,0;60;12,28;6,79;;15;A27210;;;;;;;;;;;;;;;;;;;;;;;;;;;;;;;;;;;;;;;;;;;;;;;;;;;;;;;;;;;;;;;;;;;;;;;;;
785880;23.02.25 02:03:00;-39,176;-1,935;-9,997;-0,257;8,070;1011,383;33,759;86,685;8,725;88,770;8,435;0,601;212,186;7,321;-50,000;3653;365,3;;0,0;60;12,29;6,75;;15;A27210;;;;;;;;;;;;;;;;;;;;;;;;;;;;;;;;;;;;;;;;;;;;;;;;;;;;;;;;;;;;;;;;;;;;;;;;;
785881;23.02.25 02:04:00;-30,837;-1,935;-9,998;-0,257;8,030;1011,401;33,756;86,845;8,655;88,620;8,385;0,452;303,879;7,321;-50,000;3653;365,3;;0,0;60;12,28;6,98;;15;A27210;;;;;;;;;;;;;;;;;;;;;;;;;;;;;;;;;;;;;;;;;;;;;;;;;;;;;;;;;;;;;;;;;;;;;;;;;
785882;23.02.25 02:05:00;-23,244;-1,935;-9,238;-0,257;8,007;1011,449;33,762;87,070;8,615;88,510;8,365;0,625;340,037;7,303;-50,000;3653;365,3;;0,0;60;12,27;7,18;;15;A27210;;;;;;;;;;;;;;;;;;;;;;;;;;;;;;;;;;;;;;;;;;;;;;;;;;;;;;;;;;;;;;;;;;;;;;;;;
785883;23.02.25 02:06:00;-17,924;-1,935;-8,171;-0,257;7,975;1011,476;33,768;87,330;8,620;88,470;8,340;0,778;183,651;7,327;-50,000;3653;365,3;;0,0;60;12,29;6,75;;15;A27210;;;;;;;;;;;;;;;;;;;;;;;;;;;;;;;;;;;;;;;;;;;;;;;;;;;;;;;;;;;;;;;;;;;;;;;;;
785884;23.02.25 02:07:00;-14,913;-1,935;-7,292;-0,189;7,975;1011,488;33,756;87,760;8,620;88,660;8,345;0,887;178,037;7,321;-50,000;3653;365,3;;0,0;60;12,28;6,55;;15;A27210;;;;;;;;;;;;;;;;;;;;;;;;;;;;;;;;;;;;;;;;;;;;;;;;;;;;;;;;;;;;;;;;;;;;;;;;;
785885;23.02.25 02:08:00;-13,120;-1,935;-6,853;-0,014;7,972;1011,506;33,762;88,075;8,565;88,765;8,265;0,490;351,574;7,315;-50,000;3653;365,3;;0,0;60;12,28;6,59;;15;A27210;;;;;;;;;;;;;;;;;;;;;;;;;;;;;;;;;;;;;;;;;;;;;;;;;;;;;;;;;;;;;;;;;;;;;;;;;
785886;23.02.25 02:09:00;-12,207;-1,935;-6,409;-0,051;7,957;1011,503;33,768;88,300;8,600;88,935;8,350;0,445;97,211;7,315;-50,000;3653;365,3;;0,0;60;12,29;6,79;;15;A27210;;;;;;;;;;;;;;;;;;;;;;;;;;;;;;;;;;;;;;;;;;;;;;;;;;;;;;;;;;;;;;;;;;;;;;;;;
785887;23.02.25 02:10:00;-11,601;-1,935;-5,999;-0,074;7,962;1011,500;33,765;88,475;8,595;88,990;8,335;0,510;61,734;7,315;-50,000;3653;365,3;;0,0;60;12,29;6,51;;15;A27210;;;;;;;;;;;;;;;;;;;;;;;;;;;;;;;;;;;;;;;;;;;;;;;;;;;;;;;;;;;;;;;;;;;;;;;;;
785888;23.02.25 02:11:00;-11,353;-1,935;-5,868;-0,094;7,947;1011,515;33,768;88,525;8,555;89,015;8,285;0,459;234,219;7,312;-50,000;3653;365,3;;0,0;60;12,29;6,75;;15;A27210;;;;;;;;;;;;;;;;;;;;;;;;;;;;;;;;;;;;;;;;;;;;;;;;;;;;;;;;;;;;;;;;;;;;;;;;;
785889;23.02.25 02:12:00;-10,873;-1,902;-5,796;-0,046;7,950;1011,536;33,768;88,490;8,535;89,125;8,285;0,608;274,545;7,294;-50,000;3653;365,3;;0,0;60;12,28;6,67;;15;A27210;;;;;;;;;;;;;;;;;;;;;;;;;;;;;;;;;;;;;;;;;;;;;;;;;;;;;;;;;;;;;;;;;;;;;;;;;
785890;23.02.25 02:13:00;-10,730;-1,786;-5,450;0,070;7,965;1011,554;33,768;88,560;8,555;89,140;8,285;0,640;232,706;7,312;-50,000;3653;365,3;;0,0;60;12,29;6,51;;15;A27210;;;;;;;;;;;;;;;;;;;;;;;;;;;;;;;;;;;;;;;;;;;;;;;;;;;;;;;;;;;;;;;;;;;;;;;;;
785891;23.02.25 02:14:00;-10,429;-1,707;-5,134;0,153;7,972;1011,578;33,774;88,625;8,570;89,225;8,290;0,636;204,525;7,327;-50,000;3653;365,3;;0,0;60;12,29;6,51;;15;A27210;;;;;;;;;;;;;;;;;;;;;;;;;;;;;;;;;;;;;;;;;;;;;;;;;;;;;;;;;;;;;;;;;;;;;;;;;
785892;23.02.25 02:15:00;-10,753;-1,677;-5,023;0,191;7,970;1011,593;33,768;88,680;8,560;89,330;8,265;0,475;263,233;7,306;-50,000;3653;365,3;;0,0;60;12,28;6,55;;15;A27210;;;;;;;;;;;;;;;;;;;;;;;;;;;;;;;;;;;;;;;;;;;;;;;;;;;;;;;;;;;;;;;;;;;;;;;;;
785893;23.02.25 02:16:00;-11,330;-1,898;-5,156;-0,045;7,982;1011,635;33,768;88,500;8,530;89,300;8,275;0,735;325,614;7,309;-50,000;3653;365,3;;0,0;60;12,28;6,63;;15;A27210;;;;;;;;;;;;;;;;;;;;;;;;;;;;;;;;;;;;;;;;;;;;;;;;;;;;;;;;;;;;;;;;;;;;;;;;;
785894;23.02.25 02:17:00;-11,705;-1,813;-5,052;0,051;7,975;1011,671;33,780;88,495;8,550;89,315;8,275;0,848;266,794;7,303;-50,000;3653;365,3;;0,0;60;12,28;6,43;;15;A27210;;;;;;;;;;;;;;;;;;;;;;;;;;;;;;;;;;;;;;;;;;;;;;;;;;;;;;;;;;;;;;;;;;;;;;;;;
785895;23.02.25 02:18:00;-11,580;-1,605;-4,607;0,278;7,997;1011,689;33,771;88,720;8,535;89,365;8,275;0,701;276,795;7,309;-50,000;3653;365,3;;0,0;60;12,28;6,63;;15;A27210;;;;;;;;;;;;;;;;;;;;;;;;;;;;;;;;;;;;;;;;;;;;;;;;;;;;;;;;;;;;;;;;;;;;;;;;;
785896;23.02.25 02:19:00;-11,397;-1,599;-4,576;0,261;7,995;1011,692;33,765;88,850;8,545;89,415;8,285;0,538;217,716;7,299;-50,000;3653;365,3;;0,0;60;12,29;6,35;;15;A27210;;;;;;;;;;;;;;;;;;;;;;;;;;;;;;;;;;;;;;;;;;;;;;;;;;;;;;;;;;;;;;;;;;;;;;;;;
785897;23.02.25 02:20:00;-10,986;-1,756;-4,729;0,229;7,997;1011,662;33,771;88,850;8,575;89,460;8,290;0,442;212,062;7,303;-50,000;3653;365,3;;0,0;60;12,28;6,39;;15;A27210;;;;;;;;;;;;;;;;;;;;;;;;;;;;;;;;;;;;;;;;;;;;;;;;;;;;;;;;;;;;;;;;;;;;;;;;;
785898;23.02.25 02:21:00;-10,813;-1,811;-4,814;0,161;7,987;1011,656;33,777;88,760;8,555;89,435;8,295;0,454;338,063;7,318;-50,000;3653;365,3;;0,0;60;12,28;6,23;;15;A27210;;;;;;;;;;;;;;;;;;;;;;;;;;;;;;;;;;;;;;;;;;;;;;;;;;;;;;;;;;;;;;;;;;;;;;;;;
785899;23.02.25 02:22:00;-10,889;-1,840;-4,882;0,085;7,995;1011,671;33,783;88,630;8,560;89,385;8,295;0,596;341,888;7,318;-50,000;3653;365,3;;0,0;60;12,28;6,47;;15;A27210;;;;;;;;;;;;;;;;;;;;;;;;;;;;;;;;;;;;;;;;;;;;;;;;;;;;;;;;;;;;;;;;;;;;;;;;;
785900;23.02.25 02:23:00;-10,933;-1,893;-4,927;0,079;7,987;1011,716;33,777;88,445;8,565;89,405;8,295;0,630;321,148;7,309;-50,000;3653;365,3;;0,0;60;12,28;6,19;;15;A27210;;;;;;;;;;;;;;;;;;;;;;;;;;;;;;;;;;;;;;;;;;;;;;;;;;;;;;;;;;;;;;;;;;;;;;;;;
785901;23.02.25 02:24:00;-10,761;-1,841;-5,043;0,051;7,987;1011,767;33,801;88,460;8,570;89,370;8,295;0,752;314,708;7,291;-50,000;3653;365,3;;0,0;60;12,28;6,55;;15;A27210;;;;;;;;;;;;;;;;;;;;;;;;;;;;;;;;;;;;;;;;;;;;;;;;;;;;;;;;;;;;;;;;;;;;;;;;;
785902;23.02.25 02:25:00;-10,361;-1,890;-5,076;-0,010;8,000;1011,797;33,795;88,455;8,555;89,360;8,305;0,689;306,484;7,285;-50,000;3653;365,3;;0,0;60;12,28;6,47;;15;A27210;;;;;;;;;;;;;;;;;;;;;;;;;;;;;;;;;;;;;;;;;;;;;;;;;;;;;;;;;;;;;;;;;;;;;;;;;
785903;23.02.25 02:26:00;-10,186;-1,761;-4,799;0,070;7,995;1011,842;33,786;88,535;8,560;89,335;8,295;0,731;286,318;7,272;-50,000;3653;365,3;;0,0;60;12,28;6,43;;15;A27210;;;;;;;;;;;;;;;;;;;;;;;;;;;;;;;;;;;;;;;;;;;;;;;;;;;;;;;;;;;;;;;;;;;;;;;;;
785904;23.02.25 02:27:00;-9,921;-1,499;-4,299;0,236;8,005;1011,869;33,783;88,715;8,565;89,415;8,310;0,696;244,744;7,294;-50,000;3653;365,3;;0,0;60;12,29;6,71;;15;A27210;;;;;;;;;;;;;;;;;;;;;;;;;;;;;;;;;;;;;;;;;;;;;;;;;;;;;;;;;;;;;;;;;;;;;;;;;
785905;23.02.25 02:28:00;-9,985;-1,465;-4,189;0,327;8,025;1011,896;33,783;88,820;8,600;89,505;8,315;0,820;201,679;7,306;-50,000;3653;365,3;;0,0;60;12,29;6,63;;15;A27210;;;;;;;;;;;;;;;;;;;;;;;;;;;;;;;;;;;;;;;;;;;;;;;;;;;;;;;;;;;;;;;;;;;;;;;;;
785906;23.02.25 02:29:00;-10,161;-1,564;-4,097;0,266;8,032;1011,926;33,792;88,790;8,620;89,490;8,305;0,622;253,749;7,309;-50,000;3653;365,3;;0,0;60;12,28;6,51;;15;A27210;;;;;;;;;;;;;;;;;;;;;;;;;;;;;;;;;;;;;;;;;;;;;;;;;;;;;;;;;;;;;;;;;;;;;;;;;
785907;23.02.25 02:30:00;-10,068;-1,573;-4,199;0,253;8,038;1011,950;33,786;88,680;8,590;89,465;8,325;0,570;303,654;7,282;-50,000;3653;365,3;;0,0;60;12,28;6,39;;15;A27210;;;;;;;;;;;;;;;;;;;;;;;;;;;;;;;;;;;;;;;;;;;;;;;;;;;;;;;;;;;;;;;;;;;;;;;;;
785908;23.02.25 02:31:00;-10,048;-1,671;-4,338;0,223;8,025;1011,980;33,768;88,615;8,600;89,450;8,305;0,555;316,446;7,282;-50,000;3653;365,3;;0,0;60;12,28;6,35;;15;A27210;;;;;;;;;;;;;;;;;;;;;;;;;;;;;;;;;;;;;;;;;;;;;;;;;;;;;;;;;;;;;;;;;;;;;;;;;
785909;23.02.25 02:32:00;-9,963;-1,807;-4,423;0,130;8,032;1012,013;33,771;88,525;8,640;89,390;8,320;0,451;238,590;7,315;-50,000;3653;365,3;;0,0;60;12,29;6,55;;15;A27210;;;;;;;;;;;;;;;;;;;;;;;;;;;;;;;;;;;;;;;;;;;;;;;;;;;;;;;;;;;;;;;;;;;;;;;;;
785910;23.02.25 02:33:00;-9,842;-1,851;-4,469;0,033;8,033;1012,052;33,768;88,395;8,620;89,410;8,325;0,927;303,863;7,309;-50,000;3653;365,3;;0,0;60;12,28;6,59;;15;A27210;;;;;;;;;;;;;;;;;;;;;;;;;;;;;;;;;;;;;;;;;;;;;;;;;;;;;;;;;;;;;;;;;;;;;;;;;
785911;23.02.25 02:34:00;-9,101;-1,441;-3,305;0,399;8,060;1012,091;33,792;88,510;8,620;89,415;8,300;1,131;316,733;7,303;-50,000;3653;365,3;;0,0;60;12,28;6,63;;15;A27210;;;;;;;;;;;;;;;;;;;;;;;;;;;;;;;;;;;;;;;;;;;;;;;;;;;;;;;;;;;;;;;;;;;;;;;;;
785912;23.02.25 02:35:00;-8,745;-0,914;-2,802;1,052;8,120;1012,115;33,789;88,785;8,635;89,535;8,345;1,065;294,469;7,297;-50,000;3653;365,3;;0,0;60;12,28;6,35;;15;A27210;;;;;;;;;;;;;;;;;;;;;;;;;;;;;;;;;;;;;;;;;;;;;;;;;;;;;;;;;;;;;;;;;;;;;;;;;
785913;23.02.25 02:36:00;-8,618;-0,493;-2,503;1,454;8,202;1012,136;33,822;88,855;8,735;89,640;8,400;1,153;224,483;7,306;-50,000;3653;365,3;;0,0;60;12,29;6,59;;15;A27210;;;;;;;;;;;;;;;;;;;;;;;;;;;;;;;;;;;;;;;;;;;;;;;;;;;;;;;;;;;;;;;;;;;;;;;;;
785914;23.02.25 02:37:00;-9,108;0,079;-2,270;2,083;8,282;1012,145;33,840;88,885;8,775;89,750;8,450;0,839;239,760;7,306;-50,000;3653;365,3;;0,0;60;12,29;6,39;;15;A27210;;;;;;;;;;;;;;;;;;;;;;;;;;;;;;;;;;;;;;;;;;;;;;;;;;;;;;;;;;;;;;;;;;;;;;;;;
785915;23.02.25 02:38:00;-9,803;0,132;-2,212;2,227;8,358;1012,169;33,831;88,705;8,850;89,785;8,530;1,385;239,777;7,297;-50,000;3653;365,3;;0,0;60;12,29;6,47;;15;A27210;;;;;;;;;;;;;;;;;;;;;;;;;;;;;;;;;;;;;;;;;;;;;;;;;;;;;;;;;;;;;;;;;;;;;;;;;
785916;23.02.25 02:39:00;-10,421;0,262;-2,434;2,497;8,455;1012,181;33,822;88,345;8,940;89,700;8,645;1,186;212,963;7,306;-50,000;3653;365,3;;0,0;60;12,29;6,59;;15;A27210;;;;;;;;;;;;;;;;;;;;;;;;;;;;;;;;;;;;;;;;;;;;;;;;;;;;;;;;;;;;;;;;;;;;;;;;;
785917;23.02.25 02:40:00;-10,725;0,151;-3,005;2,379;8,532;1012,181;33,810;87,810;9,030;89,470;8,710;0,838;198,028;7,297;-50,000;3653;365,3;;0,0;60;12,29;6,47;;15;A27210;;;;;;;;;;;;;;;;;;;;;;;;;;;;;;;;;;;;;;;;;;;;;;;;;;;;;;;;;;;;;;;;;;;;;;;;;
785918;23.02.25 02:41:00;-10,729;-0,116;-3,022;2,071;8,587;1012,205;33,792;87,380;9,090;89,290;8,790;1,084;228,746;7,306;-50,000;3653;365,3;;0,0;60;12,29;6,35;;15;A27210;;;;;;;;;;;;;;;;;;;;;;;;;;;;;;;;;;;;;;;;;;;;;;;;;;;;;;;;;;;;;;;;;;;;;;;;;
785919;23.02.25 02:42:00;-10,906;-0,271;-2,853;1,911;8,650;1012,214;33,780;87,045;9,170;89,000;8,900;1,243;192,381;7,297;-50,000;3653;365,3;;0,0;60;12,29;6,43;;15;A27210;;;;;;;;;;;;;;;;;;;;;;;;;;;;;;;;;;;;;;;;;;;;;;;;;;;;;;;;;;;;;;;;;;;;;;;;;
785920;23.02.25 02:43:00;-10,848;-0,016;-3,177;2,153;8,722;1012,208;33,780;86,680;9,250;88,660;8,970;0,989;198,096;7,291;-50,000;3653;365,3;;0,0;60;12,29;6,71;;15;A27210;;;;;;;;;;;;;;;;;;;;;;;;;;;;;;;;;;;;;;;;;;;;;;;;;;;;;;;;;;;;;;;;;;;;;;;;;
785921;23.02.25 02:44:00;-10,811;-0,028;-3,268;2,260;8,797;1012,196;33,780;86,335;9,350;88,195;9,050;1,037;199,221;7,312;-50,000;3653;365,3;;0,0;60;12,28;6,71;;15;A27210;;;;;;;;;;;;;;;;;;;;;;;;;;;;;;;;;;;;;;;;;;;;;;;;;;;;;;;;;;;;;;;;;;;;;;;;;
785922;23.02.25 02:45:00;-10,901;-0,077;-3,244;2,265;8,887;1012,211;33,780;85,940;9,415;87,770;9,125;1,344;219,369;7,300;-50,000;3653;365,3;;0,0;60;12,29;6,90;;15;A27210;;;;;;;;;;;;;;;;;;;;;;;;;;;;;;;;;;;;;;;;;;;;;;;;;;;;;;;;;;;;;;;;;;;;;;;;;
785923;23.02.25 02:46:00;-11,196;0,098;-3,242;2,421;8,980;1012,229;33,789;85,520;9,510;87,400;9,220;1,337;240,705;7,312;-50,000;3653;365,3;;0,0;60;12,29;6,75;;15;A27210;;;;;;;;;;;;;;;;;;;;;;;;;;;;;;;;;;;;;;;;;;;;;;;;;;;;;;;;;;;;;;;;;;;;;;;;;
785924;23.02.25 02:47:00;-11,262;0,122;-3,931;2,410;9,042;1012,250;33,798;85,150;9,585;86,905;9,330;0,848;218,948;7,312;-50,000;3653;365,3;;0,0;60;12,28;6,87;;15;A27210;;;;;;;;;;;;;;;;;;;;;;;;;;;;;;;;;;;;;;;;;;;;;;;;;;;;;;;;;;;;;;;;;;;;;;;;;
785925;23.02.25 02:48:00;-11,351;-0,133;-4,181;2,140;9,108;1012,274;33,804;84,680;9,670;86,185;9,410;1,536;282,825;7,303;-50,000;3653;365,3;;0,0;60;12,28;7,02;;15;A27210;;;;;;;;;;;;;;;;;;;;;;;;;;;;;;;;;;;;;;;;;;;;;;;;;;;;;;;;;;;;;;;;;;;;;;;;;
785926;23.02.25 02:49:00;-10,977;-0,064;-4,076;2,154;9,177;1012,292;33,798;84,260;9,770;85,665;9,490;0,913;165,465;7,297;-50,000;3653;365,3;;0,0;60;12,28;7,10;;15;A27210;;;;;;;;;;;;;;;;;;;;;;;;;;;;;;;;;;;;;;;;;;;;;;;;;;;;;;;;;;;;;;;;;;;;;;;;;
785927;23.02.25 02:50:00;-10,832;-0,390;-4,280;1,882;9,227;1012,313;33,804;83,850;9,810;85,230;9,570;1,170;215,629;7,297;-50,000;3653;365,3;;0,0;60;12,29;6,98;;15;A27210;;;;;;;;;;;;;;;;;;;;;;;;;;;;;;;;;;;;;;;;;;;;;;;;;;;;;;;;;;;;;;;;;;;;;;;;;
785928;23.02.25 02:51:00;-11,309;-0,425;-4,254;2,003;9,305;1012,331;33,807;83,320;9,875;84,660;9,635;1,480;227,548;7,312;-50,000;3653;365,3;;0,0;60;12,28;7,14;;15;A27210;;;;;;;;;;;;;;;;;;;;;;;;;;;;;;;;;;;;;;;;;;;;;;;;;;;;;;;;;;;;;;;;;;;;;;;;;
785929;23.02.25 02:52:00;-12,353;-0,434;-4,277;2,138;9,403;1012,331;33,801;82,875;9,950;84,190;9,705;1,530;211,489;7,306;-50,000;3653;365,3;;0,0;60;12,29;7,26;;15;A27210;;;;;;;;;;;;;;;;;;;;;;;;;;;;;;;;;;;;;;;;;;;;;;;;;;;;;;;;;;;;;;;;;;;;;;;;;
785930;23.02.25 02:53:00;-13,606;-0,463;-4,703;2,183;9,497;1012,343;33,807;82,435;10,000;83,610;9,770;1,586;255,167;7,315;-50,000;3653;365,3;;0,0;60;12,29;7,02;;15;A27210;;;;;;;;;;;;;;;;;;;;;;;;;;;;;;;;;;;;;;;;;;;;;;;;;;;;;;;;;;;;;;;;;;;;;;;;;
785931;23.02.25 02:54:00;-15,695;-0,473;-5,198;2,043;9,560;1012,331;33,807;82,080;10,100;83,325;9,860;0,956;198,349;7,324;-50,000;3653;365,3;;0,0;60;12,29;7,22;;15;A27210;;;;;;;;;;;;;;;;;;;;;;;;;;;;;;;;;;;;;;;;;;;;;;;;;;;;;;;;;;;;;;;;;;;;;;;;;
785932;23.02.25 02:55:00;-17,740;-0,924;-6,044;1,618;9,583;1012,349;33,804;81,725;10,125;82,765;9,895;1,147;329,608;7,324;-50,000;3653;365,3;;0,0;60;12,28;7,42;;15;A27210;;;;;;;;;;;;;;;;;;;;;;;;;;;;;;;;;;;;;;;;;;;;;;;;;;;;;;;;;;;;;;;;;;;;;;;;;
785933;23.02.25 02:56:00;-18,719;-1,198;-6,217;1,362;9,627;1012,382;33,795;81,405;10,205;82,170;9,940;1,908;282,398;7,309;-50,000;3653;365,3;;0,0;60;12,27;7,42;;15;A27210;;;;;;;;;;;;;;;;;;;;;;;;;;;;;;;;;;;;;;;;;;;;;;;;;;;;;;;;;;;;;;;;;;;;;;;;;
785934;23.02.25 02:57:00;-19,282;-1,105;-6,510;1,535;9,695;1012,409;33,798;81,010;10,260;81,735;10,000;1,601;302,501;7,321;-50,000;3653;365,3;;0,0;60;12,28;7,62;;15;A27210;;;;;;;;;;;;;;;;;;;;;;;;;;;;;;;;;;;;;;;;;;;;;;;;;;;;;;;;;;;;;;;;;;;;;;;;;
785935;23.02.25 02:58:00;-19,719;-1,131;-6,782;1,556;9,752;1012,421;33,804;80,720;10,285;81,375;10,030;1,646;315,979;7,324;-50,000;3653;365,3;;0,0;60;12,28;7,42;;15;A27210;;;;;;;;;;;;;;;;;;;;;;;;;;;;;;;;;;;;;;;;;;;;;;;;;;;;;;;;;;;;;;;;;;;;;;;;;
785936;23.02.25 02:59:00;-21,072;-1,285;-7,298;1,481;9,795;1012,418;33,792;80,455;10,335;81,090;10,070;1,233;309,639;7,321;-50,000;3653;365,3;;0,0;60;12,28;7,38;;15;A27210;;;;;;;;;;;;;;;;;;;;;;;;;;;;;;;;;;;;;;;;;;;;;;;;;;;;;;;;;;;;;;;;;;;;;;;;;
785937;23.02.25 03:00:00;-24,203;-1,491;-7,996;1,300;9,827;1012,412;33,789;80,225;10,360;80,835;10,095;0,964;336,769;7,324;-50,000;3653;365,3;;0,0;60;12,28;7,62;;15;A27210;;;;;;;;;;;;;;;;;;;;;;;;;;;;;;;;;;;;;;;;;;;;;;;;;;;;;;;;;;;;;;;;;;;;;;;;;
785938;23.02.25 03:01:00;-29,380;-1,845;-8,752;1,007;9,830;1012,412;33,789;80,040;10,385;80,740;10,110;0,853;325,344;7,324;-50,000;3653;365,3;;0,0;60;12,28;7,70;;15;A27210;;;;;;;;;;;;;;;;;;;;;;;;;;;;;;;;;;;;;;;;;;;;;;;;;;;;;;;;;;;;;;;;;;;;;;;;;
785939;23.02.25 03:02:00;-36,360;-1,935;-9,448;0,749;9,823;1012,412;33,786;79,875;10,430;80,570;10,155;0,811;292,303;7,321;-50,000;3653;365,3;;0,0;60;12,28;7,74;;15;A27210;;;;;;;;;;;;;;;;;;;;;;;;;;;;;;;;;;;;;;;;;;;;;;;;;;;;;;;;;;;;;;;;;;;;;;;;;
785940;23.02.25 03:03:00;-44,707;-1,935;-9,591;0,817;9,833;1012,424;33,798;79,700;10,405;80,330;10,170;1,059;317,869;7,327;-50,000;3653;365,3;;0,0;60;12,29;7,54;;15;A27210;;;;;;;;;;;;;;;;;;;;;;;;;;;;;;;;;;;;;;;;;;;;;;;;;;;;;;;;;;;;;;;;;;;;;;;;;
785941;23.02.25 03:04:00;-52,788;-1,935;-11,406;0,697;9,835;1012,412;33,807;79,505;10,445;80,185;10,195;0,771;267,345;7,324;-50,000;3653;365,3;;0,0;60;12,28;7,66;;15;A27210;;;;;;;;;;;;;;;;;;;;;;;;;;;;;;;;;;;;;;;;;;;;;;;;;;;;;;;;;;;;;;;;;;;;;;;;;
785942;23.02.25 03:05:00;-60,031;-1,935;-12,589;0,605;9,817;1012,382;33,816;79,385;10,455;80,090;10,210;0,765;194,985;7,327;-50,000;3653;365,3;;0,0;60;12,29;7,74;;15;A27210;;;;;;;;;;;;;;;;;;;;;;;;;;;;;;;;;;;;;;;;;;;;;;;;;;;;;;;;;;;;;;;;;;;;;;;;;
785943;23.02.25 03:06:00;-65,778;-1,935;-13,137;0,454;9,780;1012,379;33,813;79,225;10,450;79,970;10,205;1,089;257,833;7,330;-50,000;3653;365,3;;0,0;60;12,29;7,42;;15;A27210;;;;;;;;;;;;;;;;;;;;;;;;;;;;;;;;;;;;;;;;;;;;;;;;;;;;;;;;;;;;;;;;;;;;;;;;;
785944;23.02.25 03:07:00;-69,573;-1,935;-13,700;0,457;9,755;1012,370;33,801;79,100;10,420;79,925;10,230;0,630;233,021;7,321;-50,000;3653;365,3;;0,0;60;12,28;7,78;;15;A27210;;;;;;;;;;;;;;;;;;;;;;;;;;;;;;;;;;;;;;;;;;;;;;;;;;;;;;;;;;;;;;;;;;;;;;;;;
785945;23.02.25 03:08:00;-71,176;-1,935;-14,978;0,246;9,717;1012,364;33,777;79,055;10,430;79,935;10,230;0,676;189,939;7,327;-50,000;3653;365,3;;0,0;60;12,29;7,90;;15;A27210;;;;;;;;;;;;;;;;;;;;;;;;;;;;;;;;;;;;;;;;;;;;;;;;;;;;;;;;;;;;;;;;;;;;;;;;;
785946;23.02.25 03:09:00;-71,955;-1,935;-15,088;0,217;9,682;1012,400;33,780;79,015;10,385;79,710;10,190;1,345;288,816;7,324;-50,000;3653;365,3;;0,0;60;12,28;7,94;;15;A27210;;;;;;;;;;;;;;;;;;;;;;;;;;;;;;;;;;;;;;;;;;;;;;;;;;;;;;;;;;;;;;;;;;;;;;;;;
785947;23.02.25 03:10:00;-72,205;-1,935;-14,164;0,621;9,665;1012,418;33,768;78,855;10,385;79,355;10,145;1,256;305,094;7,330;-50,000;3653;365,3;;0,0;60;12,28;7,66;;15;A27210;;;;;;;;;;;;;;;;;;;;;;;;;;;;;;;;;;;;;;;;;;;;;;;;;;;;;;;;;;;;;;;;;;;;;;;;;
785948;23.02.25 03:11:00;-72,384;-1,935;-12,854;0,877;9,680;1012,424;33,780;78,525;10,365;79,035;10,155;1,877;327,482;7,327;-50,000;3653;365,3;;0,0;60;12,28;7,54;;15;A27210;;;;;;;;;;;;;;;;;;;;;;;;;;;;;;;;;;;;;;;;;;;;;;;;;;;;;;;;;;;;;;;;;;;;;;;;;
785949;23.02.25 03:12:00;-72,454;-1,935;-13,064;1,194;9,697;1012,442;33,777;78,325;10,365;78,825;10,135;1,719;321,396;7,324;-50,000;3653;365,3;;0,0;60;12,28;7,82;;15;A27210;;;;;;;;;;;;;;;;;;;;;;;;;;;;;;;;;;;;;;;;;;;;;;;;;;;;;;;;;;;;;;;;;;;;;;;;;
785950;23.02.25 03:13:00;-71,910;-1,935;-13,096;1,180;9,702;1012,448;33,762;78,295;10,375;78,710;10,160;1,199;290,076;7,324;-50,000;3653;365,3;;0,0;60;12,28;7,58;;15;A27210;;;;;;;;;;;;;;;;;;;;;;;;;;;;;;;;;;;;;;;;;;;;;;;;;;;;;;;;;;;;;;;;;;;;;;;;;
785951;23.02.25 03:14:00;-70,801;-1,935;-14,302;0,995;9,672;1012,445;33,765;78,230;10,350;78,665;10,160;1,185;286,284;7,327;-50,000;3653;365,3;;0,0;60;12,28;7,74;;15;A27210;;;;;;;;;;;;;;;;;;;;;;;;;;;;;;;;;;;;;;;;;;;;;;;;;;;;;;;;;;;;;;;;;;;;;;;;;
785952;23.02.25 03:15:00;-69,965;-1,935;-14,097;0,917;9,680;1012,457;33,762;78,290;10,335;78,615;10,150;1,675;313,847;7,327;-50,000;3653;365,3;;0,0;60;12,27;7,66;;15;A27210;;;;;;;;;;;;;;;;;;;;;;;;;;;;;;;;;;;;;;;;;;;;;;;;;;;;;;;;;;;;;;;;;;;;;;;;;
785953;23.02.25 03:16:00;-69,566;-1,935;-14,654;0,876;9,673;1012,460;33,759;78,305;10,320;78,585;10,155;1,213;309,285;7,330;-50,000;3653;365,3;;0,0;60;12,28;7,74;;15;A27210;;;;;;;;;;;;;;;;;;;;;;;;;;;;;;;;;;;;;;;;;;;;;;;;;;;;;;;;;;;;;;;;;;;;;;;;;
785954;23.02.25 03:17:00;-68,931;-1,935;-15,121;0,679;9,640;1012,472;33,762;78,300;10,310;78,600;10,135;1,144;293,220;7,324;-50,000;3653;365,3;;0,0;60;12,28;7,62;;15;A27210;;;;;;;;;;;;;;;;;;;;;;;;;;;;;;;;;;;;;;;;;;;;;;;;;;;;;;;;;;;;;;;;;;;;;;;;;
785955;23.02.25 03:18:00;-67,823;-1,935;-16,081;0,539;9,602;1012,493;33,762;78,310;10,285;78,710;10,125;1,014;297,613;7,324;-50,000;3653;365,3;;0,0;60;12,29;7,74;;15;A27210;;;;;;;;;;;;;;;;;;;;;;;;;;;;;;;;;;;;;;;;;;;;;;;;;;;;;;;;;;;;;;;;;;;;;;;;;
785956;23.02.25 03:19:00;-66,531;-1,935;-16,674;0,296;9,577;1012,508;33,759;78,475;10,270;78,755;10,105;0,813;307,834;7,324;-50,000;3653;365,3;;0,0;60;12,28;7,26;;15;A27210;;;;;;;;;;;;;;;;;;;;;;;;;;;;;;;;;;;;;;;;;;;;;;;;;;;;;;;;;;;;;;;;;;;;;;;;;
785957;23.02.25 03:20:00;-65,124;-1,935;-17,794;0,089;9,535;1012,526;33,753;78,520;10,200;78,815;10,075;0,580;317,936;7,327;-50,000;3653;365,3;;0,0;60;12,27;7,54;;15;A27210;;;;;;;;;;;;;;;;;;;;;;;;;;;;;;;;;;;;;;;;;;;;;;;;;;;;;;;;;;;;;;;;;;;;;;;;;
785958;23.02.25 03:21:00;-63,859;-1,935;-18,394;-0,208;9,465;1012,532;33,747;78,485;10,180;78,840;10,055;0,505;318,279;7,327;-50,000;3653;365,3;;0,0;60;12,28;7,34;;15;A27210;;;;;;;;;;;;;;;;;;;;;;;;;;;;;;;;;;;;;;;;;;;;;;;;;;;;;;;;;;;;;;;;;;;;;;;;;
785959;23.02.25 03:22:00;-62,789;-1,935;-18,830;-0,257;9,417;1012,544;33,744;78,685;10,150;78,885;10,040;0,489;253,823;7,327;-50,000;3653;365,3;;0,0;60;12,29;7,34;;15;A27210;;;;;;;;;;;;;;;;;;;;;;;;;;;;;;;;;;;;;;;;;;;;;;;;;;;;;;;;;;;;;;;;;;;;;;;;;
785960;23.02.25 03:23:00;-62,208;-1,935;-19,069;-0,257;9,352;1012,544;33,741;78,795;10,080;78,950;10,020;0,442;215,921;7,315;-50,000;3653;365,3;;0,0;60;12,28;7,46;;15;A27210;;;;;;;;;;;;;;;;;;;;;;;;;;;;;;;;;;;;;;;;;;;;;;;;;;;;;;;;;;;;;;;;;;;;;;;;;
785961;23.02.25 03:24:00;-62,021;-1,935;-18,440;-0,257;9,290;1012,562;33,747;78,905;10,020;78,980;10,005;0,660;206,713;7,318;-50,000;3653;365,3;;0,0;60;12,29;7,22;;15;A27210;;;;;;;;;;;;;;;;;;;;;;;;;;;;;;;;;;;;;;;;;;;;;;;;;;;;;;;;;;;;;;;;;;;;;;;;;
785962;23.02.25 03:25:00;-62,876;-1,935;-17,750;-0,257;9,220;1012,577;33,750;79,005;9,975;79,025;9,965;0,823;213,008;7,327;-50,000;3653;365,3;;0,0;60;12,29;7,42;;15;A27210;;;;;;;;;;;;;;;;;;;;;;;;;;;;;;;;;;;;;;;;;;;;;;;;;;;;;;;;;;;;;;;;;;;;;;;;;
785963;23.02.25 03:26:00;-64,522;-1,935;-16,651;-0,257;9,167;1012,580;33,753;79,215;9,935;79,130;9,930;0,943;199,024;7,321;-50,000;3653;365,3;;0,0;60;12,28;7,54;;15;A27210;;;;;;;;;;;;;;;;;;;;;;;;;;;;;;;;;;;;;;;;;;;;;;;;;;;;;;;;;;;;;;;;;;;;;;;;;
785964;23.02.25 03:27:00;-65,575;-1,935;-16,810;-0,257;9,095;1012,595;33,759;79,065;9,835;79,060;9,880;0,888;198,023;7,324;-50,000;3653;365,3;;0,0;60;12,28;7,46;;15;A27210;;;;;;;;;;;;;;;;;;;;;;;;;;;;;;;;;;;;;;;;;;;;;;;;;;;;;;;;;;;;;;;;;;;;;;;;;
785965;23.02.25 03:28:00;-66,695;-1,935;-16,628;-0,257;9,015;1012,589;33,762;79,440;9,765;79,115;9,800;0,886;186,418;7,324;-50,000;3653;365,3;;0,0;60;12,29;7,50;;15;A27210;;;;;;;;;;;;;;;;;;;;;;;;;;;;;;;;;;;;;;;;;;;;;;;;;;;;;;;;;;;;;;;;;;;;;;;;;
785966;23.02.25 03:29:00;-67,550;-1,935;-17,290;-0,257;8,925;1012,577;33,765;79,470;9,670;79,205;9,720;0,800;191,357;7,303;-50,000;3653;365,3;;0,0;60;12,29;7,34;;15;A27210;;;;;;;;;;;;;;;;;;;;;;;;;;;;;;;;;;;;;;;;;;;;;;;;;;;;;;;;;;;;;;;;;;;;;;;;;
785967;23.02.25 03:30:00;-68,144;-1,935;-17,748;-0,257;8,830;1012,568;33,762;79,480;9,585;79,265;9,645;0,661;178,616;7,306;-50,000;3653;365,3;;0,0;60;12,28;7,42;;15;A27210;;;;;;;;;;;;;;;;;;;;;;;;;;;;;;;;;;;;;;;;;;;;;;;;;;;;;;;;;;;;;;;;;;;;;;;;;
785968;23.02.25 03:31:00;-68,453;-1,935;-18,619;-0,257;8,747;1012,571;33,753;79,645;9,505;79,370;9,560;0,485;166,579;7,312;-50,000;3653;365,3;;0,0;60;12,29;7,54;;15;A27210;;;;;;;;;;;;;;;;;;;;;;;;;;;;;;;;;;;;;;;;;;;;;;;;;;;;;;;;;;;;;;;;;;;;;;;;;
785969;23.02.25 03:32:00;-68,144;-1,935;-19,069;-0,257;8,657;1012,598;33,759;79,880;9,385;79,435;9,455;0,472;183,032;7,300;-50,000;3653;365,3;;0,0;60;12,28;7,30;;15;A27210;;;;;;;;;;;;;;;;;;;;;;;;;;;;;;;;;;;;;;;;;;;;;;;;;;;;;;;;;;;;;;;;;;;;;;;;;
785970;23.02.25 03:33:00;-66,549;-1,935;-19,319;-0,257;8,573;1012,625;33,762;80,295;9,255;79,540;9,360;0,518;285,874;7,303;-50,000;3653;365,3;;0,0;60;12,28;7,54;;15;A27210;;;;;;;;;;;;;;;;;;;;;;;;;;;;;;;;;;;;;;;;;;;;;;;;;;;;;;;;;;;;;;;;;;;;;;;;;
785971;23.02.25 03:34:00;-63,441;-1,935;-19,145;-0,257;8,490;1012,649;33,771;80,795;9,175;79,740;9,245;0,443;243,990;7,285;-50,000;3653;365,3;;0,0;60;12,27;7,14;;15;A27210;;;;;;;;;;;;;;;;;;;;;;;;;;;;;;;;;;;;;;;;;;;;;;;;;;;;;;;;;;;;;;;;;;;;;;;;;
785972;23.02.25 03:35:00;-60,449;-1,935;-19,190;-0,257;8,408;1012,670;33,783;81,015;9,050;79,985;9,175;0,441;212,355;7,297;-50,000;3653;365,3;;0,0;60;12,28;6,98;;15;A27210;;;;;;;;;;;;;;;;;;;;;;;;;;;;;;;;;;;;;;;;;;;;;;;;;;;;;;;;;;;;;;;;;;;;;;;;;
785973;23.02.25 03:36:00;-58,746;-1,935;-19,186;-0,257;8,315;1012,679;33,777;81,080;8,995;80,240;9,095;0,445;142,717;7,275;-50,000;3653;365,3;;0,0;60;12,28;6,98;;15;A27210;;;;;;;;;;;;;;;;;;;;;;;;;;;;;;;;;;;;;;;;;;;;;;;;;;;;;;;;;;;;;;;;;;;;;;;;;
785974;23.02.25 03:37:00;-57,199;-1,935;-18,812;-0,257;8,240;1012,688;33,774;81,265;8,890;80,350;9,010;0,518;92,531;7,306;-50,000;3653;365,3;;0,0;60;12,29;6,94;;15;A27210;;;;;;;;;;;;;;;;;;;;;;;;;;;;;;;;;;;;;;;;;;;;;;;;;;;;;;;;;;;;;;;;;;;;;;;;;
785975;23.02.25 03:38:00;-55,975;-1,935;-18,052;-0,257;8,148;1012,688;33,780;81,585;8,775;80,475;8,910;0,646;128,199;7,263;-50,000;3653;365,3;;0,0;60;12,29;6,90;;15;A27210;;;;;;;;;;;;;;;;;;;;;;;;;;;;;;;;;;;;;;;;;;;;;;;;;;;;;;;;;;;;;;;;;;;;;;;;;
785976;23.02.25 03:39:00;-54,216;-1,935;-17,893;-0,257;8,060;1012,697;33,771;81,640;8,665;80,600;8,780;0,468;176,372;7,275;-50,000;3653;365,3;;0,0;60;12,28;7,06;;15;A27210;;;;;;;;;;;;;;;;;;;;;;;;;;;;;;;;;;;;;;;;;;;;;;;;;;;;;;;;;;;;;;;;;;;;;;;;;
785977;23.02.25 03:40:00;-52,830;-1,935;-17,678;-0,257;7,977;1012,712;33,789;81,735;8,535;80,755;8,655;0,442;263,801;7,245;-50,000;3653;365,3;;0,0;60;12,27;6,94;;15;A27210;;;;;;;;;;;;;;;;;;;;;;;;;;;;;;;;;;;;;;;;;;;;;;;;;;;;;;;;;;;;;;;;;;;;;;;;;
785978;23.02.25 03:41:00;-52,121;-1,935;-16,969;-0,257;7,898;1012,718;33,798;82,330;8,460;81,100;8,600;0,470;98,741;7,254;-50,000;3653;365,3;;0,0;60;12,29;6,94;;15;A27210;;;;;;;;;;;;;;;;;;;;;;;;;;;;;;;;;;;;;;;;;;;;;;;;;;;;;;;;;;;;;;;;;;;;;;;;;
785979;23.02.25 03:42:00;-53,313;-1,935;-16,178;-0,257;7,827;1012,715;33,798;82,935;8,380;81,310;8,520;0,550;133,166;7,230;-50,000;3653;365,3;;0,0;60;12,28;6,94;;15;A27210;;;;;;;;;;;;;;;;;;;;;;;;;;;;;;;;;;;;;;;;;;;;;;;;;;;;;;;;;;;;;;;;;;;;;;;;;
785980;23.02.25 03:43:00;-54,978;-1,935;-15,187;-0,257;7,757;1012,724;33,780;83,870;8,290;81,660;8,425;0,946;123,694;7,239;-50,000;3653;365,3;;0,0;60;12,29;6,83;;15;A27210;;;;;;;;;;;;;;;;;;;;;;;;;;;;;;;;;;;;;;;;;;;;;;;;;;;;;;;;;;;;;;;;;;;;;;;;;
785981;23.02.25 03:44:00;-56,793;-1,935;-15,043;-0,257;7,695;1012,733;33,771;84,645;8,235;82,285;8,330;0,813;113,878;7,233;-50,000;3653;365,3;;0,0;60;12,29;6,71;;15;A27210;;;;;;;;;;;;;;;;;;;;;;;;;;;;;;;;;;;;;;;;;;;;;;;;;;;;;;;;;;;;;;;;;;;;;;;;;
785982;23.02.25 03:45:00;-57,775;-1,935;-15,714;-0,257;7,625;1012,736;33,765;84,470;8,160;82,580;8,235;0,877;114,407;7,233;-50,000;3653;365,3;;0,0;60;12,29;6,51;;15;A27210;;;;;;;;;;;;;;;;;;;;;;;;;;;;;;;;;;;;;;;;;;;;;;;;;;;;;;;;;;;;;;;;;;;;;;;;;
785983;23.02.25 03:46:00;-57,508;-1,935;-15,148;-0,257;7,552;1012,748;33,774;84,195;8,095;82,795;8,125;0,853;109,119;7,233;-50,000;3653;365,3;;0,0;60;12,29;6,43;;15;A27210;;;;;;;;;;;;;;;;;;;;;;;;;;;;;;;;;;;;;;;;;;;;;;;;;;;;;;;;;;;;;;;;;;;;;;;;;
785984;23.02.25 03:47:00;-56,668;-1,935;-15,344;-0,257;7,477;1012,757;33,792;84,005;8,045;83,055;8,045;0,768;78,413;7,230;-50,000;3653;365,3;;0,0;60;12,29;6,67;;15;A27210;;;;;;;;;;;;;;;;;;;;;;;;;;;;;;;;;;;;;;;;;;;;;;;;;;;;;;;;;;;;;;;;;;;;;;;;;
785985;23.02.25 03:48:00;-54,911;-1,935;-15,261;-0,257;7,400;1012,760;33,789;83,905;7,960;83,290;7,950;0,615;110,289;7,230;-50,000;3653;365,3;;0,0;60;12,29;6,67;;15;A27210;;;;;;;;;;;;;;;;;;;;;;;;;;;;;;;;;;;;;;;;;;;;;;;;;;;;;;;;;;;;;;;;;;;;;;;;;
785986;23.02.25 03:49:00;-53,108;-1,935;-15,184;-0,257;7,337;1012,784;33,774;83,825;7,850;83,390;7,855;0,463;189,180;7,230;-50,000;3653;365,3;;0,0;60;12,28;6,39;;15;A27210;;;;;;;;;;;;;;;;;;;;;;;;;;;;;;;;;;;;;;;;;;;;;;;;;;;;;;;;;;;;;;;;;;;;;;;;;
785987;23.02.25 03:50:00;-51,307;-1,935;-15,035;-0,257;7,267;1012,799;33,774;84,150;7,745;83,555;7,740;0,457;251,663;7,230;-50,000;3653;365,3;;0,0;60;12,28;6,59;;15;A27210;;;;;;;;;;;;;;;;;;;;;;;;;;;;;;;;;;;;;;;;;;;;;;;;;;;;;;;;;;;;;;;;;;;;;;;;;
785988;23.02.25 03:51:00;-50,568;-1,935;-14,619;-0,257;7,205;1012,805;33,774;84,860;7,690;83,795;7,695;0,457;151,571;7,217;-50,000;3653;365,3;;0,0;60;12,28;6,71;;15;A27210;;;;;;;;;;;;;;;;;;;;;;;;;;;;;;;;;;;;;;;;;;;;;;;;;;;;;;;;;;;;;;;;;;;;;;;;;
785989;23.02.25 03:52:00;-50,388;-1,935;-14,313;-0,257;7,142;1012,820;33,780;85,255;7,610;84,040;7,600;0,565;268,903;7,205;-50,000;3653;365,3;;0,0;60;12,28;6,39;;15;A27210;;;;;;;;;;;;;;;;;;;;;;;;;;;;;;;;;;;;;;;;;;;;;;;;;;;;;;;;;;;;;;;;;;;;;;;;;
785990;23.02.25 03:53:00;-50,852;-1,935;-14,222;-0,257;7,087;1012,838;33,780;85,550;7,575;84,380;7,565;0,577;192,769;7,218;-50,000;3653;365,3;;0,0;60;12,28;6,43;;15;A27210;;;;;;;;;;;;;;;;;;;;;;;;;;;;;;;;;;;;;;;;;;;;;;;;;;;;;;;;;;;;;;;;;;;;;;;;;
785991;23.02.25 03:54:00;-52,009;-1,935;-14,389;-0,257;7,030;1012,844;33,783;85,980;7,535;84,645;7,495;0,455;183,516;7,196;-50,000;3653;365,3;;0,0;60;12,28;6,55;;15;A27210;;;;;;;;;;;;;;;;;;;;;;;;;;;;;;;;;;;;;;;;;;;;;;;;;;;;;;;;;;;;;;;;;;;;;;;;;
785992;23.02.25 03:55:00;-53,587;-1,935;-14,506;-0,257;6,975;1012,850;33,801;86,170;7,480;84,905;7,465;0,439;116,618;7,175;-50,000;3653;365,3;;0,0;60;12,28;5,99;;15;A27210;;;;;;;;;;;;;;;;;;;;;;;;;;;;;;;;;;;;;;;;;;;;;;;;;;;;;;;;;;;;;;;;;;;;;;;;;
785993;23.02.25 03:56:00;-54,698;-1,935;-14,312;-0,257;6,912;1012,841;33,798;86,435;7,425;85,095;7,400;0,466;252,540;7,147;-50,000;3653;365,3;;0,0;60;12,28;6,03;;15;A27210;;;;;;;;;;;;;;;;;;;;;;;;;;;;;;;;;;;;;;;;;;;;;;;;;;;;;;;;;;;;;;;;;;;;;;;;;
785994;23.02.25 03:57:00;-55,878;-1,935;-14,175;-0,257;6,882;1012,835;33,783;86,930;7,380;85,310;7,345;0,498;316,243;7,159;-50,000;3653;365,3;;0,0;60;12,27;6,15;;15;A27210;;;;;;;;;;;;;;;;;;;;;;;;;;;;;;;;;;;;;;;;;;;;;;;;;;;;;;;;;;;;;;;;;;;;;;;;;
785995;23.02.25 03:58:00;-56,514;-1,935;-13,875;-0,248;6,850;1012,820;33,786;87,530;7,360;85,590;7,310;0,506;250,245;7,144;-50,000;3653;365,3;;0,0;60;12,27;6,11;;15;A27210;;;;;;;;;;;;;;;;;;;;;;;;;;;;;;;;;;;;;;;;;;;;;;;;;;;;;;;;;;;;;;;;;;;;;;;;;
785996;23.02.25 03:59:00;-57,228;-1,935;-14,089;-0,030;6,827;1012,793;33,801;88,140;7,375;85,990;7,315;0,482;128,160;7,147;-50,000;3653;365,3;;0,0;60;12,28;6,03;;15;A27210;;;;;;;;;;;;;;;;;;;;;;;;;;;;;;;;;;;;;;;;;;;;;;;;;;;;;;;;;;;;;;;;;;;;;;;;;
785997;23.02.25 04:00:00;-57,910;-1,935;-14,444;0,072;6,792;1012,763;33,792;88,210;7,340;86,355;7,310;0,550;191,723;7,147;-50,000;3653;365,3;;0,0;60;12,27;6,23;;15;A27210;;;;;;;;;;;;;;;;;;;;;;;;;;;;;;;;;;;;;;;;;;;;;;;;;;;;;;;;;;;;;;;;;;;;;;;;;
785998;23.02.25 04:01:00;-58,482;-1,935;-14,194;0,141;6,780;1012,772;33,792;88,275;7,325;86,715;7,320;0,660;198,141;7,132;-50,000;3653;365,3;;0,0;60;12,27;6,11;;15;A27210;;;;;;;;;;;;;;;;;;;;;;;;;;;;;;;;;;;;;;;;;;;;;;;;;;;;;;;;;;;;;;;;;;;;;;;;;
785999;23.02.25 04:02:00;-59,334;-1,935;-12,993;0,690;6,797;1012,787;33,795;89,105;7,350;87,205;7,335;0,757;195,289;7,141;-50,000;3653;365,3;;0,0;60;12,28;6,11;;15;A27210;;;;;;;;;;;;;;;;;;;;;;;;;;;;;;;;;;;;;;;;;;;;;;;;;;;;;;;;;;;;;;;;;;;;;;;;;
786000;23.02.25 04:03:00;-60,176;-1,935;-12,897;1,140;6,815;1012,766;33,789;89,645;7,385;87,700;7,390;0,701;113,282;7,129;-50,000;3653;365,3;;0,0;60;12,28;5,83;;15;A27210;;;;;;;;;;;;;;;;;;;;;;;;;;;;;;;;;;;;;;;;;;;;;;;;;;;;;;;;;;;;;;;;;;;;;;;;;
786001;23.02.25 04:04:00;-61,420;-1,935;-11,180;1,514;6,847;1012,763;33,792;89,710;7,425;88,130;7,450;0,911;161,944;7,132;-50,000;3653;365,3;;0,0;60;12,28;5,95;;15;A27210;;;;;;;;;;;;;;;;;;;;;;;;;;;;;;;;;;;;;;;;;;;;;;;;;;;;;;;;;;;;;;;;;;;;;;;;;
786002;23.02.25 04:05:00;-62,026;-1,935;-12,390;1,378;6,842;1012,748;33,804;89,370;7,480;88,330;7,485;0,566;143,162;7,129;-50,000;3653;365,3;;0,0;60;12,28;5,95;;15;A27210;;;;;;;;;;;;;;;;;;;;;;;;;;;;;;;;;;;;;;;;;;;;;;;;;;;;;;;;;;;;;;;;;;;;;;;;;
786003;23.02.25 04:06:00;-62,243;-1,935;-13,531;0,880;6,810;1012,712;33,795;88,545;7,490;88,210;7,535;0,675;114,458;7,129;-50,000;3653;365,3;;0,0;60;12,28;5,99;;15;A27210;;;;;;;;;;;;;;;;;;;;;;;;;;;;;;;;;;;;;;;;;;;;;;;;;;;;;;;;;;;;;;;;;;;;;;;;;
786004;23.02.25 04:07:00;-62,687;-1,935;-13,418;0,688;6,795;1012,709;33,789;87,905;7,460;87,920;7,540;0,589;303,919;7,126;-50,000;3653;365,3;;0,0;60;12,27;5,67;;15;A27210;;;;;;;;;;;;;;;;;;;;;;;;;;;;;;;;;;;;;;;;;;;;;;;;;;;;;;;;;;;;;;;;;;;;;;;;;
786005;23.02.25 04:08:00;-62,992;-1,935;-12,439;0,657;6,745;1012,715;33,804;87,715;7,475;87,590;7,570;0,824;262,733;7,111;-50,000;3653;365,3;;0,0;60;12,27;5,75;;15;A27210;;;;;;;;;;;;;;;;;;;;;;;;;;;;;;;;;;;;;;;;;;;;;;;;;;;;;;;;;;;;;;;;;;;;;;;;;
786006;23.02.25 04:09:00;-63,130;-1,935;-12,992;0,528;6,713;1012,727;33,807;87,115;7,465;87,185;7,565;0,810;259,172;7,107;-50,000;3653;365,3;;0,0;60;12,27;5,71;;15;A27210;;;;;;;;;;;;;;;;;;;;;;;;;;;;;;;;;;;;;;;;;;;;;;;;;;;;;;;;;;;;;;;;;;;;;;;;;
786007;23.02.25 04:10:00;-63,020;-1,935;-13,386;0,528;6,700;1012,739;33,825;86,750;7,435;86,940;7,540;0,600;325,766;7,092;-50,000;3653;365,3;;0,0;60;12,26;5,71;;15;A27210;;;;;;;;;;;;;;;;;;;;;;;;;;;;;;;;;;;;;;;;;;;;;;;;;;;;;;;;;;;;;;;;;;;;;;;;;
786008;23.02.25 04:11:00;-62,637;-1,935;-12,070;0,675;6,692;1012,784;33,819;87,270;7,445;86,925;7,540;0,977;173,981;7,089;-50,000;3653;365,3;;0,0;60;12,27;5,79;;15;A27210;;;;;;;;;;;;;;;;;;;;;;;;;;;;;;;;;;;;;;;;;;;;;;;;;;;;;;;;;;;;;;;;;;;;;;;;;
786009;23.02.25 04:12:00;-62,636;-1,935;-12,016;1,279;6,695;1012,814;33,831;88,065;7,460;87,145;7,520;1,028;314,691;7,071;-50,000;3653;365,3;;0,0;60;12,26;5,52;;15;A27210;;;;;;;;;;;;;;;;;;;;;;;;;;;;;;;;;;;;;;;;;;;;;;;;;;;;;;;;;;;;;;;;;;;;;;;;;
786010;23.02.25 04:13:00;-62,202;-1,935;-12,647;1,441;6,712;1012,841;33,822;88,015;7,465;87,265;7,555;0,909;278,882;7,065;-50,000;3653;365,3;;0,0;60;12,27;5,71;;15;A27210;;;;;;;;;;;;;;;;;;;;;;;;;;;;;;;;;;;;;;;;;;;;;;;;;;;;;;;;;;;;;;;;;;;;;;;;;
786011;23.02.25 04:14:00;-61,463;-1,935;-12,895;1,624;6,717;1012,850;33,819;88,125;7,525;87,400;7,570;0,559;200,588;7,053;-50,000;3653;365,3;;0,0;60;12,27;5,60;;15;A27210;;;;;;;;;;;;;;;;;;;;;;;;;;;;;;;;;;;;;;;;;;;;;;;;;;;;;;;;;;;;;;;;;;;;;;;;;
786012;23.02.25 04:15:00;-61,172;-1,935;-12,650;1,160;6,700;1012,838;33,831;87,845;7,530;87,355;7,605;0,728;135,793;7,065;-50,000;3653;365,3;;0,0;60;12,27;5,60;;15;A27210;;;;;;;;;;;;;;;;;;;;;;;;;;;;;;;;;;;;;;;;;;;;;;;;;;;;;;;;;;;;;;;;;;;;;;;;;
786013;23.02.25 04:16:00;-60,744;-1,935;-12,663;0,982;6,690;1012,832;33,840;87,500;7,500;87,280;7,610;0,721;159,503;7,046;-50,000;3653;365,3;;0,0;60;12,27;5,60;;15;A27210;;;;;;;;;;;;;;;;;;;;;;;;;;;;;;;;;;;;;;;;;;;;;;;;;;;;;;;;;;;;;;;;;;;;;;;;;
786014;23.02.25 04:17:00;-60,687;-1,935;-13,431;0,903;6,655;1012,826;33,840;87,415;7,500;87,135;7,580;0,533;213,092;7,046;-50,000;3653;365,3;;0,0;60;12,27;5,44;;15;A27210;;;;;;;;;;;;;;;;;;;;;;;;;;;;;;;;;;;;;;;;;;;;;;;;;;;;;;;;;;;;;;;;;;;;;;;;;
786015;23.02.25 04:18:00;-60,786;-1,935;-13,547;0,638;6,622;1012,832;33,837;87,180;7,465;86,965;7,580;0,632;293,839;7,040;-50,000;3653;365,3;;0,0;60;12,26;5,44;;15;A27210;;;;;;;;;;;;;;;;;;;;;;;;;;;;;;;;;;;;;;;;;;;;;;;;;;;;;;;;;;;;;;;;;;;;;;;;;
786016;23.02.25 04:19:00;-60,090;-1,935;-13,247;0,520;6,590;1012,847;33,849;87,120;7,445;86,860;7,570;0,574;310,303;7,031;-50,000;3653;365,3;;0,0;60;12,26;5,40;;15;A27210;;;;;;;;;;;;;;;;;;;;;;;;;;;;;;;;;;;;;;;;;;;;;;;;;;;;;;;;;;;;;;;;;;;;;;;;;
786017;23.02.25 04:20:00;-59,430;-1,935;-13,758;0,428;6,545;1012,871;33,834;87,030;7,425;86,645;7,535;0,664;315,641;7,034;-50,000;3653;365,3;;0,0;60;12,26;5,52;;15;A27210;;;;;;;;;;;;;;;;;;;;;;;;;;;;;;;;;;;;;;;;;;;;;;;;;;;;;;;;;;;;;;;;;;;;;;;;;
786018;23.02.25 04:21:00;-59,001;-1,935;-14,136;0,151;6,512;1012,877;33,840;86,650;7,405;86,595;7,525;0,506;234,675;7,037;-50,000;3653;365,3;;0,0;60;12,27;5,40;;15;A27210;;;;;;;;;;;;;;;;;;;;;;;;;;;;;;;;;;;;;;;;;;;;;;;;;;;;;;;;;;;;;;;;;;;;;;;;;
786019;23.02.25 04:22:00;-58,794;-1,935;-14,334;-0,026;6,470;1012,898;33,834;86,510;7,355;86,520;7,475;0,632;309,150;7,034;-50,000;3653;365,3;;0,0;60;12,26;5,40;;15;A27210;;;;;;;;;;;;;;;;;;;;;;;;;;;;;;;;;;;;;;;;;;;;;;;;;;;;;;;;;;;;;;;;;;;;;;;;;
786020;23.02.25 04:23:00;-58,850;-1,935;-14,526;-0,006;6,427;1012,907;33,849;86,710;7,320;86,510;7,450;0,584;310,230;7,031;-50,000;3653;365,3;;0,0;60;12,26;5,52;;15;A27210;;;;;;;;;;;;;;;;;;;;;;;;;;;;;;;;;;;;;;;;;;;;;;;;;;;;;;;;;;;;;;;;;;;;;;;;;
786021;23.02.25 04:24:00;-59,077;-1,935;-14,973;0,239;6,400;1012,922;33,840;87,025;7,295;86,530;7,410;0,650;309,718;7,022;-50,000;3653;365,3;;0,0;60;12,26;5,32;;15;A27210;;;;;;;;;;;;;;;;;;;;;;;;;;;;;;;;;;;;;;;;;;;;;;;;;;;;;;;;;;;;;;;;;;;;;;;;;
786022;23.02.25 04:25:00;-59,955;-1,935;-15,511;0,321;6,360;1012,919;33,846;87,065;7,255;86,755;7,390;0,768;292,455;7,022;-50,000;3653;365,3;;0,0;60;12,26;5,24;;15;A27210;;;;;;;;;;;;;;;;;;;;;;;;;;;;;;;;;;;;;;;;;;;;;;;;;;;;;;;;;;;;;;;;;;;;;;;;;
786023;23.02.25 04:26:00;-61,153;-1,935;-15,268;0,486;6,350;1012,925;33,834;87,165;7,230;87,205;7,395;0,462;224,882;7,010;-50,000;3653;365,3;;0,0;60;12,26;5,20;;15;A27210;;;;;;;;;;;;;;;;;;;;;;;;;;;;;;;;;;;;;;;;;;;;;;;;;;;;;;;;;;;;;;;;;;;;;;;;;
786024;23.02.25 04:27:00;-61,470;-1,935;-15,179;0,122;6,292;1012,919;33,846;87,220;7,195;87,260;7,370;0,550;257,895;7,007;-50,000;3653;365,3;;0,0;60;12,26;5,28;;15;A27210;;;;;;;;;;;;;;;;;;;;;;;;;;;;;;;;;;;;;;;;;;;;;;;;;;;;;;;;;;;;;;;;;;;;;;;;;
786025;23.02.25 04:28:00;-61,709;-1,935;-14,836;0,071;6,260;1012,922;33,855;87,490;7,145;87,245;7,355;0,577;260,066;6,983;-50,000;3653;365,3;;0,0;60;12,27;4,88;;15;A27210;;;;;;;;;;;;;;;;;;;;;;;;;;;;;;;;;;;;;;;;;;;;;;;;;;;;;;;;;;;;;;;;;;;;;;;;;
786026;23.02.25 04:29:00;-62,088;-1,935;-15,038;0,125;6,235;1012,934;33,846;87,475;7,105;87,260;7,360;0,525;269,516;6,991;-50,000;3653;365,3;;0,0;60;12,26;5,36;;15;A27210;;;;;;;;;;;;;;;;;;;;;;;;;;;;;;;;;;;;;;;;;;;;;;;;;;;;;;;;;;;;;;;;;;;;;;;;;
786027;23.02.25 04:30:00;-62,574;-1,935;-15,227;0,268;6,193;1012,946;33,855;87,835;7,040;87,230;7,305;0,689;313,329;6,970;-50,000;3653;365,3;;0,0;60;12,26;5,24;;15;A27210;;;;;;;;;;;;;;;;;;;;;;;;;;;;;;;;;;;;;;;;;;;;;;;;;;;;;;;;;;;;;;;;;;;;;;;;;
786028;23.02.25 04:31:00;-62,901;-1,935;-15,685;0,860;6,210;1012,967;33,834;88,440;7,035;87,485;7,295;0,728;309,938;6,970;-50,000;3653;365,3;;0,0;60;12,25;5,24;;15;A27210;;;;;;;;;;;;;;;;;;;;;;;;;;;;;;;;;;;;;;;;;;;;;;;;;;;;;;;;;;;;;;;;;;;;;;;;;
786029;23.02.25 04:32:00;-62,793;-1,935;-15,401;0,917;6,175;1012,961;33,834;88,810;7,050;87,760;7,310;0,537;198,326;6,955;-50,000;3653;365,3;;0,0;60;12,26;5,12;;15;A27210;;;;;;;;;;;;;;;;;;;;;;;;;;;;;;;;;;;;;;;;;;;;;;;;;;;;;;;;;;;;;;;;;;;;;;;;;
786030;23.02.25 04:33:00;-62,791;-1,935;-15,056;1,190;6,177;1012,982;33,831;89,200;6,990;87,790;7,265;0,723;312,829;6,946;-50,000;3653;365,3;;0,0;60;12,26;5,00;;15;A27210;;;;;;;;;;;;;;;;;;;;;;;;;;;;;;;;;;;;;;;;;;;;;;;;;;;;;;;;;;;;;;;;;;;;;;;;;
786031;23.02.25 04:34:00;-63,027;-1,935;-15,014;1,376;6,165;1013,006;33,831;89,595;6,990;87,870;7,290;0,780;306,113;6,940;-50,000;3653;365,3;;0,0;60;12,26;5,04;;15;A27210;;;;;;;;;;;;;;;;;;;;;;;;;;;;;;;;;;;;;;;;;;;;;;;;;;;;;;;;;;;;;;;;;;;;;;;;;
786032;23.02.25 04:35:00;-63,248;-1,935;-14,841;1,762;6,195;1013,012;33,822;89,965;7,020;88,025;7,305;0,863;295,881;6,940;-50,000;3653;365,3;;0,0;60;12,26;4,92;;15;A27210;;;;;;;;;;;;;;;;;;;;;;;;;;;;;;;;;;;;;;;;;;;;;;;;;;;;;;;;;;;;;;;;;;;;;;;;;
786033;23.02.25 04:36:00;-63,665;-1,935;-14,983;1,469;6,168;1012,991;33,825;89,795;7,040;88,105;7,310;0,461;248,546;6,946;-50,000;3653;365,3;;0,0;60;12,26;5,00;;15;A27210;;;;;;;;;;;;;;;;;;;;;;;;;;;;;;;;;;;;;;;;;;;;;;;;;;;;;;;;;;;;;;;;;;;;;;;;;
786034;23.02.25 04:37:00;-63,751;-1,935;-15,292;0,987;6,122;1013,009;33,822;89,265;6,990;88,050;7,305;0,551;311,771;6,937;-50,000;3653;365,3;;0,0;60;12,26;4,92;;15;A27210;;;;;;;;;;;;;;;;;;;;;;;;;;;;;;;;;;;;;;;;;;;;;;;;;;;;;;;;;;;;;;;;;;;;;;;;;
786035;23.02.25 04:38:00;-63,963;-1,935;-15,803;0,730;6,105;1013,033;33,807;88,995;6,990;87,945;7,305;0,840;300,510;6,934;-50,000;3653;365,3;;0,0;60;12,26;5,04;;15;A27210;;;;;;;;;;;;;;;;;;;;;;;;;;;;;;;;;;;;;;;;;;;;;;;;;;;;;;;;;;;;;;;;;;;;;;;;;
786036;23.02.25 04:39:00;-64,068;-1,935;-15,416;0,955;6,108;1013,045;33,810;89,070;6,960;87,845;7,295;0,738;302,152;6,928;-50,000;3653;365,3;;0,0;60;12,26;4,48;;15;A27210;;;;;;;;;;;;;;;;;;;;;;;;;;;;;;;;;;;;;;;;;;;;;;;;;;;;;;;;;;;;;;;;;;;;;;;;;
786037;23.02.25 04:40:00;-64,221;-1,935;-15,174;1,044;6,088;1013,054;33,804;89,300;6,965;87,845;7,280;0,886;305,258;6,921;-50,000;3653;365,3;;0,0;60;12,27;4,37;;15;A27210;;;;;;;;;;;;;;;;;;;;;;;;;;;;;;;;;;;;;;;;;;;;;;;;;;;;;;;;;;;;;;;;;;;;;;;;;
786038;23.02.25 04:41:00;-64,714;-1,935;-14,864;1,497;6,110;1013,063;33,798;89,835;6,975;87,945;7,280;0,843;300,949;6,915;-50,000;3653;365,3;;0,0;60;12,26;4,52;;15;A27210;;;;;;;;;;;;;;;;;;;;;;;;;;;;;;;;;;;;;;;;;;;;;;;;;;;;;;;;;;;;;;;;;;;;;;;;;
786039;23.02.25 04:42:00;-65,128;-1,935;-15,234;1,513;6,115;1013,060;33,804;89,815;6,990;87,955;7,265;0,674;301,714;6,924;-50,000;3653;365,3;;0,0;60;12,26;4,68;;15;A27210;;;;;;;;;;;;;;;;;;;;;;;;;;;;;;;;;;;;;;;;;;;;;;;;;;;;;;;;;;;;;;;;;;;;;;;;;
786040;23.02.25 04:43:00;-65,619;-1,935;-15,715;1,248;6,088;1013,051;33,807;89,530;6,980;87,940;7,255;0,784;311,513;6,897;-50,000;3653;365,3;;0,0;60;12,25;4,92;;15;A27210;;;;;;;;;;;;;;;;;;;;;;;;;;;;;;;;;;;;;;;;;;;;;;;;;;;;;;;;;;;;;;;;;;;;;;;;;
786041;23.02.25 04:44:00;-65,838;-1,935;-16,151;1,096;6,082;1013,066;33,807;89,350;6,975;87,870;7,255;0,746;302,856;6,909;-50,000;3653;365,3;;0,0;60;12,26;4,52;;15;A27210;;;;;;;;;;;;;;;;;;;;;;;;;;;;;;;;;;;;;;;;;;;;;;;;;;;;;;;;;;;;;;;;;;;;;;;;;
786042;23.02.25 04:45:00;-65,667;-1,935;-15,703;0,962;6,050;1013,063;33,804;89,155;6,985;87,815;7,230;0,499;294,688;6,900;-50,000;3653;365,3;;0,0;60;12,26;4,56;;15;A27210;;;;;;;;;;;;;;;;;;;;;;;;;;;;;;;;;;;;;;;;;;;;;;;;;;;;;;;;;;;;;;;;;;;;;;;;;
786043;23.02.25 04:46:00;-65,797;-1,935;-15,784;0,982;6,025;1013,063;33,804;89,245;6,945;87,825;7,220;0,526;298,170;6,873;-50,000;3653;365,3;;0,0;60;12,26;4,68;;15;A27210;;;;;;;;;;;;;;;;;;;;;;;;;;;;;;;;;;;;;;;;;;;;;;;;;;;;;;;;;;;;;;;;;;;;;;;;;
786044;23.02.25 04:47:00;-65,769;-1,935;-15,860;0,898;6,000;1013,075;33,813;89,165;6,940;87,840;7,210;0,579;290,424;6,854;-50,000;3653;365,3;;0,0;60;12,26;4,56;;15;A27210;;;;;;;;;;;;;;;;;;;;;;;;;;;;;;;;;;;;;;;;;;;;;;;;;;;;;;;;;;;;;;;;;;;;;;;;;
786045;23.02.25 04:48:00;-66,088;-1,935;-16,009;1,171;5,992;1013,081;33,804;89,340;6,925;87,905;7,170;0,663;302,108;6,866;-50,000;3653;365,3;;0,0;60;12,25;4,72;;15;A27210;;;;;;;;;;;;;;;;;;;;;;;;;;;;;;;;;;;;;;;;;;;;;;;;;;;;;;;;;;;;;;;;;;;;;;;;;
786046;23.02.25 04:49:00;-66,398;-1,935;-16,028;1,095;5,962;1013,069;33,804;89,340;6,925;87,970;7,150;0,527;247,303;6,848;-50,000;3653;365,3;;0,0;60;12,26;4,48;;15;A27210;;;;;;;;;;;;;;;;;;;;;;;;;;;;;;;;;;;;;;;;;;;;;;;;;;;;;;;;;;;;;;;;;;;;;;;;;
786047;23.02.25 04:50:00;-66,308;-1,935;-16,312;0,717;5,925;1013,054;33,804;88,980;6,905;87,995;7,180;0,502;183,218;6,854;-50,000;3653;365,3;;0,0;60;12,26;4,48;;15;A27210;;;;;;;;;;;;;;;;;;;;;;;;;;;;;;;;;;;;;;;;;;;;;;;;;;;;;;;;;;;;;;;;;;;;;;;;;
786048;23.02.25 04:51:00;-66,310;-1,935;-16,269;0,508;5,872;1013,036;33,810;88,550;6,855;87,895;7,120;0,472;275,861;6,845;-50,000;3653;365,3;;0,0;60;12,26;4,44;;15;A27210;;;;;;;;;;;;;;;;;;;;;;;;;;;;;;;;;;;;;;;;;;;;;;;;;;;;;;;;;;;;;;;;;;;;;;;;;
786049;23.02.25 04:52:00;-66,102;-1,935;-16,421;0,273;5,837;1013,036;33,804;88,435;6,795;87,810;7,065;0,480;308,604;6,842;-50,000;3653;365,3;;0,0;60;12,25;4,52;;15;A27210;;;;;;;;;;;;;;;;;;;;;;;;;;;;;;;;;;;;;;;;;;;;;;;;;;;;;;;;;;;;;;;;;;;;;;;;;
786050;23.02.25 04:53:00;-65,864;-1,935;-16,518;0,037;5,777;1013,018;33,819;88,095;6,750;87,685;7,015;0,439;301,973;6,839;-50,000;3653;365,3;;0,0;60;12,25;4,40;;15;A27210;;;;;;;;;;;;;;;;;;;;;;;;;;;;;;;;;;;;;;;;;;;;;;;;;;;;;;;;;;;;;;;;;;;;;;;;;
786051;23.02.25 04:54:00;-65,737;-1,935;-16,572;-0,181;5,720;1013,006;33,816;87,975;6,715;87,615;7,010;0,441;204,446;6,839;-50,000;3653;365,3;;0,0;60;12,26;4,01;;15;A27210;;;;;;;;;;;;;;;;;;;;;;;;;;;;;;;;;;;;;;;;;;;;;;;;;;;;;;;;;;;;;;;;;;;;;;;;;
786052;23.02.25 04:55:00;-65,948;-1,935;-16,502;-0,197;5,645;1013,030;33,831;88,015;6,635;87,490;6,940;0,449;248,878;6,836;-50,000;3653;365,3;;0,0;60;12,26;4,17;;15;A27210;;;;;;;;;;;;;;;;;;;;;;;;;;;;;;;;;;;;;;;;;;;;;;;;;;;;;;;;;;;;;;;;;;;;;;;;;
786053;23.02.25 04:56:00;-65,328;-1,935;-16,505;-0,181;5,597;1013,060;33,822;88,120;6,610;87,410;6,870;0,445;247,072;6,824;-50,000;3653;365,3;;0,0;60;12,26;4,29;;15;A27210;;;;;;;;;;;;;;;;;;;;;;;;;;;;;;;;;;;;;;;;;;;;;;;;;;;;;;;;;;;;;;;;;;;;;;;;;
786054;23.02.25 04:57:00;-65,113;-1,935;-16,373;-0,232;5,550;1013,087;33,822;88,135;6,555;87,390;6,880;0,443;181,283;6,830;-50,000;3653;365,3;;0,0;60;12,27;3,97;;15;A27210;;;;;;;;;;;;;;;;;;;;;;;;;;;;;;;;;;;;;;;;;;;;;;;;;;;;;;;;;;;;;;;;;;;;;;;;;
786055;23.02.25 04:58:00;-64,695;-1,935;-16,248;-0,257;5,495;1013,120;33,822;88,310;6,505;87,385;6,825;0,439;158,569;6,830;-50,000;3653;365,3;;0,0;60;12,27;3,93;;15;A27210;;;;;;;;;;;;;;;;;;;;;;;;;;;;;;;;;;;;;;;;;;;;;;;;;;;;;;;;;;;;;;;;;;;;;;;;;
786056;23.02.25 04:59:00;-64,638;-1,935;-16,061;-0,256;5,418;1013,159;33,822;88,485;6,430;87,350;6,715;0,463;270,304;6,821;-50,000;3653;365,3;;0,0;60;12,26;3,97;;15;A27210;;;;;;;;;;;;;;;;;;;;;;;;;;;;;;;;;;;;;;;;;;;;;;;;;;;;;;;;;;;;;;;;;;;;;;;;;
786057;23.02.25 05:00:00;-64,284;-1,935;-14,594;-0,127;5,402;1013,213;33,807;88,900;6,375;87,410;6,660;0,821;308,104;6,781;-50,000;3653;365,3;;0,0;60;12,26;4,09;;15;A27210;;;;;;;;;;;;;;;;;;;;;;;;;;;;;;;;;;;;;;;;;;;;;;;;;;;;;;;;;;;;;;;;;;;;;;;;;
786058;23.02.25 05:01:00;-63,854;-1,935;-13,452;0,906;5,415;1013,261;33,810;90,105;6,395;88,015;6,605;0,765;296,769;6,769;-50,000;3653;365,3;;0,0;60;12,26;4,17;;15;A27210;;;;;;;;;;;;;;;;;;;;;;;;;;;;;;;;;;;;;;;;;;;;;;;;;;;;;;;;;;;;;;;;;;;;;;;;;
786059;23.02.25 05:02:00;-63,324;-1,935;-13,587;1,146;5,410;1013,258;33,810;90,655;6,385;88,530;6,595;0,533;286,166;6,754;-50,000;3653;365,3;;0,0;60;12,26;4,25;;15;A27210;;;;;;;;;;;;;;;;;;;;;;;;;;;;;;;;;;;;;;;;;;;;;;;;;;;;;;;;;;;;;;;;;;;;;;;;;
786060;23.02.25 05:03:00;-63,180;-1,935;-12,237;1,100;5,410;1013,267;33,810;90,865;6,365;88,850;6,565;0,791;289,873;6,750;-50,000;3653;365,3;;0,0;60;12,26;4,13;;15;A27210;;;;;;;;;;;;;;;;;;;;;;;;;;;;;;;;;;;;;;;;;;;;;;;;;;;;;;;;;;;;;;;;;;;;;;;;;
786061;23.02.25 05:04:00;-62,694;-1,935;-10,977;1,604;5,430;1013,258;33,819;91,510;6,390;89,305;6,565;0,858;295,133;6,753;-50,000;3653;365,3;;0,0;60;12,25;4,21;;15;A27210;;;;;;;;;;;;;;;;;;;;;;;;;;;;;;;;;;;;;;;;;;;;;;;;;;;;;;;;;;;;;;;;;;;;;;;;;
786062;23.02.25 05:05:00;-62,744;-1,935;-9,865;1,769;5,450;1013,249;33,816;91,900;6,420;89,715;6,565;0,938;211,500;6,754;-50,000;3653;365,3;;0,0;60;12,26;4,09;;15;A27210;;;;;;;;;;;;;;;;;;;;;;;;;;;;;;;;;;;;;;;;;;;;;;;;;;;;;;;;;;;;;;;;;;;;;;;;;
786063;23.02.25 05:06:00;-62,875;-1,935;-9,782;1,837;5,487;1013,246;33,804;92,205;6,405;89,890;6,545;0,995;328,714;6,750;-50,000;3653;365,3;;0,0;60;12,25;4,21;;15;A27210;;;;;;;;;;;;;;;;;;;;;;;;;;;;;;;;;;;;;;;;;;;;;;;;;;;;;;;;;;;;;;;;;;;;;;;;;
786064;23.02.25 05:07:00;-63,248;-1,935;-10,935;2,127;5,523;1013,249;33,810;92,295;6,420;90,235;6,575;1,161;312,581;6,741;-50,000;3653;365,3;;0,0;60;12,26;3,85;;15;A27210;;;;;;;;;;;;;;;;;;;;;;;;;;;;;;;;;;;;;;;;;;;;;;;;;;;;;;;;;;;;;;;;;;;;;;;;;
786065;23.02.25 05:08:00;-63,660;-1,935;-11,486;2,402;5,572;1013,264;33,804;92,285;6,465;90,355;6,590;1,050;305,696;6,741;-50,000;3653;365,3;;0,0;60;12,25;4,17;;15;A27210;;;;;;;;;;;;;;;;;;;;;;;;;;;;;;;;;;;;;;;;;;;;;;;;;;;;;;;;;;;;;;;;;;;;;;;;;
786066;23.02.25 05:09:00;-63,751;-1,935;-12,174;2,099;5,570;1013,249;33,813;91,935;6,475;90,205;6,595;0,886;313,526;6,741;-50,000;3653;365,3;;0,0;60;12,26;3,85;;15;A27210;;;;;;;;;;;;;;;;;;;;;;;;;;;;;;;;;;;;;;;;;;;;;;;;;;;;;;;;;;;;;;;;;;;;;;;;;
786067;23.02.25 05:10:00;-63,997;-1,935;-13,111;1,713;5,567;1013,261;33,819;91,550;6,490;90,065;6,595;0,868;315,619;6,738;-50,000;3653;365,3;;0,0;60;12,26;4,09;;15;A27210;;;;;;;;;;;;;;;;;;;;;;;;;;;;;;;;;;;;;;;;;;;;;;;;;;;;;;;;;;;;;;;;;;;;;;;;;
786068;23.02.25 05:11:00;-64,723;-1,935;-13,364;1,541;5,562;1013,291;33,804;91,195;6,500;89,900;6,595;1,106;304,656;6,738;-50,000;3653;365,3;;0,0;60;12,25;3,89;;15;A27210;;;;;;;;;;;;;;;;;;;;;;;;;;;;;;;;;;;;;;;;;;;;;;;;;;;;;;;;;;;;;;;;;;;;;;;;;
786069;23.02.25 05:12:00;-64,724;-1,935;-12,424;1,523;5,560;1013,297;33,819;91,030;6,535;89,845;6,590;0,921;172,271;6,723;-50,000;3653;365,3;;0,0;60;12,26;3,97;;15;A27210;;;;;;;;;;;;;;;;;;;;;;;;;;;;;;;;;;;;;;;;;;;;;;;;;;;;;;;;;;;;;;;;;;;;;;;;;
786070;23.02.25 05:13:00;-64,671;-1,935;-12,921;1,449;5,537;1013,282;33,804;90,835;6,480;89,765;6,560;0,688;311,614;6,732;-50,000;3653;365,3;;0,0;60;12,25;3,97;;15;A27210;;;;;;;;;;;;;;;;;;;;;;;;;;;;;;;;;;;;;;;;;;;;;;;;;;;;;;;;;;;;;;;;;;;;;;;;;
786071;23.02.25 05:14:00;-65,015;-1,935;-13,882;1,298;5,505;1013,282;33,810;90,550;6,460;89,785;6,520;0,711;343,322;6,723;-50,000;3653;365,3;;0,0;60;12,26;3,89;;15;A27210;;;;;;;;;;;;;;;;;;;;;;;;;;;;;;;;;;;;;;;;;;;;;;;;;;;;;;;;;;;;;;;;;;;;;;;;;
786072;23.02.25 05:15:00;-65,045;-1,935;-14,218;1,268;5,485;1013,288;33,804;90,530;6,475;89,745;6,510;0,670;331,903;6,705;-50,000;3653;365,3;;0,0;60;12,25;3,77;;15;A27210;;;;;;;;;;;;;;;;;;;;;;;;;;;;;;;;;;;;;;;;;;;;;;;;;;;;;;;;;;;;;;;;;;;;;;;;;
786073;23.02.25 05:16:00;-64,875;-1,935;-14,354;1,056;5,455;1013,273;33,804;90,410;6,465;89,750;6,510;0,488;235,586;6,708;-50,000;3653;365,3;;0,0;60;12,26;3,73;;15;A27210;;;;;;;;;;;;;;;;;;;;;;;;;;;;;;;;;;;;;;;;;;;;;;;;;;;;;;;;;;;;;;;;;;;;;;;;;
786074;23.02.25 05:17:00;-64,590;-1,935;-14,935;0,836;5,410;1013,258;33,801;90,330;6,470;89,815;6,530;0,443;41,001;6,695;-50,000;3653;365,3;;0,0;60;12,27;3,69;;15;A27210;;;;;;;;;;;;;;;;;;;;;;;;;;;;;;;;;;;;;;;;;;;;;;;;;;;;;;;;;;;;;;;;;;;;;;;;;
786075;23.02.25 05:18:00;-64,632;-1,935;-15,292;0,545;5,358;1013,258;33,801;90,015;6,460;89,755;6,520;0,450;34,898;6,674;-50,000;3653;365,3;;0,0;60;12,28;3,65;;15;A27210;;;;;;;;;;;;;;;;;;;;;;;;;;;;;;;;;;;;;;;;;;;;;;;;;;;;;;;;;;;;;;;;;;;;;;;;;
786076;23.02.25 05:19:00;-64,238;-1,935;-15,291;0,315;5,290;1013,264;33,801;89,760;6,410;89,695;6,480;0,441;86,985;6,680;-50,000;3653;365,3;;0,0;60;12,27;3,65;;15;A27210;;;;;;;;;;;;;;;;;;;;;;;;;;;;;;;;;;;;;;;;;;;;;;;;;;;;;;;;;;;;;;;;;;;;;;;;;
786077;23.02.25 05:20:00;-64,310;-1,935;-15,539;0,254;5,242;1013,291;33,804;89,615;6,350;89,575;6,410;0,438;227,036;6,656;-50,000;3653;365,3;;0,0;60;12,26;3,69;;15;A27210;;;;;;;;;;;;;;;;;;;;;;;;;;;;;;;;;;;;;;;;;;;;;;;;;;;;;;;;;;;;;;;;;;;;;;;;;
786078;23.02.25 05:21:00;-63,823;-1,935;-15,383;0,012;5,180;1013,306;33,807;89,480;6,320;89,520;6,395;0,437;114,266;6,656;-50,000;3653;365,3;;0,0;60;12,27;3,85;;15;A27210;;;;;;;;;;;;;;;;;;;;;;;;;;;;;;;;;;;;;;;;;;;;;;;;;;;;;;;;;;;;;;;;;;;;;;;;;
786079;23.02.25 05:22:00;-63,825;-1,935;-15,555;0,079;5,128;1013,336;33,810;89,495;6,260;89,420;6,300;0,500;342,636;6,650;-50,000;3653;365,3;;0,0;60;12,25;3,81;;15;A27210;;;;;;;;;;;;;;;;;;;;;;;;;;;;;;;;;;;;;;;;;;;;;;;;;;;;;;;;;;;;;;;;;;;;;;;;;
786080;23.02.25 05:23:00;-63,530;-1,935;-15,785;0,114;5,072;1013,351;33,819;89,240;6,200;89,355;6,250;0,478;281,863;6,644;-50,000;3653;365,3;;0,0;60;12,25;3,97;;15;A27210;;;;;;;;;;;;;;;;;;;;;;;;;;;;;;;;;;;;;;;;;;;;;;;;;;;;;;;;;;;;;;;;;;;;;;;;;
786081;23.02.25 05:24:00;-63,289;-1,935;-15,916;0,158;5,027;1013,354;33,813;89,110;6,180;89,400;6,245;0,445;182,779;6,644;-50,000;3653;365,3;;0,0;60;12,26;3,89;;15;A27210;;;;;;;;;;;;;;;;;;;;;;;;;;;;;;;;;;;;;;;;;;;;;;;;;;;;;;;;;;;;;;;;;;;;;;;;;
786082;23.02.25 05:25:00;-63,117;-1,935;-15,963;0,083;4,975;1013,378;33,816;89,015;6,070;89,390;6,150;0,439;341,179;6,641;-50,000;3653;365,3;;0,0;60;12,25;3,61;;15;A27210;;;;;;;;;;;;;;;;;;;;;;;;;;;;;;;;;;;;;;;;;;;;;;;;;;;;;;;;;;;;;;;;;;;;;;;;;
786083;23.02.25 05:26:00;-63,234;-1,935;-15,249;-0,021;4,910;1013,393;33,807;88,785;6,055;89,350;6,165;0,722;126,366;6,644;-50,000;3653;365,3;;0,0;60;12,27;3,69;;15;A27210;;;;;;;;;;;;;;;;;;;;;;;;;;;;;;;;;;;;;;;;;;;;;;;;;;;;;;;;;;;;;;;;;;;;;;;;;
786084;23.02.25 05:27:00;-63,778;-1,935;-13,844;-0,257;4,850;1013,411;33,810;88,085;5,955;88,945;6,090;0,911;121,241;6,635;-50,000;3653;365,3;;0,0;60;12,27;3,65;;15;A27210;;;;;;;;;;;;;;;;;;;;;;;;;;;;;;;;;;;;;;;;;;;;;;;;;;;;;;;;;;;;;;;;;;;;;;;;;
786085;23.02.25 05:28:00;-63,699;-1,935;-13,590;-0,257;4,767;1013,438;33,813;87,345;5,845;88,390;5,985;0,929;128,273;6,631;-50,000;3653;365,3;;0,0;60;12,27;3,57;;15;A27210;;;;;;;;;;;;;;;;;;;;;;;;;;;;;;;;;;;;;;;;;;;;;;;;;;;;;;;;;;;;;;;;;;;;;;;;;
786086;23.02.25 05:29:00;-63,536;-1,935;-13,825;-0,257;4,693;1013,459;33,819;86,905;5,745;87,950;5,835;0,456;209,829;6,628;-50,000;3653;365,3;;0,0;60;12,26;3,41;;15;A27210;;;;;;;;;;;;;;;;;;;;;;;;;;;;;;;;;;;;;;;;;;;;;;;;;;;;;;;;;;;;;;;;;;;;;;;;;
786087;23.02.25 05:30:00;-62,450;-1,935;-12,741;-0,257;4,640;1013,489;33,810;86,835;5,650;87,915;5,735;0,973;121,725;6,616;-50,000;3653;365,3;;0,0;60;12,26;3,61;;15;A27210;;;;;;;;;;;;;;;;;;;;;;;;;;;;;;;;;;;;;;;;;;;;;;;;;;;;;;;;;;;;;;;;;;;;;;;;;
786088;23.02.25 05:31:00;-61,617;-1,935;-10,605;-0,237;4,608;1013,516;33,822;88,275;5,620;88,335;5,650;0,908;98,904;6,604;-50,000;3653;365,3;;0,0;60;12,27;3,49;;15;A27210;;;;;;;;;;;;;;;;;;;;;;;;;;;;;;;;;;;;;;;;;;;;;;;;;;;;;;;;;;;;;;;;;;;;;;;;;
786089;23.02.25 05:32:00;-60,778;-1,935;-11,386;-0,033;4,577;1013,516;33,825;89,165;5,570;88,750;5,570;0,468;92,087;6,601;-50,000;3653;365,3;;0,0;60;12,27;3,53;;15;A27210;;;;;;;;;;;;;;;;;;;;;;;;;;;;;;;;;;;;;;;;;;;;;;;;;;;;;;;;;;;;;;;;;;;;;;;;;
786090;23.02.25 05:33:00;-60,273;-1,935;-12,148;0,027;4,537;1013,525;33,834;89,565;5,460;88,960;5,465;0,606;343,412;6,598;-50,000;3653;365,3;;0,0;60;12,25;3,49;;15;A27210;;;;;;;;;;;;;;;;;;;;;;;;;;;;;;;;;;;;;;;;;;;;;;;;;;;;;;;;;;;;;;;;;;;;;;;;;
786091;23.02.25 05:34:00;-59,194;-1,935;-12,680;0,250;4,512;1013,525;33,837;90,105;5,470;89,250;5,425;0,506;260,927;6,595;-50,000;3653;365,3;;0,0;60;12,25;3,49;;15;A27210;;;;;;;;;;;;;;;;;;;;;;;;;;;;;;;;;;;;;;;;;;;;;;;;;;;;;;;;;;;;;;;;;;;;;;;;;
786092;23.02.25 05:35:00;-58,111;-1,935;-12,918;0,379;4,470;1013,531;33,840;90,590;5,460;89,495;5,440;0,537;63,169;6,592;-50,000;3653;365,3;;0,0;60;12,27;3,37;;15;A27210;;;;;;;;;;;;;;;;;;;;;;;;;;;;;;;;;;;;;;;;;;;;;;;;;;;;;;;;;;;;;;;;;;;;;;;;;
786093;23.02.25 05:36:00;-57,181;-1,935;-13,045;0,334;4,455;1013,528;33,828;90,875;5,435;89,750;5,400;0,475;78,041;6,564;-50,000;3653;365,3;;0,0;60;12,27;3,29;;15;A27210;;;;;;;;;;;;;;;;;;;;;;;;;;;;;;;;;;;;;;;;;;;;;;;;;;;;;;;;;;;;;;;;;;;;;;;;;
786094;23.02.25 05:37:00;-56,351;-1,935;-12,982;0,250;4,407;1013,519;33,834;91,105;5,380;89,975;5,370;0,507;63,467;6,571;-50,000;3653;365,3;;0,0;60;12,27;3,17;;15;A27210;;;;;;;;;;;;;;;;;;;;;;;;;;;;;;;;;;;;;;;;;;;;;;;;;;;;;;;;;;;;;;;;;;;;;;;;;
786095;23.02.25 05:38:00;-55,766;-1,935;-12,968;0,211;4,367;1013,513;33,819;91,190;5,305;90,160;5,270;0,463;345,268;6,552;-50,000;3653;365,3;;0,0;60;12,25;3,29;;15;A27210;;;;;;;;;;;;;;;;;;;;;;;;;;;;;;;;;;;;;;;;;;;;;;;;;;;;;;;;;;;;;;;;;;;;;;;;;
786096;23.02.25 05:39:00;-55,590;-1,935;-13,103;0,155;4,332;1013,519;33,813;91,225;5,270;90,340;5,260;0,441;349,470;6,555;-50,000;3653;365,3;;0,0;60;12,25;3,10;;15;A27210;;;;;;;;;;;;;;;;;;;;;;;;;;;;;;;;;;;;;;;;;;;;;;;;;;;;;;;;;;;;;;;;;;;;;;;;;
786097;23.02.25 05:40:00;-55,379;-1,935;-13,021;0,006;4,287;1013,513;33,807;91,310;5,310;90,430;5,295;0,441;93,420;6,546;-50,000;3653;365,3;;0,0;60;12,27;3,25;;15;A27210;;;;;;;;;;;;;;;;;;;;;;;;;;;;;;;;;;;;;;;;;;;;;;;;;;;;;;;;;;;;;;;;;;;;;;;;;
786098;23.02.25 05:41:00;-54,725;-1,935;-12,525;-0,083;4,247;1013,516;33,816;91,375;5,235;90,470;5,245;0,443;202,950;6,546;-50,000;3653;365,3;;0,0;60;12,26;3,21;;15;A27210;;;;;;;;;;;;;;;;;;;;;;;;;;;;;;;;;;;;;;;;;;;;;;;;;;;;;;;;;;;;;;;;;;;;;;;;;
786099;23.02.25 05:42:00;-54,705;-1,935;-12,689;0,110;4,220;1013,528;33,807;91,480;5,225;90,505;5,225;0,458;169,864;6,461;-50,000;3653;365,3;;0,0;60;12,26;3,13;;15;A27210;;;;;;;;;;;;;;;;;;;;;;;;;;;;;;;;;;;;;;;;;;;;;;;;;;;;;;;;;;;;;;;;;;;;;;;;;
786100;23.02.25 05:43:00;-54,025;-1,935;-12,720;0,116;4,180;1013,579;33,816;91,355;5,180;90,535;5,195;0,437;169,808;6,540;-50,000;3653;365,3;;0,0;60;12,26;3,13;;15;A27210;;;;;;;;;;;;;;;;;;;;;;;;;;;;;;;;;;;;;;;;;;;;;;;;;;;;;;;;;;;;;;;;;;;;;;;;;
786101;23.02.25 05:44:00;-53,704;-1,935;-12,827;-0,022;4,133;1013,609;33,813;91,185;5,135;90,545;5,155;0,443;184,275;6,510;-50,000;3653;365,3;;0,0;60;12,26;3,02;;15;A27210;;;;;;;;;;;;;;;;;;;;;;;;;;;;;;;;;;;;;;;;;;;;;;;;;;;;;;;;;;;;;;;;;;;;;;;;;
786102;23.02.25 05:45:00;-53,181;-1,935;-12,689;-0,167;4,092;1013,663;33,816;91,000;5,070;90,580;5,115;0,442;239,738;6,540;-50,000;3653;365,3;;0,0;60;12,25;3,10;;15;A27210;;;;;;;;;;;;;;;;;;;;;;;;;;;;;;;;;;;;;;;;;;;;;;;;;;;;;;;;;;;;;;;;;;;;;;;;;
786103;23.02.25 05:46:00;-53,090;-1,935;-12,681;-0,200;4,050;1013,702;33,816;90,995;5,030;90,555;5,060;0,438;270,788;6,498;-50,000;3653;365,3;;0,0;60;12,25;3,25;;15;A27210;;;;;;;;;;;;;;;;;;;;;;;;;;;;;;;;;;;;;;;;;;;;;;;;;;;;;;;;;;;;;;;;;;;;;;;;;
786104;23.02.25 05:47:00;-53,191;-1,935;-12,474;-0,218;3,990;1013,729;33,816;90,970;4,990;90,600;5,050;0,517;205,059;6,473;-50,000;3653;365,3;;0,0;60;12,26;3,17;;15;A27210;;;;;;;;;;;;;;;;;;;;;;;;;;;;;;;;;;;;;;;;;;;;;;;;;;;;;;;;;;;;;;;;;;;;;;;;;
786105;23.02.25 05:48:00;-52,527;-1,935;-12,092;-0,237;3,960;1013,741;33,819;90,835;4,950;90,575;4,995;0,581;277,628;6,473;-50,000;3653;365,3;;0,0;60;12,25;2,90;;15;A27210;;;;;;;;;;;;;;;;;;;;;;;;;;;;;;;;;;;;;;;;;;;;;;;;;;;;;;;;;;;;;;;;;;;;;;;;;
786106;23.02.25 05:49:00;-51,945;-1,935;-12,277;0,016;3,938;1013,747;33,822;90,855;4,865;90,600;4,945;0,759;301,708;6,418;-50,000;3653;365,3;;0,0;60;12,24;2,94;;15;A27210;;;;;;;;;;;;;;;;;;;;;;;;;;;;;;;;;;;;;;;;;;;;;;;;;;;;;;;;;;;;;;;;;;;;;;;;;
786107;23.02.25 05:50:00;-50,952;-1,935;-11,921;0,242;3,930;1013,777;33,819;91,000;4,835;90,750;4,925;0,627;270,737;6,442;-50,000;3653;365,3;;0,0;60;12,25;2,78;;15;A27210;;;;;;;;;;;;;;;;;;;;;;;;;;;;;;;;;;;;;;;;;;;;;;;;;;;;;;;;;;;;;;;;;;;;;;;;;
786108;23.02.25 05:51:00;-49,839;-1,935;-11,605;0,661;3,902;1013,792;33,819;91,285;4,805;90,920;4,900;0,493;311,912;6,393;-50,000;3653;365,3;;0,0;60;12,25;2,66;;15;A27210;;;;;;;;;;;;;;;;;;;;;;;;;;;;;;;;;;;;;;;;;;;;;;;;;;;;;;;;;;;;;;;;;;;;;;;;;
786109;23.02.25 05:52:00;-48,744;-1,935;-11,638;0,758;3,885;1013,804;33,828;91,590;4,800;91,135;4,860;0,442;276,058;6,363;-50,000;3653;365,3;;0,0;60;12,25;2,74;;15;A27210;;;;;;;;;;;;;;;;;;;;;;;;;;;;;;;;;;;;;;;;;;;;;;;;;;;;;;;;;;;;;;;;;;;;;;;;;
786110;23.02.25 05:53:00;-47,916;-1,935;-11,691;0,569;3,860;1013,783;33,828;91,800;4,775;91,230;4,845;0,444;255,662;6,357;-50,000;3653;365,3;;0,0;60;12,26;2,78;;15;A27210;;;;;;;;;;;;;;;;;;;;;;;;;;;;;;;;;;;;;;;;;;;;;;;;;;;;;;;;;;;;;;;;;;;;;;;;;
786111;23.02.25 05:54:00;-47,048;-1,935;-11,489;0,427;3,825;1013,723;33,828;91,860;4,700;91,390;4,835;0,442;326,919;6,351;-50,000;3653;365,3;;0,0;60;12,25;2,90;;15;A27210;;;;;;;;;;;;;;;;;;;;;;;;;;;;;;;;;;;;;;;;;;;;;;;;;;;;;;;;;;;;;;;;;;;;;;;;;
786112;23.02.25 05:55:00;-46,116;-1,935;-11,402;0,338;3,785;1013,705;33,828;91,790;4,655;91,405;4,785;0,442;332,426;6,351;-50,000;3653;365,3;;0,0;60;12,24;2,78;;15;A27210;;;;;;;;;;;;;;;;;;;;;;;;;;;;;;;;;;;;;;;;;;;;;;;;;;;;;;;;;;;;;;;;;;;;;;;;;
786113;23.02.25 05:56:00;-45,611;-1,935;-10,956;0,452;3,760;1013,723;33,837;91,860;4,625;91,425;4,780;0,471;332,882;6,351;-50,000;3653;365,3;;0,0;60;12,25;2,62;;15;A27210;;;;;;;;;;;;;;;;;;;;;;;;;;;;;;;;;;;;;;;;;;;;;;;;;;;;;;;;;;;;;;;;;;;;;;;;;
786114;23.02.25 05:57:00;-45,542;-1,935;-10,828;0,681;3,753;1013,738;33,855;92,310;4,640;91,505;4,780;0,788;318,285;6,348;-50,000;3653;365,3;;0,0;60;12,25;2,38;;15;A27210;;;;;;;;;;;;;;;;;;;;;;;;;;;;;;;;;;;;;;;;;;;;;;;;;;;;;;;;;;;;;;;;;;;;;;;;;
786115;23.02.25 05:58:00;-45,222;-1,935;-10,775;0,933;3,750;1013,738;33,855;92,740;4,625;91,575;4,690;0,751;306,231;6,345;-50,000;3653;365,3;;0,0;60;12,25;2,82;;15;A27210;;;;;;;;;;;;;;;;;;;;;;;;;;;;;;;;;;;;;;;;;;;;;;;;;;;;;;;;;;;;;;;;;;;;;;;;;
786116;23.02.25 05:59:00;-44,905;-1,935;-9,616;0,916;3,777;1013,738;33,864;93,045;4,640;91,745;4,705;0,945;305,179;6,333;-50,000;3653;365,3;;0,0;60;12,25;2,70;;15;A27210;;;;;;;;;;;;;;;;;;;;;;;;;;;;;;;;;;;;;;;;;;;;;;;;;;;;;;;;;;;;;;;;;;;;;;;;;
786117;23.02.25 06:00:00;-44,683;-1,935;-8,791;1,287;3,815;1013,759;33,855;93,455;4,655;91,995;4,685;0,893;308,998;6,345;-50,000;3653;365,3;;0,0;60;12,25;2,74;;15;A27210;;;;;;;;;;;;;;;;;;;;;;;;;;;;;;;;;;;;;;;;;;;;;;;;;;;;;;;;;;;;;;;;;;;;;;;;;
786118;23.02.25 06:01:00;-44,335;-1,935;-8,950;1,323;3,813;1013,786;33,849;93,655;4,645;92,165;4,690;0,698;274,433;6,329;-50,000;3653;365,3;;0,0;60;12,25;2,66;;15;A27210;;;;;;;;;;;;;;;;;;;;;;;;;;;;;;;;;;;;;;;;;;;;;;;;;;;;;;;;;;;;;;;;;;;;;;;;;
786119;23.02.25 06:02:00;-43,900;-1,935;-9,186;1,498;3,832;1013,834;33,846;93,885;4,660;92,240;4,680;0,563;285,114;6,305;-50,000;3653;365,3;;0,0;60;12,25;2,58;;15;A27210;;;;;;;;;;;;;;;;;;;;;;;;;;;;;;;;;;;;;;;;;;;;;;;;;;;;;;;;;;;;;;;;;;;;;;;;;
786120;23.02.25 06:03:00;-43,808;-1,935;-9,703;1,264;3,822;1013,873;33,840;93,980;4,675;92,375;4,690;0,571;269,297;6,323;-50,000;3653;365,3;;0,0;60;12,26;2,46;;15;A27210;;;;;;;;;;;;;;;;;;;;;;;;;;;;;;;;;;;;;;;;;;;;;;;;;;;;;;;;;;;;;;;;;;;;;;;;;
786121;23.02.25 06:04:00;-43,758;-1,935;-9,567;0,852;3,832;1013,918;33,837;93,845;4,675;92,460;4,675;0,606;222,486;6,296;-50,000;3653;365,3;;0,0;60;12,25;2,54;;15;A27210;;;;;;;;;;;;;;;;;;;;;;;;;;;;;;;;;;;;;;;;;;;;;;;;;;;;;;;;;;;;;;;;;;;;;;;;;
786122;23.02.25 06:05:00;-43,473;-1,935;-9,060;0,692;3,815;1013,939;33,837;93,705;4,655;92,510;4,695;0,513;237,150;6,293;-50,000;3653;365,3;;0,0;60;12,26;2,54;;15;A27210;;;;;;;;;;;;;;;;;;;;;;;;;;;;;;;;;;;;;;;;;;;;;;;;;;;;;;;;;;;;;;;;;;;;;;;;;
786123;23.02.25 06:06:00;-43,511;-1,935;-8,451;0,550;3,785;1013,990;33,831;93,580;4,630;92,530;4,690;0,919;209,869;6,259;-50,000;3653;365,3;;0,0;60;12,26;2,38;;15;A27210;;;;;;;;;;;;;;;;;;;;;;;;;;;;;;;;;;;;;;;;;;;;;;;;;;;;;;;;;;;;;;;;;;;;;;;;;
786124;23.02.25 06:07:00;-43,698;-1,935;-7,038;0,418;3,773;1014,032;33,852;93,400;4,645;92,475;4,690;1,018;201,083;6,253;-50,000;3653;365,3;;0,0;60;12,26;2,34;;15;A27210;;;;;;;;;;;;;;;;;;;;;;;;;;;;;;;;;;;;;;;;;;;;;;;;;;;;;;;;;;;;;;;;;;;;;;;;;
786125;23.02.25 06:08:00;-43,602;-1,935;-6,482;0,666;3,773;1014,077;33,852;93,455;4,630;92,430;4,645;0,933;194,243;6,278;-50,000;3653;365,3;;0,0;60;12,26;2,34;;15;A27210;;;;;;;;;;;;;;;;;;;;;;;;;;;;;;;;;;;;;;;;;;;;;;;;;;;;;;;;;;;;;;;;;;;;;;;;;
786126;23.02.25 06:09:00;-43,280;-1,935;-6,826;0,852;3,790;1014,092;33,849;93,625;4,640;92,535;4,635;0,711;206,837;6,256;-50,000;3653;365,3;;0,0;60;12,26;2,06;;15;A27210;;;;;;;;;;;;;;;;;;;;;;;;;;;;;;;;;;;;;;;;;;;;;;;;;;;;;;;;;;;;;;;;;;;;;;;;;
786127;23.02.25 06:10:00;-43,093;-1,935;-7,633;0,692;3,765;1014,104;33,846;93,580;4,620;92,590;4,630;0,638;205,824;6,259;-50,000;3653;365,3;;0,0;60;12,27;2,22;;15;A27210;;;;;;;;;;;;;;;;;;;;;;;;;;;;;;;;;;;;;;;;;;;;;;;;;;;;;;;;;;;;;;;;;;;;;;;;;
786128;23.02.25 06:11:00;-42,762;-1,935;-8,062;0,517;3,745;1014,107;33,840;93,465;4,620;92,620;4,610;0,513;206,511;6,256;-50,000;3653;365,3;;0,0;60;12,26;2,46;;15;A27210;;;;;;;;;;;;;;;;;;;;;;;;;;;;;;;;;;;;;;;;;;;;;;;;;;;;;;;;;;;;;;;;;;;;;;;;;
786129;23.02.25 06:12:00;-42,519;-1,935;-8,619;0,382;3,725;1014,113;33,855;93,215;4,555;92,575;4,580;0,459;276,114;6,253;-50,000;3653;365,3;;0,0;60;12,26;2,46;;15;A27210;;;;;;;;;;;;;;;;;;;;;;;;;;;;;;;;;;;;;;;;;;;;;;;;;;;;;;;;;;;;;;;;;;;;;;;;;
786130;23.02.25 06:13:00;-42,392;-1,935;-8,813;0,241;3,688;1014,131;33,846;92,990;4,560;92,580;4,585;0,484;176,895;6,250;-50,000;3653;365,3;;0,0;60;12,26;2,22;;15;A27210;;;;;;;;;;;;;;;;;;;;;;;;;;;;;;;;;;;;;;;;;;;;;;;;;;;;;;;;;;;;;;;;;;;;;;;;;
786131;23.02.25 06:14:00;-42,151;-1,935;-8,827;0,250;3,645;1014,131;33,843;92,905;4,530;92,525;4,535;0,546;275,321;6,247;-50,000;3653;365,3;;0,0;60;12,25;2,30;;15;A27210;;;;;;;;;;;;;;;;;;;;;;;;;;;;;;;;;;;;;;;;;;;;;;;;;;;;;;;;;;;;;;;;;;;;;;;;;
786132;23.02.25 06:15:00;-41,954;-1,935;-8,908;0,270;3,617;1014,155;33,852;92,780;4,490;92,485;4,450;0,544;337,404;6,250;-50,000;3653;365,3;;0,0;60;12,25;2,42;;15;A27210;;;;;;;;;;;;;;;;;;;;;;;;;;;;;;;;;;;;;;;;;;;;;;;;;;;;;;;;;;;;;;;;;;;;;;;;;
786133;23.02.25 06:16:00;-41,956;-1,935;-9,250;0,244;3,572;1014,164;33,855;92,660;4,445;92,495;4,425;0,586;328,005;6,234;-50,000;3653;365,3;;0,0;60;12,25;2,18;;15;A27210;;;;;;;;;;;;;;;;;;;;;;;;;;;;;;;;;;;;;;;;;;;;;;;;;;;;;;;;;;;;;;;;;;;;;;;;;
786134;23.02.25 06:17:00;-41,729;-1,935;-9,085;0,340;3,557;1014,176;33,843;92,675;4,420;92,505;4,395;0,679;356,906;6,244;-50,000;3653;365,3;;0,0;60;12,25;2,34;;15;A27210;;;;;;;;;;;;;;;;;;;;;;;;;;;;;;;;;;;;;;;;;;;;;;;;;;;;;;;;;;;;;;;;;;;;;;;;;
786135;23.02.25 06:18:00;-41,845;-1,935;-8,942;0,606;3,530;1014,194;33,831;92,820;4,420;92,555;4,355;0,748;339,131;6,232;-50,000;3653;365,3;;0,0;60;12,25;2,22;;15;A27210;;;;;;;;;;;;;;;;;;;;;;;;;;;;;;;;;;;;;;;;;;;;;;;;;;;;;;;;;;;;;;;;;;;;;;;;;
786136;23.02.25 06:19:00;-41,994;-1,935;-8,834;0,978;3,550;1014,224;33,846;93,075;4,430;92,660;4,340;0,837;349,318;6,210;-50,000;3653;365,3;;0,0;60;12,24;2,50;;15;A27210;;;;;;;;;;;;;;;;;;;;;;;;;;;;;;;;;;;;;;;;;;;;;;;;;;;;;;;;;;;;;;;;;;;;;;;;;
786137;23.02.25 06:20:00;-42,232;-1,935;-8,360;1,311;3,555;1014,233;33,840;93,490;4,435;92,870;4,335;0,838;334,924;6,232;-50,000;3653;365,3;;0,0;60;12,24;2,34;;15;A27210;;;;;;;;;;;;;;;;;;;;;;;;;;;;;;;;;;;;;;;;;;;;;;;;;;;;;;;;;;;;;;;;;;;;;;;;;
786138;23.02.25 06:21:00;-42,413;-1,935;-8,575;1,518;3,572;1014,239;33,837;93,720;4,435;93,115;4,345;0,648;340,116;6,198;-50,000;3653;365,3;;0,0;60;12,25;2,30;;15;A27210;;;;;;;;;;;;;;;;;;;;;;;;;;;;;;;;;;;;;;;;;;;;;;;;;;;;;;;;;;;;;;;;;;;;;;;;;
786139;23.02.25 06:22:00;-42,188;-1,935;-8,771;1,600;3,585;1014,218;33,852;93,940;4,455;93,225;4,365;0,530;253,294;6,183;-50,000;3653;365,3;;0,0;60;12,25;2,30;;15;A27210;;;;;;;;;;;;;;;;;;;;;;;;;;;;;;;;;;;;;;;;;;;;;;;;;;;;;;;;;;;;;;;;;;;;;;;;;
786140;23.02.25 06:23:00;-42,306;-1,935;-8,955;1,519;3,577;1014,218;33,849;94,065;4,485;93,350;4,360;0,439;297,186;6,189;-50,000;3653;365,3;;0,0;60;12,24;2,30;;15;A27210;;;;;;;;;;;;;;;;;;;;;;;;;;;;;;;;;;;;;;;;;;;;;;;;;;;;;;;;;;;;;;;;;;;;;;;;;
786141;23.02.25 06:24:00;-42,123;-1,935;-8,916;1,072;3,558;1014,215;33,840;94,000;4,460;93,460;4,385;0,444;298,418;6,180;-50,000;3653;365,3;;0,0;60;12,25;2,18;;15;A27210;;;;;;;;;;;;;;;;;;;;;;;;;;;;;;;;;;;;;;;;;;;;;;;;;;;;;;;;;;;;;;;;;;;;;;;;;
786142;23.02.25 06:25:00;-42,458;-1,935;-8,849;0,893;3,545;1014,215;33,849;93,960;4,480;93,480;4,410;0,573;208,260;6,189;-50,000;3653;365,3;;0,0;60;12,25;2,34;;15;A27210;;;;;;;;;;;;;;;;;;;;;;;;;;;;;;;;;;;;;;;;;;;;;;;;;;;;;;;;;;;;;;;;;;;;;;;;;
786143;23.02.25 06:26:00;-42,581;-1,935;-8,599;0,625;3,532;1014,224;33,852;93,835;4,455;93,565;4,435;0,718;198,101;6,161;-50,000;3653;365,3;;0,0;60;12,25;2,38;;15;A27210;;;;;;;;;;;;;;;;;;;;;;;;;;;;;;;;;;;;;;;;;;;;;;;;;;;;;;;;;;;;;;;;;;;;;;;;;
786144;23.02.25 06:27:00;-42,712;-1,935;-8,214;0,380;3,505;1014,233;33,858;93,610;4,445;93,495;4,445;0,568;156,786;6,170;-50,000;3653;365,3;;0,0;60;12,26;1,98;;15;A27210;;;;;;;;;;;;;;;;;;;;;;;;;;;;;;;;;;;;;;;;;;;;;;;;;;;;;;;;;;;;;;;;;;;;;;;;;
786145;23.02.25 06:28:00;-42,579;-1,935;-8,592;0,214;3,470;1014,233;33,864;93,355;4,435;93,420;4,440;0,548;109,491;6,158;-50,000;3653;365,3;;0,0;60;12,26;2,02;;15;A27210;;;;;;;;;;;;;;;;;;;;;;;;;;;;;;;;;;;;;;;;;;;;;;;;;;;;;;;;;;;;;;;;;;;;;;;;;
786146;23.02.25 06:29:00;-43,014;-1,935;-8,863;0,044;3,415;1014,242;33,858;93,060;4,390;93,325;4,370;0,505;170,308;6,158;-50,000;3653;365,3;;0,0;60;12,26;2,14;;15;A27210;;;;;;;;;;;;;;;;;;;;;;;;;;;;;;;;;;;;;;;;;;;;;;;;;;;;;;;;;;;;;;;;;;;;;;;;;
786147;23.02.25 06:30:00;-43,382;-1,935;-7,938;-0,131;3,382;1014,248;33,849;92,735;4,355;93,225;4,365;0,792;197,747;6,155;-50,000;3653;365,3;;0,0;60;12,26;2,18;;15;A27210;;;;;;;;;;;;;;;;;;;;;;;;;;;;;;;;;;;;;;;;;;;;;;;;;;;;;;;;;;;;;;;;;;;;;;;;;
786148;23.02.25 06:31:00;-43,637;-1,935;-7,873;-0,212;3,340;1014,257;33,846;92,365;4,300;93,035;4,285;0,538;165,488;6,155;-50,000;3653;365,3;;0,0;60;12,26;2,02;;15;A27210;;;;;;;;;;;;;;;;;;;;;;;;;;;;;;;;;;;;;;;;;;;;;;;;;;;;;;;;;;;;;;;;;;;;;;;;;
786149;23.02.25 06:32:00;-43,647;-1,935;-8,431;-0,179;3,297;1014,251;33,849;92,180;4,270;92,990;4,280;0,459;132,834;6,155;-50,000;3653;365,3;;0,0;60;12,26;2,02;;15;A27210;;;;;;;;;;;;;;;;;;;;;;;;;;;;;;;;;;;;;;;;;;;;;;;;;;;;;;;;;;;;;;;;;;;;;;;;;
786150;23.02.25 06:33:00;-44,097;-1,935;-8,745;-0,129;3,243;1014,254;33,843;92,125;4,245;92,900;4,210;0,616;106,363;6,149;-50,000;3653;365,3;;0,0;60;12,27;1,94;;15;A27210;;;;;;;;;;;;;;;;;;;;;;;;;;;;;;;;;;;;;;;;;;;;;;;;;;;;;;;;;;;;;;;;;;;;;;;;;
786151;23.02.25 06:34:00;-44,522;-1,935;-8,576;-0,191;3,210;1014,251;33,846;91,900;4,175;92,855;4,165;0,561;153,675;6,143;-50,000;3653;365,3;;0,0;60;12,26;2,18;;15;A27210;;;;;;;;;;;;;;;;;;;;;;;;;;;;;;;;;;;;;;;;;;;;;;;;;;;;;;;;;;;;;;;;;;;;;;;;;
786152;23.02.25 06:35:00;-44,680;-1,935;-8,891;-0,175;3,180;1014,272;33,861;91,710;4,150;92,810;4,085;0,439;238,179;6,143;-50,000;3653;365,3;;0,0;60;12,25;2,14;;15;A27210;;;;;;;;;;;;;;;;;;;;;;;;;;;;;;;;;;;;;;;;;;;;;;;;;;;;;;;;;;;;;;;;;;;;;;;;;
786153;23.02.25 06:36:00;-44,765;-1,935;-9,204;-0,170;3,125;1014,281;33,849;91,585;4,095;92,850;4,030;0,459;234,276;6,128;-50,000;3653;365,3;;0,0;60;12,25;1,90;;15;A27210;;;;;;;;;;;;;;;;;;;;;;;;;;;;;;;;;;;;;;;;;;;;;;;;;;;;;;;;;;;;;;;;;;;;;;;;;
786154;23.02.25 06:37:00;-44,941;-1,935;-9,109;-0,220;3,087;1014,281;33,840;91,655;4,085;92,880;4,015;0,466;59,333;6,119;-50,000;3653;365,3;;0,0;60;12,27;2,22;;15;A27210;;;;;;;;;;;;;;;;;;;;;;;;;;;;;;;;;;;;;;;;;;;;;;;;;;;;;;;;;;;;;;;;;;;;;;;;;
786155;23.02.25 06:38:00;-45,109;-1,935;-9,115;-0,180;3,050;1014,296;33,834;91,780;4,045;92,855;3,980;0,507;120,392;6,116;-50,000;3653;365,3;;0,0;60;12,26;2,10;;15;A27210;;;;;;;;;;;;;;;;;;;;;;;;;;;;;;;;;;;;;;;;;;;;;;;;;;;;;;;;;;;;;;;;;;;;;;;;;
786156;23.02.25 06:39:00;-45,106;-1,935;-9,051;-0,094;3,020;1014,293;33,837;91,985;3,990;92,900;3,945;0,461;123,351;6,094;-50,000;3653;365,3;;0,0;60;12,26;2,18;;15;A27210;;;;;;;;;;;;;;;;;;;;;;;;;;;;;;;;;;;;;;;;;;;;;;;;;;;;;;;;;;;;;;;;;;;;;;;;;
786157;23.02.25 06:40:00;-45,239;-1,935;-9,049;-0,045;2,965;1014,335;33,840;92,055;3,975;92,945;3,900;0,470;162,551;6,082;-50,000;3653;365,3;;0,0;60;12,26;1,94;;15;A27210;;;;;;;;;;;;;;;;;;;;;;;;;;;;;;;;;;;;;;;;;;;;;;;;;;;;;;;;;;;;;;;;;;;;;;;;;
786158;23.02.25 06:41:00;-46,010;-1,935;-8,612;0,045;2,937;1014,362;33,843;92,080;3,915;92,935;3,845;0,873;319,680;6,073;-50,000;3653;365,3;;0,0;60;12,25;1,71;;15;A27210;;;;;;;;;;;;;;;;;;;;;;;;;;;;;;;;;;;;;;;;;;;;;;;;;;;;;;;;;;;;;;;;;;;;;;;;;
786159;23.02.25 06:42:00;-46,209;-1,935;-7,700;0,591;2,960;1014,392;33,852;92,435;3,890;93,000;3,830;0,843;300,156;6,070;-50,000;3653;365,3;;0,0;60;12,25;1,47;;15;A27210;;;;;;;;;;;;;;;;;;;;;;;;;;;;;;;;;;;;;;;;;;;;;;;;;;;;;;;;;;;;;;;;;;;;;;;;;
786160;23.02.25 06:43:00;-45,866;-1,935;-7,376;1,474;2,977;1014,371;33,861;93,170;3,920;93,185;3,805;0,551;253,294;6,073;-50,000;3653;365,3;;0,0;60;12,25;1,75;;15;A27210;;;;;;;;;;;;;;;;;;;;;;;;;;;;;;;;;;;;;;;;;;;;;;;;;;;;;;;;;;;;;;;;;;;;;;;;;
786161;23.02.25 06:44:00;-45,871;-1,935;-8,139;1,475;2,970;1014,308;33,849;93,645;3,990;93,340;3,825;0,439;69,182;6,073;-50,000;3653;365,3;;0,0;60;12,26;1,79;;15;A27210;;;;;;;;;;;;;;;;;;;;;;;;;;;;;;;;;;;;;;;;;;;;;;;;;;;;;;;;;;;;;;;;;;;;;;;;;
786162;23.02.25 06:45:00;-46,050;-1,935;-8,612;1,107;2,957;1014,257;33,849;93,655;3,970;93,485;3,835;0,438;75,437;6,058;-50,000;3653;365,3;;0,0;60;12,26;1,43;;15;A27210;;;;;;;;;;;;;;;;;;;;;;;;;;;;;;;;;;;;;;;;;;;;;;;;;;;;;;;;;;;;;;;;;;;;;;;;;
786163;23.02.25 06:46:00;-46,508;-1,935;-8,850;0,888;2,935;1014,236;33,858;93,540;3,930;93,505;3,820;0,442;184,073;6,058;-50,000;3653;365,3;;0,0;60;12,25;1,55;;15;A27210;;;;;;;;;;;;;;;;;;;;;;;;;;;;;;;;;;;;;;;;;;;;;;;;;;;;;;;;;;;;;;;;;;;;;;;;;
786164;23.02.25 06:47:00;-45,962;-1,935;-8,931;0,745;2,902;1014,212;33,855;93,550;3,915;93,550;3,815;0,461;60,249;6,055;-50,000;3653;365,3;;0,0;60;12,27;1,67;;15;A27210;;;;;;;;;;;;;;;;;;;;;;;;;;;;;;;;;;;;;;;;;;;;;;;;;;;;;;;;;;;;;;;;;;;;;;;;;
786165;23.02.25 06:48:00;-45,637;-1,935;-9,227;0,716;2,870;1014,218;33,858;93,620;3,875;93,530;3,790;0,493;190,463;6,055;-50,000;3653;365,3;;0,0;60;12,25;1,59;;15;A27210;;;;;;;;;;;;;;;;;;;;;;;;;;;;;;;;;;;;;;;;;;;;;;;;;;;;;;;;;;;;;;;;;;;;;;;;;
786166;23.02.25 06:49:00;-46,356;-1,935;-9,205;0,686;2,860;1014,251;33,855;93,550;3,860;93,580;3,775;0,446;236,616;6,055;-50,000;3653;365,3;;0,0;60;12,25;1,71;;15;A27210;;;;;;;;;;;;;;;;;;;;;;;;;;;;;;;;;;;;;;;;;;;;;;;;;;;;;;;;;;;;;;;;;;;;;;;;;
786167;23.02.25 06:50:00;-46,290;-1,935;-9,138;0,563;2,827;1014,275;33,858;93,420;3,820;93,590;3,765;0,458;305,139;6,058;-50,000;3653;365,3;;0,0;60;12,25;1,59;;15;A27210;;;;;;;;;;;;;;;;;;;;;;;;;;;;;;;;;;;;;;;;;;;;;;;;;;;;;;;;;;;;;;;;;;;;;;;;;
786168;23.02.25 06:51:00;-46,520;-1,935;-9,123;0,700;2,812;1014,305;33,849;93,455;3,805;93,605;3,730;0,793;305,314;6,051;-50,000;3653;365,3;;0,0;60;12,24;1,71;;15;A27210;;;;;;;;;;;;;;;;;;;;;;;;;;;;;;;;;;;;;;;;;;;;;;;;;;;;;;;;;;;;;;;;;;;;;;;;;
786169;23.02.25 06:52:00;-46,348;-1,935;-8,922;0,943;2,820;1014,317;33,855;93,590;3,830;93,590;3,705;0,606;301,854;6,036;-50,000;3653;365,3;;0,0;60;12,24;1,83;;15;A27210;;;;;;;;;;;;;;;;;;;;;;;;;;;;;;;;;;;;;;;;;;;;;;;;;;;;;;;;;;;;;;;;;;;;;;;;;
786170;23.02.25 06:53:00;-46,780;-1,935;-8,744;1,196;2,832;1014,350;33,855;93,705;3,805;93,730;3,735;0,763;255,392;6,042;-50,000;3653;365,3;;0,0;60;12,25;1,75;;15;A27210;;;;;;;;;;;;;;;;;;;;;;;;;;;;;;;;;;;;;;;;;;;;;;;;;;;;;;;;;;;;;;;;;;;;;;;;;
786171;23.02.25 06:54:00;-46,830;-1,935;-8,419;1,674;2,858;1014,335;33,846;93,915;3,805;93,870;3,720;0,570;299,925;6,024;-50,000;3653;365,3;;0,0;60;12,25;1,79;;15;A27210;;;;;;;;;;;;;;;;;;;;;;;;;;;;;;;;;;;;;;;;;;;;;;;;;;;;;;;;;;;;;;;;;;;;;;;;;
786172;23.02.25 06:55:00;-47,214;-1,935;-8,932;1,878;2,857;1014,332;33,846;94,225;3,835;94,015;3,725;0,800;300,431;6,015;-50,000;3653;365,3;;0,0;60;12,24;1,43;;15;A27210;;;;;;;;;;;;;;;;;;;;;;;;;;;;;;;;;;;;;;;;;;;;;;;;;;;;;;;;;;;;;;;;;;;;;;;;;
786173;23.02.25 06:56:00;-47,761;-1,935;-7,720;1,928;2,912;1014,365;33,858;94,370;3,875;94,195;3,780;1,096;200,874;6,018;-50,000;3653;365,3;;0,0;60;12,26;1,27;;15;A27210;;;;;;;;;;;;;;;;;;;;;;;;;;;;;;;;;;;;;;;;;;;;;;;;;;;;;;;;;;;;;;;;;;;;;;;;;
786174;23.02.25 06:57:00;-47,553;-1,935;-7,093;1,766;2,932;1014,338;33,855;94,560;3,875;94,380;3,835;0,799;176,918;6,000;-50,000;3653;365,3;;0,0;60;12,25;1,83;;15;A27210;;;;;;;;;;;;;;;;;;;;;;;;;;;;;;;;;;;;;;;;;;;;;;;;;;;;;;;;;;;;;;;;;;;;;;;;;
786175;23.02.25 06:58:00;-47,821;-1,935;-7,689;1,478;2,920;1014,329;33,861;94,460;3,840;94,300;3,805;0,751;304,037;5,978;-50,000;3653;365,3;;0,0;60;12,25;1,47;;15;A27210;;;;;;;;;;;;;;;;;;;;;;;;;;;;;;;;;;;;;;;;;;;;;;;;;;;;;;;;;;;;;;;;;;;;;;;;;
786176;23.02.25 06:59:00;-47,798;-1,935;-8,060;1,361;2,937;1014,359;33,849;94,420;3,840;94,235;3,815;0,929;272,852;5,982;-50,000;3653;365,3;;0,0;60;12,25;1,39;;15;A27210;;;;;;;;;;;;;;;;;;;;;;;;;;;;;;;;;;;;;;;;;;;;;;;;;;;;;;;;;;;;;;;;;;;;;;;;;
786177;23.02.25 07:00:00;-47,411;-1,935;-8,395;2,004;2,963;1014,356;33,855;94,435;3,870;94,425;3,840;0,634;311,558;5,963;-50,000;3653;365,3;;0,0;60;12,24;1,43;;15;A27210;;;;;;;;;;;;;;;;;;;;;;;;;;;;;;;;;;;;;;;;;;;;;;;;;;;;;;;;;;;;;;;;;;;;;;;;;
786178;23.02.25 07:01:00;-48,135;-1,935;-8,916;1,512;2,953;1014,365;33,858;94,360;3,840;94,455;3,860;0,662;264,054;5,972;-50,000;3653;365,3;;0,0;60;12,25;1,55;;15;A27210;;;;;;;;;;;;;;;;;;;;;;;;;;;;;;;;;;;;;;;;;;;;;;;;;;;;;;;;;;;;;;;;;;;;;;;;;
786179;23.02.25 07:02:00;-48,444;-1,935;-7,896;0,912;2,932;1014,386;33,855;94,060;3,815;94,330;3,865;0,736;241,194;5,966;-50,000;3653;365,3;;0,0;60;12,25;1,19;;15;A27210;;;;;;;;;;;;;;;;;;;;;;;;;;;;;;;;;;;;;;;;;;;;;;;;;;;;;;;;;;;;;;;;;;;;;;;;;
786180;23.02.25 07:03:00;-47,917;-1,935;-8,018;0,631;2,885;1014,374;33,861;93,885;3,790;94,230;3,805;0,458;311,119;5,960;-50,000;3653;365,3;;0,0;60;12,24;1,39;;15;A27210;;;;;;;;;;;;;;;;;;;;;;;;;;;;;;;;;;;;;;;;;;;;;;;;;;;;;;;;;;;;;;;;;;;;;;;;;
786181;23.02.25 07:04:00;-48,485;-1,935;-8,821;0,584;2,850;1014,392;33,864;93,745;3,775;94,155;3,815;0,513;239,619;5,963;-50,000;3653;365,3;;0,0;60;12,25;1,55;;15;A27210;;;;;;;;;;;;;;;;;;;;;;;;;;;;;;;;;;;;;;;;;;;;;;;;;;;;;;;;;;;;;;;;;;;;;;;;;
786182;23.02.25 07:05:00;-48,029;-1,935;-9,208;0,531;2,815;1014,395;33,864;93,565;3,735;94,155;3,790;0,581;303,458;5,957;-50,000;3653;365,3;;0,0;60;12,24;1,67;;15;A27210;;;;;;;;;;;;;;;;;;;;;;;;;;;;;;;;;;;;;;;;;;;;;;;;;;;;;;;;;;;;;;;;;;;;;;;;;
786183;23.02.25 07:06:00;-48,253;-1,935;-9,678;0,957;2,808;1014,413;33,864;93,620;3,720;94,115;3,770;0,705;304,864;5,960;-50,000;3653;365,3;;0,0;60;12,25;1,43;;15;A27210;;;;;;;;;;;;;;;;;;;;;;;;;;;;;;;;;;;;;;;;;;;;;;;;;;;;;;;;;;;;;;;;;;;;;;;;;
786184;23.02.25 07:07:00;-48,443;-1,935;-9,867;1,287;2,807;1014,458;33,882;93,725;3,710;94,180;3,740;0,786;287,415;5,942;-50,000;3653;365,3;;0,0;60;12,25;1,15;;15;A27210;;;;;;;;;;;;;;;;;;;;;;;;;;;;;;;;;;;;;;;;;;;;;;;;;;;;;;;;;;;;;;;;;;;;;;;;;
786185;23.02.25 07:08:00;-48,080;-1,935;-9,668;1,600;2,822;1014,452;33,864;93,930;3,725;94,220;3,710;0,714;324,236;5,957;-50,000;3653;365,3;;0,0;60;12,25;1,47;;15;A27210;;;;;;;;;;;;;;;;;;;;;;;;;;;;;;;;;;;;;;;;;;;;;;;;;;;;;;;;;;;;;;;;;;;;;;;;;
786186;23.02.25 07:09:00;-47,323;-1,935;-9,943;1,550;2,827;1014,437;33,867;94,145;3,755;94,280;3,735;0,456;289,643;5,936;-50,000;3653;365,3;;0,0;60;12,25;1,35;;15;A27210;;;;;;;;;;;;;;;;;;;;;;;;;;;;;;;;;;;;;;;;;;;;;;;;;;;;;;;;;;;;;;;;;;;;;;;;;
786187;23.02.25 07:10:00;-48,341;-1,935;-9,728;1,105;2,807;1014,461;33,864;94,015;3,735;94,325;3,705;0,683;275,799;5,921;-50,000;3653;365,3;;0,0;60;12,25;1,23;;15;A27210;;;;;;;;;;;;;;;;;;;;;;;;;;;;;;;;;;;;;;;;;;;;;;;;;;;;;;;;;;;;;;;;;;;;;;;;;
786188;23.02.25 07:11:00;-48,004;-1,935;-9,536;0,958;2,775;1014,479;33,861;93,825;3,730;94,290;3,720;0,574;269,826;5,923;-50,000;3653;365,3;;0,0;60;12,25;1,23;;15;A27210;;;;;;;;;;;;;;;;;;;;;;;;;;;;;;;;;;;;;;;;;;;;;;;;;;;;;;;;;;;;;;;;;;;;;;;;;
786189;23.02.25 07:12:00;-47,633;-1,935;-8,604;1,202;2,783;1014,485;33,864;93,855;3,695;94,310;3,710;0,669;246,729;5,905;-50,000;3653;365,3;;0,0;60;12,25;1,47;;15;A27210;;;;;;;;;;;;;;;;;;;;;;;;;;;;;;;;;;;;;;;;;;;;;;;;;;;;;;;;;;;;;;;;;;;;;;;;;
786190;23.02.25 07:13:00;-48,253;-1,935;-8,583;1,319;2,767;1014,485;33,861;94,125;3,685;94,240;3,680;0,829;346,714;5,887;-50,000;3653;365,3;;0,0;60;12,25;1,15;;15;A27210;;;;;;;;;;;;;;;;;;;;;;;;;;;;;;;;;;;;;;;;;;;;;;;;;;;;;;;;;;;;;;;;;;;;;;;;;
786191;23.02.25 07:14:00;-47,787;-1,935;-9,165;1,476;2,765;1014,482;33,867;94,270;3,695;94,285;3,685;0,646;312,413;5,874;-50,000;3653;365,3;;0,0;60;12,25;1,11;;15;A27210;;;;;;;;;;;;;;;;;;;;;;;;;;;;;;;;;;;;;;;;;;;;;;;;;;;;;;;;;;;;;;;;;;;;;;;;;
786192;23.02.25 07:15:00;-47,822;-1,935;-9,770;1,462;2,755;1014,485;33,864;94,370;3,705;94,315;3,695;0,587;312,216;5,880;-50,000;3653;365,3;;0,0;60;12,25;1,31;;15;A27210;;;;;;;;;;;;;;;;;;;;;;;;;;;;;;;;;;;;;;;;;;;;;;;;;;;;;;;;;;;;;;;;;;;;;;;;;
786193;23.02.25 07:16:00;-47,764;-1,935;-9,785;1,308;2,738;1014,488;33,867;94,310;3,710;94,365;3,660;0,560;265,106;5,871;-50,000;3653;365,3;;0,0;60;12,25;1,03;;15;A27210;;;;;;;;;;;;;;;;;;;;;;;;;;;;;;;;;;;;;;;;;;;;;;;;;;;;;;;;;;;;;;;;;;;;;;;;;
786194;23.02.25 07:17:00;-47,373;-1,935;-10,133;1,422;2,723;1014,482;33,861;94,300;3,700;94,395;3,670;0,437;250,937;5,862;-50,000;3653;365,3;;0,0;60;12,25;1,27;;15;A27210;;;;;;;;;;;;;;;;;;;;;;;;;;;;;;;;;;;;;;;;;;;;;;;;;;;;;;;;;;;;;;;;;;;;;;;;;
786195;23.02.25 07:18:00;-47,641;-1,935;-10,093;1,038;2,695;1014,482;33,870;94,050;3,680;94,415;3,655;0,486;261,979;5,865;-50,000;3653;365,3;;0,0;60;12,25;1,35;;15;A27210;;;;;;;;;;;;;;;;;;;;;;;;;;;;;;;;;;;;;;;;;;;;;;;;;;;;;;;;;;;;;;;;;;;;;;;;;
786196;23.02.25 07:19:00;-47,584;-1,935;-10,093;0,733;2,642;1014,479;33,855;93,770;3,650;94,380;3,660;0,456;232,358;5,874;-50,000;3653;365,3;;0,0;60;12,25;1,07;;15;A27210;;;;;;;;;;;;;;;;;;;;;;;;;;;;;;;;;;;;;;;;;;;;;;;;;;;;;;;;;;;;;;;;;;;;;;;;;
786197;23.02.25 07:20:00;-47,558;-1,935;-10,204;0,525;2,595;1014,476;33,852;93,475;3,610;94,385;3,635;0,437;222,677;5,862;-50,000;3653;365,3;;0,0;60;12,24;1,39;;15;A27210;;;;;;;;;;;;;;;;;;;;;;;;;;;;;;;;;;;;;;;;;;;;;;;;;;;;;;;;;;;;;;;;;;;;;;;;;
786198;23.02.25 07:21:00;-47,408;-1,935;-10,201;0,427;2,540;1014,485;33,864;93,255;3,580;94,320;3,590;0,444;239,119;5,850;-50,000;3653;365,3;;0,0;60;12,24;1,19;;15;A27210;;;;;;;;;;;;;;;;;;;;;;;;;;;;;;;;;;;;;;;;;;;;;;;;;;;;;;;;;;;;;;;;;;;;;;;;;
786199;23.02.25 07:22:00;-47,470;-1,935;-10,157;0,232;2,490;1014,464;33,852;92,960;3,565;94,260;3,605;0,533;127,434;5,850;-50,000;3653;365,3;;0,0;60;12,26;0,83;;15;A27210;;;;;;;;;;;;;;;;;;;;;;;;;;;;;;;;;;;;;;;;;;;;;;;;;;;;;;;;;;;;;;;;;;;;;;;;;
786200;23.02.25 07:23:00;-47,584;-1,935;-9,453;-0,150;2,442;1014,464;33,837;92,485;3,505;94,070;3,560;0,520;126,945;5,856;-50,000;3653;365,3;;0,0;60;12,26;1,03;;15;A27210;;;;;;;;;;;;;;;;;;;;;;;;;;;;;;;;;;;;;;;;;;;;;;;;;;;;;;;;;;;;;;;;;;;;;;;;;
786201;23.02.25 07:24:00;-47,117;-1,935;-8,550;-0,145;2,387;1014,452;33,846;92,160;3,440;93,895;3,500;0,756;111,049;5,838;-50,000;3653;365,3;;0,0;60;12,26;1,19;;15;A27210;;;;;;;;;;;;;;;;;;;;;;;;;;;;;;;;;;;;;;;;;;;;;;;;;;;;;;;;;;;;;;;;;;;;;;;;;
786202;23.02.25 07:25:00;-47,372;-1,935;-7,542;-0,257;2,315;1014,416;33,846;91,745;3,380;93,625;3,435;0,848;103,455;5,832;-50,000;3653;365,3;;0,0;60;12,26;1,15;;15;A27210;;;;;;;;;;;;;;;;;;;;;;;;;;;;;;;;;;;;;;;;;;;;;;;;;;;;;;;;;;;;;;;;;;;;;;;;;
786203;23.02.25 07:26:00;-47,574;-1,935;-7,481;-0,257;2,235;1014,392;33,855;91,220;3,300;93,295;3,330;1,035;109,322;5,823;-50,000;3653;365,3;;0,0;60;12,26;1,03;;15;A27210;;;;;;;;;;;;;;;;;;;;;;;;;;;;;;;;;;;;;;;;;;;;;;;;;;;;;;;;;;;;;;;;;;;;;;;;;
786204;23.02.25 07:27:00;-47,915;-1,935;-6,856;-0,257;2,193;1014,404;33,855;90,970;3,210;92,925;3,205;1,082;131,861;5,823;-50,000;3653;365,3;;0,0;60;12,25;1,03;;15;A27210;;;;;;;;;;;;;;;;;;;;;;;;;;;;;;;;;;;;;;;;;;;;;;;;;;;;;;;;;;;;;;;;;;;;;;;;;
786205;23.02.25 07:28:00;-47,994;-1,935;-6,784;-0,024;2,162;1014,404;33,846;91,380;3,170;93,070;3,095;0,558;158,338;5,801;-50,000;3653;365,3;;0,0;60;12,26;0,87;;15;A27210;;;;;;;;;;;;;;;;;;;;;;;;;;;;;;;;;;;;;;;;;;;;;;;;;;;;;;;;;;;;;;;;;;;;;;;;;
786206;23.02.25 07:29:00;-48,386;-1,935;-7,146;0,174;2,117;1014,407;33,846;91,680;3,135;93,210;3,025;0,810;119,340;5,801;-50,000;3653;365,3;;0,0;60;12,26;0,87;;15;A27210;;;;;;;;;;;;;;;;;;;;;;;;;;;;;;;;;;;;;;;;;;;;;;;;;;;;;;;;;;;;;;;;;;;;;;;;;
786207;23.02.25 07:30:00;-48,500;-1,935;-7,191;-0,247;2,045;1014,407;33,852;91,295;3,085;93,010;2,965;0,829;128,284;5,774;-50,000;3653;365,3;;0,0;60;12,26;0,75;;15;A27210;;;;;;;;;;;;;;;;;;;;;;;;;;;;;;;;;;;;;;;;;;;;;;;;;;;;;;;;;;;;;;;;;;;;;;;;;
786208;23.02.25 07:31:00;-48,426;-1,935;-7,584;-0,257;1,972;1014,440;33,840;90,840;2,965;92,855;2,850;0,537;163,013;5,786;-50,000;3653;365,3;;0,0;60;12,26;0,87;;15;A27210;;;;;;;;;;;;;;;;;;;;;;;;;;;;;;;;;;;;;;;;;;;;;;;;;;;;;;;;;;;;;;;;;;;;;;;;;
786209;23.02.25 07:32:00;-48,218;-1,935;-7,630;-0,257;1,930;1014,494;33,846;90,815;2,905;92,895;2,770;0,717;162,737;5,774;-50,000;3653;365,3;;0,0;60;12,26;0,71;;15;A27210;;;;;;;;;;;;;;;;;;;;;;;;;;;;;;;;;;;;;;;;;;;;;;;;;;;;;;;;;;;;;;;;;;;;;;;;;
786210;23.02.25 07:33:00;-48,118;-1,935;-7,039;-0,160;1,887;1014,512;33,840;91,365;2,880;93,025;2,715;0,710;166,466;5,768;-50,000;3653;365,3;;0,0;60;12,26;0,60;;15;A27210;;;;;;;;;;;;;;;;;;;;;;;;;;;;;;;;;;;;;;;;;;;;;;;;;;;;;;;;;;;;;;;;;;;;;;;;;
786211;23.02.25 07:34:00;-47,932;-1,935;-6,614;0,181;1,873;1014,536;33,831;91,925;2,875;93,250;2,675;0,765;138,673;5,765;-50,000;3653;365,3;;0,0;60;12,25;0,99;;15;A27210;;;;;;;;;;;;;;;;;;;;;;;;;;;;;;;;;;;;;;;;;;;;;;;;;;;;;;;;;;;;;;;;;;;;;;;;;
786212;23.02.25 07:35:00;-47,914;-1,935;-7,048;0,614;1,845;1014,539;33,849;92,365;2,855;93,550;2,645;0,604;50,018;5,762;-50,000;3653;365,3;;0,0;60;12,27;0,75;;15;A27210;;;;;;;;;;;;;;;;;;;;;;;;;;;;;;;;;;;;;;;;;;;;;;;;;;;;;;;;;;;;;;;;;;;;;;;;;
786213;23.02.25 07:36:00;-47,490;-1,935;-7,626;0,170;1,805;1014,542;33,840;92,325;2,820;93,655;2,620;0,536;78,323;5,762;-50,000;3653;365,3;;0,0;60;12,27;0,60;;15;A27210;;;;;;;;;;;;;;;;;;;;;;;;;;;;;;;;;;;;;;;;;;;;;;;;;;;;;;;;;;;;;;;;;;;;;;;;;
786214;23.02.25 07:37:00;-46,955;-1,935;-8,156;0,218;1,767;1014,545;33,846;92,320;2,775;93,675;2,570;0,482;115,599;5,747;-50,000;3653;365,3;;0,0;60;12,26;0,71;;15;A27210;;;;;;;;;;;;;;;;;;;;;;;;;;;;;;;;;;;;;;;;;;;;;;;;;;;;;;;;;;;;;;;;;;;;;;;;;
786215;23.02.25 07:38:00;-47,058;-1,935;-8,372;0,225;1,712;1014,536;33,855;92,205;2,695;93,790;2,550;0,466;134,904;5,762;-50,000;3653;365,3;;0,0;60;12,25;0,56;;15;A27210;;;;;;;;;;;;;;;;;;;;;;;;;;;;;;;;;;;;;;;;;;;;;;;;;;;;;;;;;;;;;;;;;;;;;;;;;
786216;23.02.25 07:39:00;-47,109;-1,935;-7,945;-0,113;1,670;1014,536;33,840;92,140;2,685;93,805;2,535;0,604;152,117;5,753;-50,000;3653;365,3;;0,0;60;12,26;0,52;;15;A27210;;;;;;;;;;;;;;;;;;;;;;;;;;;;;;;;;;;;;;;;;;;;;;;;;;;;;;;;;;;;;;;;;;;;;;;;;
786217;23.02.25 07:40:00;-47,137;-1,935;-7,353;-0,080;1,635;1014,527;33,840;92,230;2,625;93,770;2,515;0,511;141,818;5,703;-50,000;3653;365,3;;0,0;60;12,25;0,60;;15;A27210;;;;;;;;;;;;;;;;;;;;;;;;;;;;;;;;;;;;;;;;;;;;;;;;;;;;;;;;;;;;;;;;;;;;;;;;;
786218;23.02.25 07:41:00;-46,943;-1,935;-7,438;0,220;1,612;1014,524;33,846;92,390;2,580;93,720;2,455;0,614;314,460;5,691;-50,000;3653;365,3;;0,0;60;12,24;0,60;;15;A27210;;;;;;;;;;;;;;;;;;;;;;;;;;;;;;;;;;;;;;;;;;;;;;;;;;;;;;;;;;;;;;;;;;;;;;;;;
786219;23.02.25 07:42:00;-46,937;-1,935;-7,358;0,321;1,582;1014,527;33,849;92,445;2,565;93,700;2,425;0,757;270,203;5,700;-50,000;3653;365,3;;0,0;60;12,24;0,75;;15;A27210;;;;;;;;;;;;;;;;;;;;;;;;;;;;;;;;;;;;;;;;;;;;;;;;;;;;;;;;;;;;;;;;;;;;;;;;;
786220;23.02.25 07:43:00;-46,645;-1,935;-7,594;0,616;1,545;1014,503;33,834;92,485;2,495;93,715;2,355;0,497;352,035;5,694;-50,000;3653;365,3;;0,0;60;12,24;0,48;;15;A27210;;;;;;;;;;;;;;;;;;;;;;;;;;;;;;;;;;;;;;;;;;;;;;;;;;;;;;;;;;;;;;;;;;;;;;;;;
786221;23.02.25 07:44:00;-46,391;-1,935;-7,723;0,709;1,510;1014,503;33,834;92,555;2,500;93,785;2,370;0,438;247,854;5,679;-50,000;3653;365,3;;0,0;60;12,24;0,36;;15;A27210;;;;;;;;;;;;;;;;;;;;;;;;;;;;;;;;;;;;;;;;;;;;;;;;;;;;;;;;;;;;;;;;;;;;;;;;;
786222;23.02.25 07:45:00;-45,990;-1,935;-7,510;0,588;1,472;1014,503;33,840;92,730;2,485;93,880;2,345;0,443;191,250;5,667;-50,000;3653;365,3;;0,0;60;12,25;0,40;;15;A27210;;;;;;;;;;;;;;;;;;;;;;;;;;;;;;;;;;;;;;;;;;;;;;;;;;;;;;;;;;;;;;;;;;;;;;;;;
786223;23.02.25 07:46:00;-45,455;-1,935;-7,318;0,498;1,467;1014,494;33,825;93,140;2,470;93,960;2,340;0,437;172,176;5,667;-50,000;3653;365,3;;0,0;60;12,25;0,32;;15;A27210;;;;;;;;;;;;;;;;;;;;;;;;;;;;;;;;;;;;;;;;;;;;;;;;;;;;;;;;;;;;;;;;;;;;;;;;;
786224;23.02.25 07:47:00;-45,214;-1,935;-7,368;1,079;1,472;1014,476;33,831;93,615;2,470;94,075;2,340;0,507;194,361;5,664;-50,000;3653;365,3;;0,0;60;12,25;0,28;;15;A27210;;;;;;;;;;;;;;;;;;;;;;;;;;;;;;;;;;;;;;;;;;;;;;;;;;;;;;;;;;;;;;;;;;;;;;;;;
786225;23.02.25 07:48:00;-45,609;-1,935;-6,926;1,038;1,455;1014,482;33,840;93,810;2,505;94,185;2,315;0,855;192,814;5,664;-50,000;3653;365,3;;0,0;60;12,25;0,48;;15;A27210;;;;;;;;;;;;;;;;;;;;;;;;;;;;;;;;;;;;;;;;;;;;;;;;;;;;;;;;;;;;;;;;;;;;;;;;;
786226;23.02.25 07:49:00;-45,610;-1,935;-6,487;0,515;1,425;1014,497;33,849;93,480;2,450;94,100;2,300;0,663;203,535;5,655;-50,000;3653;365,3;;0,0;60;12,25;0,40;;15;A27210;;;;;;;;;;;;;;;;;;;;;;;;;;;;;;;;;;;;;;;;;;;;;;;;;;;;;;;;;;;;;;;;;;;;;;;;;
786227;23.02.25 07:50:00;-45,358;-1,935;-6,822;0,224;1,385;1014,530;33,849;93,050;2,390;93,950;2,260;0,442;247,944;5,658;-50,000;3653;365,3;;0,0;60;12,24;0,56;;15;A27210;;;;;;;;;;;;;;;;;;;;;;;;;;;;;;;;;;;;;;;;;;;;;;;;;;;;;;;;;;;;;;;;;;;;;;;;;
786228;23.02.25 07:51:00;-44,806;-1,935;-6,394;0,449;1,355;1014,563;33,861;92,880;2,330;93,970;2,240;0,500;235,131;5,640;-50,000;3653;365,3;;0,0;60;12,24;0,32;;15;A27210;;;;;;;;;;;;;;;;;;;;;;;;;;;;;;;;;;;;;;;;;;;;;;;;;;;;;;;;;;;;;;;;;;;;;;;;;
786229;23.02.25 07:52:00;-44,874;-1,935;-6,468;0,711;1,340;1014,593;33,864;92,920;2,325;93,960;2,205;0,596;205,127;5,622;-50,000;3653;365,3;;0,0;60;12,25;0,40;;15;A27210;;;;;;;;;;;;;;;;;;;;;;;;;;;;;;;;;;;;;;;;;;;;;;;;;;;;;;;;;;;;;;;;;;;;;;;;;
786230;23.02.25 07:53:00;-45,160;-1,935;-6,144;0,695;1,322;1014,629;33,864;93,060;2,315;94,065;2,165;0,837;189,686;5,606;-50,000;3653;365,3;;0,0;60;12,25;0,08;;15;A27210;;;;;;;;;;;;;;;;;;;;;;;;;;;;;;;;;;;;;;;;;;;;;;;;;;;;;;;;;;;;;;;;;;;;;;;;;
786231;23.02.25 07:54:00;-45,141;-1,935;-6,095;0,615;1,303;1014,635;33,867;93,080;2,300;94,060;2,160;0,638;190,378;5,609;-50,000;3653;365,3;;0,0;60;12,25;-0,08;;15;A27210;;;;;;;;;;;;;;;;;;;;;;;;;;;;;;;;;;;;;;;;;;;;;;;;;;;;;;;;;;;;;;;;;;;;;;;;;
786232;23.02.25 07:55:00;-45,175;-1,935;-6,469;0,598;1,277;1014,632;33,861;92,950;2,280;94,025;2,145;0,580;136,440;5,591;-50,000;3653;365,3;;0,0;60;12,25;0,08;;15;A27210;;;;;;;;;;;;;;;;;;;;;;;;;;;;;;;;;;;;;;;;;;;;;;;;;;;;;;;;;;;;;;;;;;;;;;;;;
786233;23.02.25 07:56:00;-45,289;-1,935;-6,385;0,339;1,215;1014,635;33,858;92,755;2,250;93,865;2,115;0,895;105,559;5,597;-50,000;3653;365,3;;0,0;60;12,25;0,20;;15;A27210;;;;;;;;;;;;;;;;;;;;;;;;;;;;;;;;;;;;;;;;;;;;;;;;;;;;;;;;;;;;;;;;;;;;;;;;;
786234;23.02.25 07:57:00;-45,377;-1,935;-5,706;-0,183;1,158;1014,656;33,864;92,170;2,175;93,545;2,035;0,918;102,848;5,579;-50,000;3653;365,3;;0,0;60;12,26;0,16;;15;A27210;;;;;;;;;;;;;;;;;;;;;;;;;;;;;;;;;;;;;;;;;;;;;;;;;;;;;;;;;;;;;;;;;;;;;;;;;
786235;23.02.25 07:58:00;-45,554;-1,935;-6,031;-0,256;1,090;1014,680;33,864;91,680;2,090;93,375;1,980;0,675;93,071;5,569;-50,000;3653;365,3;;0,0;60;12,26;0,28;;15;A27210;;;;;;;;;;;;;;;;;;;;;;;;;;;;;;;;;;;;;;;;;;;;;;;;;;;;;;;;;;;;;;;;;;;;;;;;;
786236;23.02.25 07:59:00;-45,455;-1,935;-6,336;-0,256;1,040;1014,692;33,864;91,295;2,005;93,230;1,900;0,471;91,654;5,566;-50,000;3653;365,3;;0,0;60;12,26;0,24;;15;A27210;;;;;;;;;;;;;;;;;;;;;;;;;;;;;;;;;;;;;;;;;;;;;;;;;;;;;;;;;;;;;;;;;;;;;;;;;
786237;23.02.25 08:00:00;-45,251;-1,935;-6,425;-0,108;0,983;1014,734;33,858;91,070;1,925;93,165;1,795;0,437;168,154;5,542;-50,000;3653;365,3;;0,0;60;12,25;0,08;;15;A27210;;;;;;;;;;;;;;;;;;;;;;;;;;;;;;;;;;;;;;;;;;;;;;;;;;;;;;;;;;;;;;;;;;;;;;;;;
786238;23.02.25 08:01:00;-44,755;-1,935;-6,352;0,221;0,942;1014,764;33,858;91,185;1,875;93,235;1,725;0,462;259,588;5,569;-50,000;3653;365,3;;0,0;60;12,24;0,00;;15;A27210;;;;;;;;;;;;;;;;;;;;;;;;;;;;;;;;;;;;;;;;;;;;;;;;;;;;;;;;;;;;;;;;;;;;;;;;;
786239;23.02.25 08:02:00;-44,134;-1,935;-6,394;0,576;0,915;1014,779;33,855;91,435;1,830;93,275;1,640;0,463;298,294;5,566;-50,000;3653;365,3;;0,0;60;12,23;0,08;;15;A27210;;;;;;;;;;;;;;;;;;;;;;;;;;;;;;;;;;;;;;;;;;;;;;;;;;;;;;;;;;;;;;;;;;;;;;;;;
786240;23.02.25 08:03:00;-43,793;-1,935;-6,320;0,736;0,867;1014,779;33,858;91,725;1,790;93,390;1,620;0,436;297,349;5,563;-50,000;3653;365,3;;0,0;60;12,24;-0,04;;15;A27210;;;;;;;;;;;;;;;;;;;;;;;;;;;;;;;;;;;;;;;;;;;;;;;;;;;;;;;;;;;;;;;;;;;;;;;;;
786241;23.02.25 08:04:00;-43,508;-1,935;-6,070;0,967;0,850;1014,800;33,870;92,085;1,775;93,485;1,575;0,541;341,258;5,548;-50,000;3653;365,3;;0,0;60;12,24;-0,20;;15;A27210;;;;;;;;;;;;;;;;;;;;;;;;;;;;;;;;;;;;;;;;;;;;;;;;;;;;;;;;;;;;;;;;;;;;;;;;;
786242;23.02.25 08:05:00;-43,165;-1,935;-6,083;1,472;0,830;1014,830;33,864;92,490;1,795;93,620;1,585;0,448;316,980;5,548;-50,000;3653;365,3;;0,0;60;12,24;-0,04;;15;A27210;;;;;;;;;;;;;;;;;;;;;;;;;;;;;;;;;;;;;;;;;;;;;;;;;;;;;;;;;;;;;;;;;;;;;;;;;
786243;23.02.25 08:06:00;-42,984;-1,935;-5,978;1,579;0,817;1014,833;33,855;92,805;1,770;93,765;1,560;0,436;274,719;5,523;-50,000;3653;365,3;;0,0;60;12,25;-0,20;;15;A27210;;;;;;;;;;;;;;;;;;;;;;;;;;;;;;;;;;;;;;;;;;;;;;;;;;;;;;;;;;;;;;;;;;;;;;;;;
786244;23.02.25 08:07:00;-42,219;-1,884;-5,775;1,417;0,797;1014,827;33,858;93,050;1,755;93,865;1,600;0,438;249,188;5,496;-50,000;3653;365,3;;0,0;60;12,24;-0,20;;15;A27210;;;;;;;;;;;;;;;;;;;;;;;;;;;;;;;;;;;;;;;;;;;;;;;;;;;;;;;;;;;;;;;;;;;;;;;;;
786245;23.02.25 08:08:00;-42,019;-1,645;-5,751;1,757;0,780;1014,830;33,855;93,390;1,790;94,000;1,620;0,442;219,555;5,521;-50,000;3653;365,3;;0,0;60;12,24;-0,16;;15;A27210;;;;;;;;;;;;;;;;;;;;;;;;;;;;;;;;;;;;;;;;;;;;;;;;;;;;;;;;;;;;;;;;;;;;;;;;;
786246;23.02.25 08:09:00;-42,307;-1,565;-5,643;1,489;0,760;1014,860;33,867;93,475;1,780;94,075;1,615;0,536;233,297;5,496;-50,000;3653;365,3;;0,0;60;12,24;-0,04;;15;A27210;;;;;;;;;;;;;;;;;;;;;;;;;;;;;;;;;;;;;;;;;;;;;;;;;;;;;;;;;;;;;;;;;;;;;;;;;
786247;23.02.25 08:10:00;-42,317;-1,090;-5,259;1,466;0,757;1014,893;33,882;93,595;1,765;94,175;1,660;0,540;206,730;5,484;-50,000;3653;365,3;;0,0;60;12,24;-0,48;;15;A27210;;;;;;;;;;;;;;;;;;;;;;;;;;;;;;;;;;;;;;;;;;;;;;;;;;;;;;;;;;;;;;;;;;;;;;;;;
786248;23.02.25 08:11:00;-42,263;-0,711;-5,019;1,434;0,757;1014,893;33,870;93,790;1,785;94,235;1,655;0,680;188,893;5,475;-50,000;3653;365,3;;0,0;60;12,25;-0,28;;15;A27210;;;;;;;;;;;;;;;;;;;;;;;;;;;;;;;;;;;;;;;;;;;;;;;;;;;;;;;;;;;;;;;;;;;;;;;;;
786249;23.02.25 08:12:00;-42,254;-0,498;-4,977;1,559;0,760;1014,896;33,867;93,890;1,780;94,300;1,655;0,571;198,951;5,469;-50,000;3653;365,3;;0,0;60;12,25;-0,20;;15;A27210;;;;;;;;;;;;;;;;;;;;;;;;;;;;;;;;;;;;;;;;;;;;;;;;;;;;;;;;;;;;;;;;;;;;;;;;;
786250;23.02.25 08:13:00;-42,341;-0,326;-4,756;1,544;0,755;1014,923;33,861;93,865;1,780;94,385;1,680;0,526;215,730;5,472;-50,000;3653;365,3;;0,0;60;12,24;-0,24;;15;A27210;;;;;;;;;;;;;;;;;;;;;;;;;;;;;;;;;;;;;;;;;;;;;;;;;;;;;;;;;;;;;;;;;;;;;;;;;
786251;23.02.25 08:14:00;-42,012;-0,206;-5,193;1,528;0,733;1014,926;33,852;93,695;1,730;94,355;1,660;0,436;269,876;5,469;-50,000;3653;365,3;;0,0;60;12,24;-0,24;;15;A27210;;;;;;;;;;;;;;;;;;;;;;;;;;;;;;;;;;;;;;;;;;;;;;;;;;;;;;;;;;;;;;;;;;;;;;;;;
786252;23.02.25 08:15:00;-41,938;0,159;-5,351;1,676;0,707;1014,947;33,852;93,535;1,695;94,275;1,660;0,479;333,231;5,469;-50,000;3653;365,3;;0,0;60;12,23;-0,20;;15;A27210;;;;;;;;;;;;;;;;;;;;;;;;;;;;;;;;;;;;;;;;;;;;;;;;;;;;;;;;;;;;;;;;;;;;;;;;;
786253;23.02.25 08:16:00;-41,725;0,862;-5,323;1,996;0,712;1014,989;33,858;93,595;1,690;94,285;1,630;0,812;315,838;5,465;-50,000;3653;365,3;;0,0;60;12,23;-0,04;;15;A27210;;;;;;;;;;;;;;;;;;;;;;;;;;;;;;;;;;;;;;;;;;;;;;;;;;;;;;;;;;;;;;;;;;;;;;;;;
786254;23.02.25 08:17:00;-42,053;2,233;-5,273;2,554;0,755;1015,025;33,864;93,995;1,715;94,360;1,630;1,008;316,446;5,462;-50,000;3653;365,3;;0,0;60;12,23;-0,28;;15;A27210;;;;;;;;;;;;;;;;;;;;;;;;;;;;;;;;;;;;;;;;;;;;;;;;;;;;;;;;;;;;;;;;;;;;;;;;;
786255;23.02.25 08:18:00;-42,050;3,270;-5,355;2,922;0,797;1015,028;33,864;94,370;1,730;94,565;1,660;0,851;290,087;5,465;-50,000;3653;365,3;;0,0;60;12,24;-0,48;;15;A27210;;;;;;;;;;;;;;;;;;;;;;;;;;;;;;;;;;;;;;;;;;;;;;;;;;;;;;;;;;;;;;;;;;;;;;;;;
786256;23.02.25 08:19:00;-42,171;4,403;-5,270;3,453;0,888;1015,052;33,879;94,700;1,795;94,760;1,700;1,023;308,278;5,441;-50,000;3653;365,3;;0,0;60;12,24;-0,44;;15;A27210;;;;;;;;;;;;;;;;;;;;;;;;;;;;;;;;;;;;;;;;;;;;;;;;;;;;;;;;;;;;;;;;;;;;;;;;;
786257;23.02.25 08:20:00;-41,931;5,477;-5,430;3,943;0,960;1015,055;33,867;95,135;1,820;94,970;1,745;0,770;309,246;5,417;-50,000;3653;365,3;;0,0;60;12,23;-0,28;;15;A27210;;;;;;;;;;;;;;;;;;;;;;;;;;;;;;;;;;;;;;;;;;;;;;;;;;;;;;;;;;;;;;;;;;;;;;;;;
786258;23.02.25 08:21:00;-41,543;6,008;-5,537;4,115;1,017;1015,055;33,867;95,350;1,850;95,035;1,815;0,616;341,319;5,395;-50,000;3653;365,3;;0,0;60;12,24;-0,28;;15;A27210;;;;;;;;;;;;;;;;;;;;;;;;;;;;;;;;;;;;;;;;;;;;;;;;;;;;;;;;;;;;;;;;;;;;;;;;;
786259;23.02.25 08:22:00;-41,367;6,142;-5,593;4,049;1,047;1015,049;33,879;95,560;1,925;95,195;1,890;0,552;329,569;5,395;-50,000;3653;365,3;;0,0;60;12,24;-0,52;;15;A27210;;;;;;;;;;;;;;;;;;;;;;;;;;;;;;;;;;;;;;;;;;;;;;;;;;;;;;;;;;;;;;;;;;;;;;;;;
786260;23.02.25 08:23:00;-41,177;6,552;-5,580;3,856;1,053;1015,040;33,870;95,650;1,945;95,230;1,950;0,456;298,468;5,401;-50,000;3653;365,3;;0,0;60;12,23;-0,24;;15;A27210;;;;;;;;;;;;;;;;;;;;;;;;;;;;;;;;;;;;;;;;;;;;;;;;;;;;;;;;;;;;;;;;;;;;;;;;;
786261;23.02.25 08:24:00;-40,764;7,015;-5,528;3,429;1,040;1015,028;33,882;95,615;1,995;95,190;1,990;0,442;266,130;5,402;-50,000;3653;365,3;;0,0;60;12,23;-0,32;;15;A27210;;;;;;;;;;;;;;;;;;;;;;;;;;;;;;;;;;;;;;;;;;;;;;;;;;;;;;;;;;;;;;;;;;;;;;;;;
786262;23.02.25 08:25:00;-40,523;7,586;-5,262;3,329;1,037;1015,025;33,885;95,580;2,030;95,210;2,045;0,466;215,938;5,380;-50,000;3653;365,3;;0,0;60;12,24;-0,44;;15;A27210;;;;;;;;;;;;;;;;;;;;;;;;;;;;;;;;;;;;;;;;;;;;;;;;;;;;;;;;;;;;;;;;;;;;;;;;;
786263;23.02.25 08:26:00;-40,015;8,966;-5,235;3,530;1,045;1015,025;33,870;95,555;2,020;95,185;2,070;0,496;301,410;5,377;-50,000;3653;365,3;;0,0;60;12,24;-0,60;;15;A27210;;;;;;;;;;;;;;;;;;;;;;;;;;;;;;;;;;;;;;;;;;;;;;;;;;;;;;;;;;;;;;;;;;;;;;;;;
786264;23.02.25 08:27:00;-39,873;9,839;-5,245;3,685;1,025;1015,022;33,864;95,525;2,055;95,230;2,095;0,441;239,203;5,374;-50,000;3653;365,3;;0,0;60;12,24;-0,24;;15;A27210;;;;;;;;;;;;;;;;;;;;;;;;;;;;;;;;;;;;;;;;;;;;;;;;;;;;;;;;;;;;;;;;;;;;;;;;;
786265;23.02.25 08:28:00;-39,757;10,470;-5,279;3,531;1,015;1015,031;33,867;95,265;2,070;95,245;2,120;0,442;194,889;5,377;-50,000;3653;365,3;;0,0;60;12,24;-0,32;;15;A27210;;;;;;;;;;;;;;;;;;;;;;;;;;;;;;;;;;;;;;;;;;;;;;;;;;;;;;;;;;;;;;;;;;;;;;;;;
786266;23.02.25 08:29:00;-39,202;11,458;-5,064;3,427;0,975;1015,058;33,870;94,965;2,035;95,145;2,135;0,437;259,976;5,368;-50,000;3653;365,3;;0,0;60;12,23;-0,28;;15;A27210;;;;;;;;;;;;;;;;;;;;;;;;;;;;;;;;;;;;;;;;;;;;;;;;;;;;;;;;;;;;;;;;;;;;;;;;;
786267;23.02.25 08:30:00;-38,969;12,559;-4,921;3,565;0,965;1015,067;33,867;94,790;1,990;95,100;2,135;0,449;309,426;5,362;-50,000;3653;365,3;;0,0;60;12,24;-0,40;;15;A27210;;;;;;;;;;;;;;;;;;;;;;;;;;;;;;;;;;;;;;;;;;;;;;;;;;;;;;;;;;;;;;;;;;;;;;;;;
786268;23.02.25 08:31:00;-38,882;13,539;-4,837;3,782;0,942;1015,091;33,864;94,720;2,000;95,075;2,130;0,561;330,587;5,353;-50,000;3653;365,3;;0,0;60;12,24;-0,44;;15;A27210;;;;;;;;;;;;;;;;;;;;;;;;;;;;;;;;;;;;;;;;;;;;;;;;;;;;;;;;;;;;;;;;;;;;;;;;;
786269;23.02.25 08:32:00;-38,842;15,056;-4,903;4,519;0,967;1015,091;33,861;94,725;2,025;95,045;2,125;0,708;322,358;5,335;-50,000;3653;365,3;;0,0;60;12,24;-0,48;;15;A27210;;;;;;;;;;;;;;;;;;;;;;;;;;;;;;;;;;;;;;;;;;;;;;;;;;;;;;;;;;;;;;;;;;;;;;;;;
786270;23.02.25 08:33:00;-38,682;16,346;-4,786;4,949;0,992;1015,103;33,855;94,830;2,040;95,100;2,135;0,633;305,989;5,307;-50,000;3653;365,3;;0,0;60;12,25;-0,60;;15;A27210;;;;;;;;;;;;;;;;;;;;;;;;;;;;;;;;;;;;;;;;;;;;;;;;;;;;;;;;;;;;;;;;;;;;;;;;;
786271;23.02.25 08:34:00;-38,370;17,553;-4,584;5,095;1,003;1015,100;33,849;94,970;2,055;95,185;2,135;0,530;305,235;5,319;-50,000;3653;365,3;;0,0;60;12,25;-0,44;;15;A27210;;;;;;;;;;;;;;;;;;;;;;;;;;;;;;;;;;;;;;;;;;;;;;;;;;;;;;;;;;;;;;;;;;;;;;;;;
786272;23.02.25 08:35:00;-38,414;18,518;-4,465;5,127;1,027;1015,091;33,837;95,065;2,100;95,240;2,185;0,437;235,243;5,301;-50,000;3653;365,3;;0,0;60;12,25;-0,40;;15;A27210;;;;;;;;;;;;;;;;;;;;;;;;;;;;;;;;;;;;;;;;;;;;;;;;;;;;;;;;;;;;;;;;;;;;;;;;;
786273;23.02.25 08:36:00;-38,733;19,755;-4,399;5,151;1,043;1015,097;33,849;94,990;2,125;95,300;2,220;0,605;189,293;5,292;-50,000;3653;365,3;;0,0;60;12,26;-0,40;;15;A27210;;;;;;;;;;;;;;;;;;;;;;;;;;;;;;;;;;;;;;;;;;;;;;;;;;;;;;;;;;;;;;;;;;;;;;;;;
786274;23.02.25 08:37:00;-38,709;22,738;-4,045;5,430;1,050;1015,106;33,849;94,970;2,155;95,290;2,215;0,653;206,758;5,295;-50,000;3653;365,3;;0,0;60;12,26;-0,32;;15;A27210;;;;;;;;;;;;;;;;;;;;;;;;;;;;;;;;;;;;;;;;;;;;;;;;;;;;;;;;;;;;;;;;;;;;;;;;;
786275;23.02.25 08:38:00;-38,830;25,895;-3,812;5,780;1,075;1015,115;33,852;94,940;2,155;95,340;2,245;0,632;221,063;5,285;-50,000;3653;365,3;;0,0;60;12,25;-0,44;;15;A27210;;;;;;;;;;;;;;;;;;;;;;;;;;;;;;;;;;;;;;;;;;;;;;;;;;;;;;;;;;;;;;;;;;;;;;;;;
786276;23.02.25 08:39:00;-38,875;27,133;-3,837;6,123;1,097;1015,133;33,861;94,915;2,170;95,345;2,240;0,486;223,217;5,282;-50,000;3653;365,3;;0,0;60;12,26;-0,36;;15;A27210;;;;;;;;;;;;;;;;;;;;;;;;;;;;;;;;;;;;;;;;;;;;;;;;;;;;;;;;;;;;;;;;;;;;;;;;;
786277;23.02.25 08:40:00;-38,976;28,238;-3,744;6,952;1,140;1015,142;33,858;95,005;2,205;95,340;2,270;0,471;202,944;5,279;-50,000;3653;365,3;;0,0;60;12,26;-0,32;;15;A27210;;;;;;;;;;;;;;;;;;;;;;;;;;;;;;;;;;;;;;;;;;;;;;;;;;;;;;;;;;;;;;;;;;;;;;;;;
786278;23.02.25 08:41:00;-39,152;30,086;-3,750;7,432;1,160;1015,166;33,855;95,110;2,260;95,380;2,285;0,540;214,875;5,276;-50,000;3653;365,3;;0,0;60;12,27;-0,32;;15;A27210;;;;;;;;;;;;;;;;;;;;;;;;;;;;;;;;;;;;;;;;;;;;;;;;;;;;;;;;;;;;;;;;;;;;;;;;;
786279;23.02.25 08:42:00;-39,034;32,238;-3,558;7,964;1,192;1015,181;33,858;95,180;2,280;95,425;2,325;0,600;294,120;5,279;-50,000;3653;365,3;;0,0;60;12,26;-0,48;;15;A27210;;;;;;;;;;;;;;;;;;;;;;;;;;;;;;;;;;;;;;;;;;;;;;;;;;;;;;;;;;;;;;;;;;;;;;;;;
786280;23.02.25 08:43:00;-39,151;34,501;-3,802;8,543;1,257;1015,193;33,858;95,400;2,335;95,480;2,355;0,728;298,463;5,279;-50,000;3653;365,3;;0,0;60;12,26;-0,28;;15;A27210;;;;;;;;;;;;;;;;;;;;;;;;;;;;;;;;;;;;;;;;;;;;;;;;;;;;;;;;;;;;;;;;;;;;;;;;;
786281;23.02.25 08:44:00;-39,196;36,379;-3,922;8,924;1,340;1015,196;33,861;95,665;2,415;95,685;2,440;0,780;301,461;5,267;-50,000;3653;365,3;;0,0;60;12,25;-0,20;;15;A27210;;;;;;;;;;;;;;;;;;;;;;;;;;;;;;;;;;;;;;;;;;;;;;;;;;;;;;;;;;;;;;;;;;;;;;;;;
786282;23.02.25 08:45:00;-39,318;36,759;-4,077;9,655;1,440;1015,184;33,858;95,875;2,505;95,800;2,525;0,864;299,762;5,273;-50,000;3653;365,3;;0,0;60;12,26;-0,20;;15;A27210;;;;;;;;;;;;;;;;;;;;;;;;;;;;;;;;;;;;;;;;;;;;;;;;;;;;;;;;;;;;;;;;;;;;;;;;;
786283;23.02.25 08:46:00;-39,315;32,753;-4,124;9,248;1,515;1015,154;33,855;96,010;2,595;95,925;2,640;0,713;312,649;5,264;-50,000;3653;365,3;;0,0;60;12,25;0,04;;15;A27210;;;;;;;;;;;;;;;;;;;;;;;;;;;;;;;;;;;;;;;;;;;;;;;;;;;;;;;;;;;;;;;;;;;;;;;;;
786284;23.02.25 08:47:00;-39,207;32,658;-4,069;9,330;1,563;1015,124;33,864;95,975;2,655;95,925;2,740;0,534;310,483;5,255;-50,000;3653;365,3;;0,0;60;12,26;-0,24;;15;A27210;;;;;;;;;;;;;;;;;;;;;;;;;;;;;;;;;;;;;;;;;;;;;;;;;;;;;;;;;;;;;;;;;;;;;;;;;
786285;23.02.25 08:48:00;-39,170;33,616;-3,931;9,348;1,600;1015,097;33,861;95,895;2,745;95,925;2,825;0,615;298,018;5,261;-50,000;3653;365,3;;0,0;60;12,26;-0,24;;15;A27210;;;;;;;;;;;;;;;;;;;;;;;;;;;;;;;;;;;;;;;;;;;;;;;;;;;;;;;;;;;;;;;;;;;;;;;;;
786286;23.02.25 08:49:00;-39,154;34,974;-4,084;9,181;1,650;1015,094;33,855;95,955;2,840;95,900;2,930;0,530;295,560;5,252;-50,000;3653;365,3;;0,0;60;12,26;-0,04;;15;A27210;;;;;;;;;;;;;;;;;;;;;;;;;;;;;;;;;;;;;;;;;;;;;;;;;;;;;;;;;;;;;;;;;;;;;;;;;
786287;23.02.25 08:50:00;-39,435;34,478;-4,094;8,764;1,692;1015,079;33,852;95,915;2,920;95,910;3,045;0,546;191,925;5,237;-50,000;3653;365,3;;0,0;60;12,27;0,16;;15;A27210;;;;;;;;;;;;;;;;;;;;;;;;;;;;;;;;;;;;;;;;;;;;;;;;;;;;;;;;;;;;;;;;;;;;;;;;;
786288;23.02.25 08:51:00;-39,312;28,068;-4,103;6,954;1,715;1015,067;33,858;95,665;2,980;95,750;3,105;0,470;196,054;5,227;-50,000;3653;365,3;;0,0;60;12,27;0,04;;15;A27210;;;;;;;;;;;;;;;;;;;;;;;;;;;;;;;;;;;;;;;;;;;;;;;;;;;;;;;;;;;;;;;;;;;;;;;;;
786289;23.02.25 08:52:00;-39,544;22,845;-4,152;4,818;1,720;1015,088;33,846;95,340;3,045;95,510;3,185;0,686;187,768;5,218;-50,000;3653;365,3;;0,0;60;12,27;0,12;;15;A27210;;;;;;;;;;;;;;;;;;;;;;;;;;;;;;;;;;;;;;;;;;;;;;;;;;;;;;;;;;;;;;;;;;;;;;;;;
786290;23.02.25 08:53:00;-39,334;22,481;-4,132;4,399;1,755;1015,103;33,852;94,915;3,075;95,230;3,225;0,490;219,353;5,218;-50,000;3653;365,3;;0,0;60;12,27;0,20;;15;A27210;;;;;;;;;;;;;;;;;;;;;;;;;;;;;;;;;;;;;;;;;;;;;;;;;;;;;;;;;;;;;;;;;;;;;;;;;
786291;23.02.25 08:54:00;-39,285;22,537;-4,248;4,351;1,722;1015,145;33,849;94,470;3,080;94,970;3,260;0,442;214,746;5,209;-50,000;3653;365,3;;0,0;60;12,26;0,32;;15;A27210;;;;;;;;;;;;;;;;;;;;;;;;;;;;;;;;;;;;;;;;;;;;;;;;;;;;;;;;;;;;;;;;;;;;;;;;;
786292;23.02.25 08:55:00;-39,522;22,831;-4,362;4,433;1,715;1015,181;33,855;94,075;3,135;94,845;3,280;0,498;194,271;5,185;-50,000;3653;365,3;;0,0;60;12,27;0,12;;15;A27210;;;;;;;;;;;;;;;;;;;;;;;;;;;;;;;;;;;;;;;;;;;;;;;;;;;;;;;;;;;;;;;;;;;;;;;;;
786293;23.02.25 08:56:00;-39,249;23,462;-4,461;4,601;1,720;1015,223;33,858;93,785;3,160;94,730;3,275;0,438;247,039;5,188;-50,000;3653;365,3;;0,0;60;12,26;0,24;;15;A27210;;;;;;;;;;;;;;;;;;;;;;;;;;;;;;;;;;;;;;;;;;;;;;;;;;;;;;;;;;;;;;;;;;;;;;;;;
786294;23.02.25 08:57:00;-39,026;24,492;-4,432;4,847;1,740;1015,256;33,864;93,380;3,160;94,620;3,275;0,490;325,924;5,188;-50,000;3653;365,3;;0,0;60;12,26;0,24;;15;A27210;;;;;;;;;;;;;;;;;;;;;;;;;;;;;;;;;;;;;;;;;;;;;;;;;;;;;;;;;;;;;;;;;;;;;;;;;
786295;23.02.25 08:58:00;-38,731;25,438;-4,453;5,092;1,735;1015,271;33,852;93,100;3,155;94,570;3,285;0,437;328,129;5,185;-50,000;3653;365,3;;0,0;60;12,25;0,36;;15;A27210;;;;;;;;;;;;;;;;;;;;;;;;;;;;;;;;;;;;;;;;;;;;;;;;;;;;;;;;;;;;;;;;;;;;;;;;;
786296;23.02.25 08:59:00;-38,613;26,086;-4,569;5,265;1,725;1015,277;33,858;92,925;3,160;94,600;3,275;0,437;270,872;5,182;-50,000;3653;365,3;;0,0;60;12,26;0,36;;15;A27210;;;;;;;;;;;;;;;;;;;;;;;;;;;;;;;;;;;;;;;;;;;;;;;;;;;;;;;;;;;;;;;;;;;;;;;;;
786297;23.02.25 09:00:00;-38,400;27,201;-4,463;5,549;1,730;1015,277;33,855;92,790;3,180;94,590;3,290;0,475;116,865;5,176;-50,000;3653;365,3;;0,0;60;12,27;0,16;;15;A27210;;;;;;;;;;;;;;;;;;;;;;;;;;;;;;;;;;;;;;;;;;;;;;;;;;;;;;;;;;;;;;;;;;;;;;;;;
786298;23.02.25 09:01:00;-38,219;28,908;-4,426;5,908;1,737;1015,274;33,852;92,825;3,230;94,610;3,290;0,444;33,570;5,182;-50,000;3653;365,3;;0,0;60;12,28;0,16;;15;A27210;;;;;;;;;;;;;;;;;;;;;;;;;;;;;;;;;;;;;;;;;;;;;;;;;;;;;;;;;;;;;;;;;;;;;;;;;
786299;23.02.25 09:02:00;-38,210;31,653;-4,352;6,537;1,740;1015,277;33,855;92,845;3,220;94,635;3,280;0,451;69,744;5,179;-50,000;3653;365,3;;0,0;60;12,28;0,24;;15;A27210;;;;;;;;;;;;;;;;;;;;;;;;;;;;;;;;;;;;;;;;;;;;;;;;;;;;;;;;;;;;;;;;;;;;;;;;;
786300;23.02.25 09:03:00;-38,080;35,051;-4,224;7,146;1,757;1015,295;33,849;92,780;3,225;94,605;3,290;0,439;112,365;5,179;-50,000;3653;365,3;;0,0;60;12,27;0,08;;15;A27210;;;;;;;;;;;;;;;;;;;;;;;;;;;;;;;;;;;;;;;;;;;;;;;;;;;;;;;;;;;;;;;;;;;;;;;;;
786301;23.02.25 09:04:00;-38,213;35,679;-4,166;6,852;1,745;1015,301;33,849;92,495;3,200;94,645;3,275;0,446;161,842;5,179;-50,000;3653;365,3;;0,0;60;12,27;0,28;;15;A27210;;;;;;;;;;;;;;;;;;;;;;;;;;;;;;;;;;;;;;;;;;;;;;;;;;;;;;;;;;;;;;;;;;;;;;;;;
786302;23.02.25 09:05:00;-38,264;34,110;-4,017;6,041;1,753;1015,319;33,849;92,035;3,175;94,605;3,255;0,452;144,675;5,170;-50,000;3653;365,3;;0,0;60;12,27;0,48;;15;A27210;;;;;;;;;;;;;;;;;;;;;;;;;;;;;;;;;;;;;;;;;;;;;;;;;;;;;;;;;;;;;;;;;;;;;;;;;
786303;23.02.25 09:06:00;-38,155;34,567;-3,812;5,931;1,735;1015,343;33,852;91,685;3,180;94,550;3,265;0,493;144,101;5,173;-50,000;3653;365,3;;0,0;60;12,27;0,36;;15;A27210;;;;;;;;;;;;;;;;;;;;;;;;;;;;;;;;;;;;;;;;;;;;;;;;;;;;;;;;;;;;;;;;;;;;;;;;;
786304;23.02.25 09:07:00;-38,378;42,502;-3,624;8,044;1,730;1015,346;33,855;91,525;3,150;94,410;3,240;0,530;133,999;5,167;-50,000;3653;365,3;;0,0;60;12,29;0,36;;15;A27210;;;;;;;;;;;;;;;;;;;;;;;;;;;;;;;;;;;;;;;;;;;;;;;;;;;;;;;;;;;;;;;;;;;;;;;;;
786305;23.02.25 09:08:00;-38,457;55,524;-3,402;11,638;1,773;1015,367;33,852;91,575;3,175;94,385;3,230;0,673;118,924;5,176;-50,000;3653;365,3;;0,0;60;12,29;0,32;;15;A27210;;;;;;;;;;;;;;;;;;;;;;;;;;;;;;;;;;;;;;;;;;;;;;;;;;;;;;;;;;;;;;;;;;;;;;;;;
786306;23.02.25 09:09:00;-38,597;60,786;-3,080;12,635;1,822;1015,376;33,846;91,665;3,180;94,335;3,205;0,829;119,351;5,163;-50,000;3653;365,3;;0,0;60;12,28;0,60;;15;A27210;;;;;;;;;;;;;;;;;;;;;;;;;;;;;;;;;;;;;;;;;;;;;;;;;;;;;;;;;;;;;;;;;;;;;;;;;
786307;23.02.25 09:10:00;-38,787;79,443;-2,686;17,639;1,873;1015,400;33,852;91,805;3,195;94,295;3,185;0,724;123,362;5,167;-50,000;3653;365,3;;0,0;60;12,29;0,67;;15;A27210;;;;;;;;;;;;;;;;;;;;;;;;;;;;;;;;;;;;;;;;;;;;;;;;;;;;;;;;;;;;;;;;;;;;;;;;;
786308;23.02.25 09:11:00;-38,907;86,339;-2,123;19,526;1,950;1015,433;33,837;92,325;3,225;94,420;3,180;0,480;209,064;5,170;-50,000;3653;365,3;;0,0;60;12,29;0,44;;15;A27210;;;;;;;;;;;;;;;;;;;;;;;;;;;;;;;;;;;;;;;;;;;;;;;;;;;;;;;;;;;;;;;;;;;;;;;;;
786309;23.02.25 09:12:00;-39,187;87,250;-2,090;19,442;2,020;1015,436;33,834;93,060;3,340;94,540;3,200;0,502;205,251;5,154;-50,000;3653;365,3;;0,0;60;12,29;0,52;;15;A27210;;;;;;;;;;;;;;;;;;;;;;;;;;;;;;;;;;;;;;;;;;;;;;;;;;;;;;;;;;;;;;;;;;;;;;;;;
786310;23.02.25 09:13:00;-39,565;91,151;-2,027;20,125;2,088;1015,457;33,831;93,480;3,435;94,640;3,225;0,598;173,233;5,145;-50,000;3653;365,3;;0,0;60;12,29;0,60;;15;A27210;;;;;;;;;;;;;;;;;;;;;;;;;;;;;;;;;;;;;;;;;;;;;;;;;;;;;;;;;;;;;;;;;;;;;;;;;
786311;23.02.25 09:14:00;-39,834;97,146;-1,679;21,469;2,165;1015,487;33,840;93,650;3,560;94,665;3,275;0,436;106,414;5,145;-50,000;3653;365,3;;0,0;60;12,30;0,79;;15;A27210;;;;;;;;;;;;;;;;;;;;;;;;;;;;;;;;;;;;;;;;;;;;;;;;;;;;;;;;;;;;;;;;;;;;;;;;;
786312;23.02.25 09:15:00;-40,156;94,647;-1,640;20,558;2,257;1015,511;33,843;93,640;3,710;94,695;3,330;0,519;118,879;5,148;-50,000;3653;365,3;;0,0;60;12,30;0,63;;15;A27210;;;;;;;;;;;;;;;;;;;;;;;;;;;;;;;;;;;;;;;;;;;;;;;;;;;;;;;;;;;;;;;;;;;;;;;;;
786313;23.02.25 09:16:00;-40,557;81,936;-2,078;16,605;2,300;1015,493;33,846;92,860;3,815;94,645;3,395;0,900;122,063;5,154;-50,000;3653;365,3;;0,0;60;12,30;0,87;;15;A27210;;;;;;;;;;;;;;;;;;;;;;;;;;;;;;;;;;;;;;;;;;;;;;;;;;;;;;;;;;;;;;;;;;;;;;;;;
786314;23.02.25 09:17:00;-40,912;92,054;-1,790;18,658;2,342;1015,511;33,837;91,320;3,870;94,275;3,420;0,604;146,604;5,142;-50,000;3653;365,3;;0,0;60;12,31;0,95;;15;A27210;;;;;;;;;;;;;;;;;;;;;;;;;;;;;;;;;;;;;;;;;;;;;;;;;;;;;;;;;;;;;;;;;;;;;;;;;
786315;23.02.25 09:18:00;-40,992;94,463;-1,357;19,111;2,390;1015,547;33,840;90,640;3,975;94,165;3,430;0,444;164,070;5,127;-50,000;3653;365,3;;0,0;60;12,31;1,19;;15;A27210;;;;;;;;;;;;;;;;;;;;;;;;;;;;;;;;;;;;;;;;;;;;;;;;;;;;;;;;;;;;;;;;;;;;;;;;;
786316;23.02.25 09:19:00;-41,096;131,417;-0,370;28,981;2,485;1015,592;33,837;90,655;4,100;94,310;3,475;0,444;139,674;5,130;-50,000;3653;365,3;;0,0;60;12,31;1,55;;15;A27210;;;;;;;;;;;;;;;;;;;;;;;;;;;;;;;;;;;;;;;;;;;;;;;;;;;;;;;;;;;;;;;;;;;;;;;;;
786317;23.02.25 09:20:00;-41,188;133,233;0,207;29,332;2,617;1015,622;33,843;91,165;4,275;94,590;3,545;0,448;88,622;5,115;-50,000;3653;365,3;;0,0;60;12,32;1,35;;15;A27210;;;;;;;;;;;;;;;;;;;;;;;;;;;;;;;;;;;;;;;;;;;;;;;;;;;;;;;;;;;;;;;;;;;;;;;;;
786318;23.02.25 09:21:00;-41,731;117,415;-0,056;25,033;2,733;1015,595;33,834;91,380;4,445;94,850;3,640;0,592;124,211;5,102;-50,000;3653;365,3;;0,0;60;12,32;1,55;;15;A27210;;;;;;;;;;;;;;;;;;;;;;;;;;;;;;;;;;;;;;;;;;;;;;;;;;;;;;;;;;;;;;;;;;;;;;;;;
786319;23.02.25 09:22:00;-42,064;88,598;-0,761;17,085;2,802;1015,550;33,843;90,135;4,605;94,860;3,755;0,638;100,164;5,096;-50,000;3653;365,3;;0,0;60;12,32;1,79;;15;A27210;;;;;;;;;;;;;;;;;;;;;;;;;;;;;;;;;;;;;;;;;;;;;;;;;;;;;;;;;;;;;;;;;;;;;;;;;
786320;23.02.25 09:23:00;-42,270;72,369;-1,069;12,664;2,832;1015,517;33,840;89,045;4,740;94,660;3,775;0,456;101,520;5,102;-50,000;3653;365,3;;0,0;60;12,32;2,06;;15;A27210;;;;;;;;;;;;;;;;;;;;;;;;;;;;;;;;;;;;;;;;;;;;;;;;;;;;;;;;;;;;;;;;;;;;;;;;;
786321;23.02.25 09:24:00;-42,127;71,672;-1,208;12,471;2,850;1015,493;33,840;88,300;4,875;94,610;3,840;0,443;78,615;5,102;-50,000;3653;365,3;;0,0;60;12,33;2,14;;15;A27210;;;;;;;;;;;;;;;;;;;;;;;;;;;;;;;;;;;;;;;;;;;;;;;;;;;;;;;;;;;;;;;;;;;;;;;;;
786322;23.02.25 09:25:00;-42,124;81,221;-0,993;15,125;2,892;1015,496;33,831;87,690;4,945;94,610;3,850;0,439;198,090;5,118;-50,000;3653;365,3;;0,0;60;12,32;2,34;;15;A27210;;;;;;;;;;;;;;;;;;;;;;;;;;;;;;;;;;;;;;;;;;;;;;;;;;;;;;;;;;;;;;;;;;;;;;;;;
786323;23.02.25 09:26:00;-42,193;73,666;-0,789;13,289;2,940;1015,502;33,822;87,235;5,090;94,640;3,930;0,464;174,398;5,105;-50,000;3653;365,3;;0,0;60;12,32;2,26;;15;A27210;;;;;;;;;;;;;;;;;;;;;;;;;;;;;;;;;;;;;;;;;;;;;;;;;;;;;;;;;;;;;;;;;;;;;;;;;
786324;23.02.25 09:27:00;-42,432;69,024;-1,266;11,817;2,963;1015,505;33,822;86,785;5,180;94,585;3,935;0,490;190,468;5,096;-50,000;3653;365,3;;0,0;60;12,32;2,50;;15;A27210;;;;;;;;;;;;;;;;;;;;;;;;;;;;;;;;;;;;;;;;;;;;;;;;;;;;;;;;;;;;;;;;;;;;;;;;;
786325;23.02.25 09:28:00;-42,691;103,268;-0,452;20,060;3,007;1015,565;33,837;86,345;5,245;94,575;3,985;0,449;279,017;5,105;-50,000;3653;365,3;;0,0;60;12,32;2,46;;15;A27210;;;;;;;;;;;;;;;;;;;;;;;;;;;;;;;;;;;;;;;;;;;;;;;;;;;;;;;;;;;;;;;;;;;;;;;;;
786326;23.02.25 09:29:00;-42,953;105,856;0,079;20,564;3,100;1015,589;33,843;86,540;5,325;94,660;4,035;0,436;222,148;5,099;-50,000;3653;365,3;;0,0;60;12,33;2,58;;15;A27210;;;;;;;;;;;;;;;;;;;;;;;;;;;;;;;;;;;;;;;;;;;;;;;;;;;;;;;;;;;;;;;;;;;;;;;;;
786327;23.02.25 09:30:00;-43,296;116,839;0,639;23,051;3,180;1015,622;33,849;86,715;5,430;94,805;4,110;0,448;52,020;5,102;-50,000;3653;365,3;;0,0;60;12,35;2,70;;15;A27210;;;;;;;;;;;;;;;;;;;;;;;;;;;;;;;;;;;;;;;;;;;;;;;;;;;;;;;;;;;;;;;;;;;;;;;;;
786328;23.02.25 09:31:00;-43,697;102,275;0,889;19,392;3,280;1015,619;33,849;87,325;5,500;94,920;4,160;0,442;197,139;5,096;-50,000;3653;365,3;;0,0;60;12,34;2,78;;15;A27210;;;;;;;;;;;;;;;;;;;;;;;;;;;;;;;;;;;;;;;;;;;;;;;;;;;;;;;;;;;;;;;;;;;;;;;;;
786329;23.02.25 09:32:00;-44,368;115,345;0,338;22,445;3,347;1015,622;33,843;87,615;5,625;94,995;4,270;0,476;89,820;5,087;-50,000;3653;365,3;;0,0;60;12,34;3,06;;15;A27210;;;;;;;;;;;;;;;;;;;;;;;;;;;;;;;;;;;;;;;;;;;;;;;;;;;;;;;;;;;;;;;;;;;;;;;;;
786330;23.02.25 09:33:00;-44,850;130,743;0,923;25,794;3,440;1015,652;33,834;87,000;5,700;95,020;4,320;0,442;96,390;5,099;-50,000;3653;365,3;;0,0;60;12,35;3,13;;15;A27210;;;;;;;;;;;;;;;;;;;;;;;;;;;;;;;;;;;;;;;;;;;;;;;;;;;;;;;;;;;;;;;;;;;;;;;;;
786331;23.02.25 09:34:00;-45,358;167,558;2,004;34,472;3,572;1015,688;33,843;86,675;5,820;95,160;4,400;0,446;148,562;5,081;-50,000;3653;365,3;;0,0;60;12,36;3,17;;15;A27210;;;;;;;;;;;;;;;;;;;;;;;;;;;;;;;;;;;;;;;;;;;;;;;;;;;;;;;;;;;;;;;;;;;;;;;;;
786332;23.02.25 09:35:00;-45,828;175,772;3,221;36,623;3,735;1015,712;33,843;87,605;5,950;95,420;4,490;0,441;251,319;5,087;-50,000;3653;365,3;;0,0;60;12,35;3,29;;15;A27210;;;;;;;;;;;;;;;;;;;;;;;;;;;;;;;;;;;;;;;;;;;;;;;;;;;;;;;;;;;;;;;;;;;;;;;;;
786333;23.02.25 09:36:00;-46,625;175,027;2,937;36,226;3,918;1015,715;33,843;87,775;6,185;95,630;4,615;0,518;147,364;5,099;-50,000;3653;365,3;;0,0;60;12,37;3,45;;15;A27210;;;;;;;;;;;;;;;;;;;;;;;;;;;;;;;;;;;;;;;;;;;;;;;;;;;;;;;;;;;;;;;;;;;;;;;;;
786334;23.02.25 09:37:00;-47,283;186,469;3,288;38,832;4,080;1015,739;33,831;86,685;6,345;95,930;4,745;0,488;168,171;5,096;-50,000;3653;365,3;;0,0;60;12,37;3,49;;15;A27210;;;;;;;;;;;;;;;;;;;;;;;;;;;;;;;;;;;;;;;;;;;;;;;;;;;;;;;;;;;;;;;;;;;;;;;;;
786335;23.02.25 09:38:00;-48,121;185,932;3,052;38,221;4,242;1015,742;33,840;86,140;6,535;96,130;4,940;0,525;171,174;5,102;-50,000;3653;365,3;;0,0;60;12,37;3,69;;15;A27210;;;;;;;;;;;;;;;;;;;;;;;;;;;;;;;;;;;;;;;;;;;;;;;;;;;;;;;;;;;;;;;;;;;;;;;;;
786336;23.02.25 09:39:00;-49,028;180,737;2,923;36,658;4,413;1015,772;33,837;85,635;6,780;96,275;5,085;0,443;89,263;5,102;-50,000;3653;365,3;;0,0;60;12,38;4,25;;15;A27210;;;;;;;;;;;;;;;;;;;;;;;;;;;;;;;;;;;;;;;;;;;;;;;;;;;;;;;;;;;;;;;;;;;;;;;;;
786337;23.02.25 09:40:00;-49,829;183,177;3,083;37,213;4,578;1015,763;33,915;84,970;6,950;96,300;5,245;0,473;258,806;5,090;-50,000;3653;365,3;;0,0;60;12,37;4,29;;15;A27210;;;;;;;;;;;;;;;;;;;;;;;;;;;;;;;;;;;;;;;;;;;;;;;;;;;;;;;;;;;;;;;;;;;;;;;;;
786338;23.02.25 09:41:00;-50,811;184,788;3,125;37,397;4,727;1015,748;33,963;84,030;7,165;96,260;5,400;0,736;311,051;5,112;-50,000;3653;365,3;;0,0;60;12,36;4,72;;15;A27210;;;;;;;;;;;;;;;;;;;;;;;;;;;;;;;;;;;;;;;;;;;;;;;;;;;;;;;;;;;;;;;;;;;;;;;;;
786339;23.02.25 09:42:00;-51,705;171,244;2,927;33,817;4,858;1015,736;33,930;82,510;7,350;95,790;5,560;1,055;303,975;5,115;-50,000;3653;365,3;;0,0;60;12,37;4,60;;15;A27210;;;;;;;;;;;;;;;;;;;;;;;;;;;;;;;;;;;;;;;;;;;;;;;;;;;;;;;;;;;;;;;;;;;;;;;;;
786340;23.02.25 09:43:00;-52,818;184,375;3,020;36,757;4,985;1015,760;33,918;81,430;7,550;95,030;5,680;0,802;285,086;5,102;-50,000;3653;365,3;;0,0;60;12,37;4,96;;15;A27210;;;;;;;;;;;;;;;;;;;;;;;;;;;;;;;;;;;;;;;;;;;;;;;;;;;;;;;;;;;;;;;;;;;;;;;;;
786341;23.02.25 09:44:00;-53,809;176,898;3,380;35,088;5,132;1015,790;33,909;81,340;7,735;94,795;5,840;0,534;297,214;5,130;-50,000;3653;365,3;;0,0;60;12,37;5,04;;15;A27210;;;;;;;;;;;;;;;;;;;;;;;;;;;;;;;;;;;;;;;;;;;;;;;;;;;;;;;;;;;;;;;;;;;;;;;;;
786342;23.02.25 09:45:00;-54,749;164,883;2,782;32,258;5,257;1015,763;33,915;81,585;7,950;94,355;5,990;0,585;296,224;5,102;-50,000;3653;365,3;;0,0;60;12,37;5,28;;15;A27210;;;;;;;;;;;;;;;;;;;;;;;;;;;;;;;;;;;;;;;;;;;;;;;;;;;;;;;;;;;;;;;;;;;;;;;;;
786343;23.02.25 09:46:00;-55,745;186,837;3,210;37,532;5,380;1015,793;33,909;80,095;8,130;93,965;6,160;0,484;299,531;5,117;-50,000;3653;365,3;;0,0;60;12,37;5,67;;15;A27210;;;;;;;;;;;;;;;;;;;;;;;;;;;;;;;;;;;;;;;;;;;;;;;;;;;;;;;;;;;;;;;;;;;;;;;;;
786344;23.02.25 09:47:00;-56,759;173,877;2,400;34,654;5,525;1015,802;33,900;80,105;8,380;93,450;6,335;0,650;204,919;5,105;-50,000;3653;365,3;;0,0;60;12,37;5,79;;15;A27210;;;;;;;;;;;;;;;;;;;;;;;;;;;;;;;;;;;;;;;;;;;;;;;;;;;;;;;;;;;;;;;;;;;;;;;;;
786345;23.02.25 09:48:00;-58,115;123,043;0,957;23,147;5,593;1015,757;33,891;78,600;8,550;92,655;6,500;1,070;206,550;5,145;-50,000;3653;365,3;;0,0;60;12,38;5,67;;15;A27210;;;;;;;;;;;;;;;;;;;;;;;;;;;;;;;;;;;;;;;;;;;;;;;;;;;;;;;;;;;;;;;;;;;;;;;;;
786346;23.02.25 09:49:00;-59,645;90,477;-0,838;15,912;5,622;1015,730;33,885;77,245;8,740;91,355;6,590;0,717;255,099;5,115;-50,000;3653;365,3;;0,0;60;12,37;6,11;;15;A27210;;;;;;;;;;;;;;;;;;;;;;;;;;;;;;;;;;;;;;;;;;;;;;;;;;;;;;;;;;;;;;;;;;;;;;;;;
786347;23.02.25 09:50:00;-60,850;67,334;-2,562;10,970;5,590;1015,706;33,876;75,670;8,865;90,070;6,690;0,838;216,579;5,130;-50,000;3653;365,3;;0,0;60;12,35;6,51;;15;A27210;;;;;;;;;;;;;;;;;;;;;;;;;;;;;;;;;;;;;;;;;;;;;;;;;;;;;;;;;;;;;;;;;;;;;;;;;
786348;23.02.25 09:51:00;-62,021;80,423;-3,063;14,120;5,582;1015,736;33,885;75,000;8,945;89,070;6,795;0,770;220,697;5,127;-50,000;3653;365,3;;0,0;60;12,36;6,51;;15;A27210;;;;;;;;;;;;;;;;;;;;;;;;;;;;;;;;;;;;;;;;;;;;;;;;;;;;;;;;;;;;;;;;;;;;;;;;;
786349;23.02.25 09:52:00;-63,171;91,271;-2,801;16,633;5,588;1015,802;33,873;74,880;8,995;88,240;6,805;0,609;254,863;5,142;-50,000;3653;365,3;;0,0;60;12,35;6,47;;15;A27210;;;;;;;;;;;;;;;;;;;;;;;;;;;;;;;;;;;;;;;;;;;;;;;;;;;;;;;;;;;;;;;;;;;;;;;;;
786350;23.02.25 09:53:00;-64,213;101,434;-2,721;18,907;5,597;1015,838;33,870;74,710;9,010;87,575;6,860;0,571;296,179;5,151;-50,000;3653;365,3;;0,0;60;12,34;6,59;;15;A27210;;;;;;;;;;;;;;;;;;;;;;;;;;;;;;;;;;;;;;;;;;;;;;;;;;;;;;;;;;;;;;;;;;;;;;;;;
786351;23.02.25 09:54:00;-65,504;100,620;-2,624;18,711;5,632;1015,844;33,867;74,610;9,025;86,785;6,905;0,989;303,998;5,145;-50,000;3653;365,3;;0,0;60;12,35;6,71;;15;A27210;;;;;;;;;;;;;;;;;;;;;;;;;;;;;;;;;;;;;;;;;;;;;;;;;;;;;;;;;;;;;;;;;;;;;;;;;
786352;23.02.25 09:55:00;-67,164;127,096;-2,041;24,367;5,657;1015,892;33,867;73,955;9,005;85,990;6,915;1,011;291,527;5,154;-50,000;3653;365,3;;0,0;60;12,35;6,75;;15;A27210;;;;;;;;;;;;;;;;;;;;;;;;;;;;;;;;;;;;;;;;;;;;;;;;;;;;;;;;;;;;;;;;;;;;;;;;;
786353;23.02.25 09:56:00;-68,743;148,169;-1,387;28,831;5,713;1015,967;33,858;74,490;8,935;85,750;6,945;0,756;298,592;5,154;-50,000;3653;365,3;;0,0;60;12,35;6,87;;15;A27210;;;;;;;;;;;;;;;;;;;;;;;;;;;;;;;;;;;;;;;;;;;;;;;;;;;;;;;;;;;;;;;;;;;;;;;;;
786354;23.02.25 09:57:00;-69,975;204,131;0,785;41,245;5,828;1016,051;33,870;74,805;8,900;85,400;6,980;0,981;304,909;5,166;-50,000;3653;365,3;;0,0;60;12,36;6,87;;15;A27210;;;;;;;;;;;;;;;;;;;;;;;;;;;;;;;;;;;;;;;;;;;;;;;;;;;;;;;;;;;;;;;;;;;;;;;;;
786355;23.02.25 09:58:00;-71,425;193,626;1,510;38,538;5,960;1016,081;33,864;74,960;8,875;85,110;7,015;0,943;308,959;5,173;-50,000;3653;365,3;;0,0;60;12,36;6,79;;15;A27210;;;;;;;;;;;;;;;;;;;;;;;;;;;;;;;;;;;;;;;;;;;;;;;;;;;;;;;;;;;;;;;;;;;;;;;;;
786356;23.02.25 09:59:00;-72,747;155,086;0,249;29,510;6,052;1016,075;33,873;74,885;8,890;84,750;7,075;0,989;298,187;5,173;-50,000;3653;365,3;;0,0;60;12,35;7,02;;15;A27210;;;;;;;;;;;;;;;;;;;;;;;;;;;;;;;;;;;;;;;;;;;;;;;;;;;;;;;;;;;;;;;;;;;;;;;;;
786357;23.02.25 10:00:00;-74,029;222,087;1,068;44,200;6,172;1016,138;33,885;75,375;8,880;84,650;7,150;0,834;311,636;5,164;-50,000;3653;365,3;;0,0;60;12,36;7,02;;15;A27210;;;;;;;;;;;;;;;;;;;;;;;;;;;;;;;;;;;;;;;;;;;;;;;;;;;;;;;;;;;;;;;;;;;;;;;;;
786358;23.02.25 10:01:00;-75,739;205,188;1,967;40,171;6,335;1016,147;33,885;75,545;8,940;84,275;7,220;0,783;276,008;5,179;-50,000;3653;365,3;;0,0;60;12,36;7,06;;15;A27210;;;;;;;;;;;;;;;;;;;;;;;;;;;;;;;;;;;;;;;;;;;;;;;;;;;;;;;;;;;;;;;;;;;;;;;;;
786359;23.02.25 10:02:00;-77,469;206,100;1,590;40,157;6,472;1016,138;33,888;75,955;9,050;83,755;7,330;0,845;287,691;5,179;-50,000;3653;365,3;;0,0;60;12,37;7,10;;15;A27210;;;;;;;;;;;;;;;;;;;;;;;;;;;;;;;;;;;;;;;;;;;;;;;;;;;;;;;;;;;;;;;;;;;;;;;;;
786360;23.02.25 10:03:00;-78,651;214,953;1,736;41,903;6,595;1016,144;33,891;75,110;9,135;83,340;7,455;0,974;302,676;5,182;-50,000;3653;365,3;;0,0;60;12,37;7,14;;15;A27210;;;;;;;;;;;;;;;;;;;;;;;;;;;;;;;;;;;;;;;;;;;;;;;;;;;;;;;;;;;;;;;;;;;;;;;;;
786361;23.02.25 10:04:00;-79,442;212,411;1,174;40,897;6,725;1016,144;33,891;74,540;9,260;82,680;7,565;1,054;289,643;5,182;-50,000;3653;365,3;;0,0;60;12,37;7,46;;15;A27210;;;;;;;;;;;;;;;;;;;;;;;;;;;;;;;;;;;;;;;;;;;;;;;;;;;;;;;;;;;;;;;;;;;;;;;;;
786362;23.02.25 10:05:00;-79,971;219,259;1,331;42,234;6,825;1016,171;33,909;73,745;9,350;81,785;7,640;0,911;301,691;5,182;-50,000;3653;365,3;;0,0;60;12,36;7,54;;15;A27210;;;;;;;;;;;;;;;;;;;;;;;;;;;;;;;;;;;;;;;;;;;;;;;;;;;;;;;;;;;;;;;;;;;;;;;;;
786363;23.02.25 10:06:00;-80,336;224,813;1,309;43,105;6,957;1016,195;33,906;73,205;9,475;81,090;7,755;1,001;301,523;5,188;-50,000;3653;365,3;;0,0;60;12,37;7,94;;15;A27210;;;;;;;;;;;;;;;;;;;;;;;;;;;;;;;;;;;;;;;;;;;;;;;;;;;;;;;;;;;;;;;;;;;;;;;;;
786364;23.02.25 10:07:00;-80,901;234,513;0,811;45,040;7,080;1016,210;33,912;72,475;9,600;80,755;7,850;0,970;287,708;5,194;-50,000;3653;365,3;;0,0;60;12,37;7,94;;15;A27210;;;;;;;;;;;;;;;;;;;;;;;;;;;;;;;;;;;;;;;;;;;;;;;;;;;;;;;;;;;;;;;;;;;;;;;;;
786365;23.02.25 10:08:00;-81,387;244,769;1,135;47,052;7,207;1016,222;33,909;72,645;9,730;80,585;7,960;0,966;185,321;5,188;-50,000;3653;365,3;;0,0;60;12,38;8,29;;15;A27210;;;;;;;;;;;;;;;;;;;;;;;;;;;;;;;;;;;;;;;;;;;;;;;;;;;;;;;;;;;;;;;;;;;;;;;;;
786366;23.02.25 10:09:00;-81,964;253,188;1,258;48,698;7,355;1016,246;33,915;72,610;9,860;80,390;8,065;0,793;191,717;5,182;-50,000;3653;365,3;;0,0;60;12,38;8,29;;15;A27210;;;;;;;;;;;;;;;;;;;;;;;;;;;;;;;;;;;;;;;;;;;;;;;;;;;;;;;;;;;;;;;;;;;;;;;;;
786367;23.02.25 10:10:00;-82,548;253,848;1,881;48,888;7,512;1016,255;33,888;73,645;10,050;80,645;8,185;0,472;185,906;5,203;-50,000;3653;365,3;;0,0;60;12,38;8,49;;15;A27210;;;;;;;;;;;;;;;;;;;;;;;;;;;;;;;;;;;;;;;;;;;;;;;;;;;;;;;;;;;;;;;;;;;;;;;;;
786368;23.02.25 10:11:00;-83,238;254,625;2,020;49,096;7,692;1016,234;33,885;73,880;10,255;81,000;8,325;0,488;208,328;5,200;-50,000;3653;365,3;;0,0;60;12,38;8,73;;15;A27210;;;;;;;;;;;;;;;;;;;;;;;;;;;;;;;;;;;;;;;;;;;;;;;;;;;;;;;;;;;;;;;;;;;;;;;;;
786369;23.02.25 10:12:00;-83,871;252,603;1,164;48,840;7,852;1016,228;33,885;73,120;10,500;80,720;8,510;0,681;221,529;5,203;-50,000;3653;365,3;;0,0;60;12,38;9,01;;15;A27210;;;;;;;;;;;;;;;;;;;;;;;;;;;;;;;;;;;;;;;;;;;;;;;;;;;;;;;;;;;;;;;;;;;;;;;;;
786370;23.02.25 10:13:00;-84,583;245,759;0,323;47,076;7,998;1016,240;33,876;70,870;10,680;79,835;8,690;0,591;266,861;5,218;-50,000;3653;365,3;;0,0;60;12,38;8,97;;15;A27210;;;;;;;;;;;;;;;;;;;;;;;;;;;;;;;;;;;;;;;;;;;;;;;;;;;;;;;;;;;;;;;;;;;;;;;;;
786371;23.02.25 10:14:00;-85,030;241,767;-0,100;46,227;8,137;1016,246;33,879;69,070;10,875;78,850;8,860;0,565;310,877;5,203;-50,000;3653;365,3;;0,0;60;12,38;9,33;;15;A27210;;;;;;;;;;;;;;;;;;;;;;;;;;;;;;;;;;;;;;;;;;;;;;;;;;;;;;;;;;;;;;;;;;;;;;;;;
786372;23.02.25 10:15:00;-85,304;246,554;-0,048;46,992;8,252;1016,255;33,882;67,725;11,055;76,995;9,045;1,025;248,816;5,234;-50,000;3653;365,3;;0,0;60;12,38;9,72;;15;A27210;;;;;;;;;;;;;;;;;;;;;;;;;;;;;;;;;;;;;;;;;;;;;;;;;;;;;;;;;;;;;;;;;;;;;;;;;
786373;23.02.25 10:16:00;-85,679;251,259;-0,461;47,937;8,350;1016,282;33,876;67,845;11,185;75,835;9,170;0,922;192,161;5,248;-50,000;3653;365,3;;0,0;60;12,39;9,68;;15;A27210;;;;;;;;;;;;;;;;;;;;;;;;;;;;;;;;;;;;;;;;;;;;;;;;;;;;;;;;;;;;;;;;;;;;;;;;;
786374;23.02.25 10:17:00;-86,185;253,370;-1,608;48,603;8,468;1016,303;33,870;66,585;11,320;75,600;9,300;0,748;106,869;5,252;-50,000;3653;365,3;;0,0;60;12,40;9,92;;15;A27210;;;;;;;;;;;;;;;;;;;;;;;;;;;;;;;;;;;;;;;;;;;;;;;;;;;;;;;;;;;;;;;;;;;;;;;;;
786375;23.02.25 10:18:00;-86,350;255,111;-0,796;48,988;8,570;1016,321;33,861;66,155;11,375;75,040;9,415;0,729;159,278;5,255;-50,000;3653;365,3;;0,0;60;12,39;10,24;;15;A27210;;;;;;;;;;;;;;;;;;;;;;;;;;;;;;;;;;;;;;;;;;;;;;;;;;;;;;;;;;;;;;;;;;;;;;;;;
786376;23.02.25 10:19:00;-86,852;256,680;-0,474;49,524;8,688;1016,315;33,852;66,600;11,480;74,690;9,565;0,887;119,211;5,267;-50,000;3653;365,3;;0,0;60;12,40;10,32;;15;A27210;;;;;;;;;;;;;;;;;;;;;;;;;;;;;;;;;;;;;;;;;;;;;;;;;;;;;;;;;;;;;;;;;;;;;;;;;
786377;23.02.25 10:20:00;-87,169;260,286;-0,244;50,238;8,798;1016,285;33,849;66,230;11,570;73,950;9,625;0,627;167,743;5,276;-50,000;3653;365,3;;0,0;60;12,40;10,52;;15;A27210;;;;;;;;;;;;;;;;;;;;;;;;;;;;;;;;;;;;;;;;;;;;;;;;;;;;;;;;;;;;;;;;;;;;;;;;;
786378;23.02.25 10:21:00;-87,733;262,499;-0,713;50,716;8,938;1016,246;33,840;66,795;11,650;74,005;9,755;0,690;180,180;5,270;-50,000;3653;365,3;;0,0;60;12,40;10,75;;15;A27210;;;;;;;;;;;;;;;;;;;;;;;;;;;;;;;;;;;;;;;;;;;;;;;;;;;;;;;;;;;;;;;;;;;;;;;;;
786379;23.02.25 10:22:00;-87,942;264,206;-1,296;50,696;9,020;1016,234;33,831;65,435;11,710;73,200;9,880;1,054;179,831;5,289;-50,000;3653;365,3;;0,0;60;12,40;10,83;;15;A27210;;;;;;;;;;;;;;;;;;;;;;;;;;;;;;;;;;;;;;;;;;;;;;;;;;;;;;;;;;;;;;;;;;;;;;;;;
786380;23.02.25 10:23:00;-87,994;267,039;-1,508;51,029;9,092;1016,222;33,843;64,785;11,770;72,200;9,980;1,336;198,197;5,273;-50,000;3653;365,3;;0,0;60;12,40;10,87;;15;A27210;;;;;;;;;;;;;;;;;;;;;;;;;;;;;;;;;;;;;;;;;;;;;;;;;;;;;;;;;;;;;;;;;;;;;;;;;
786381;23.02.25 10:24:00;-88,341;270,174;-0,988;51,331;9,160;1016,243;33,837;64,610;11,870;71,375;10,045;0,971;163,761;5,288;-50,000;3653;365,3;;0,0;60;12,40;11,31;;15;A27210;;;;;;;;;;;;;;;;;;;;;;;;;;;;;;;;;;;;;;;;;;;;;;;;;;;;;;;;;;;;;;;;;;;;;;;;;
786382;23.02.25 10:25:00;-88,637;254,548;-1,202;47,956;9,265;1016,258;33,852;65,435;11,900;71,535;10,080;0,886;207,748;5,304;-50,000;3653;365,3;;0,0;60;12,40;11,43;;15;A27210;;;;;;;;;;;;;;;;;;;;;;;;;;;;;;;;;;;;;;;;;;;;;;;;;;;;;;;;;;;;;;;;;;;;;;;;;
786383;23.02.25 10:26:00;-88,313;269,157;-1,404;50,965;9,305;1016,240;33,852;64,375;11,905;71,140;10,095;1,539;222,283;5,307;-50,000;3653;365,3;;0,0;60;12,41;11,43;;15;A27210;;;;;;;;;;;;;;;;;;;;;;;;;;;;;;;;;;;;;;;;;;;;;;;;;;;;;;;;;;;;;;;;;;;;;;;;;
786384;23.02.25 10:27:00;-88,451;280,197;-1,364;53,078;9,330;1016,252;33,843;64,230;11,970;70,825;10,080;1,575;209,841;5,359;-50,000;3653;365,3;;0,0;60;12,41;11,51;;15;A27210;;;;;;;;;;;;;;;;;;;;;;;;;;;;;;;;;;;;;;;;;;;;;;;;;;;;;;;;;;;;;;;;;;;;;;;;;
786385;23.02.25 10:28:00;-88,626;282,628;-1,270;53,333;9,385;1016,315;33,843;64,000;12,005;70,975;10,025;1,173;190,603;5,353;-50,000;3653;365,3;;0,0;60;12,42;11,59;;15;A27210;;;;;;;;;;;;;;;;;;;;;;;;;;;;;;;;;;;;;;;;;;;;;;;;;;;;;;;;;;;;;;;;;;;;;;;;;
786386;23.02.25 10:29:00;-89,159;285,134;-0,165;53,790;9,452;1016,381;33,840;64,295;12,060;71,355;9,985;0,872;170,516;5,374;-50,000;3653;365,3;;0,0;60;12,42;11,71;;15;A27210;;;;;;;;;;;;;;;;;;;;;;;;;;;;;;;;;;;;;;;;;;;;;;;;;;;;;;;;;;;;;;;;;;;;;;;;;
786387;23.02.25 10:30:00;-89,581;287,739;0,251;54,660;9,590;1016,438;33,840;65,090;12,125;72,195;9,990;0,653;134,668;5,356;-50,000;3653;365,3;;0,0;60;12,42;12,06;;15;A27210;;;;;;;;;;;;;;;;;;;;;;;;;;;;;;;;;;;;;;;;;;;;;;;;;;;;;;;;;;;;;;;;;;;;;;;;;
786388;23.02.25 10:31:00;-89,897;290,417;0,703;55,336;9,705;1016,420;33,831;65,415;12,220;72,750;10,015;1,062;184,798;5,371;-50,000;3653;365,3;;0,0;60;12,42;12,06;;15;A27210;;;;;;;;;;;;;;;;;;;;;;;;;;;;;;;;;;;;;;;;;;;;;;;;;;;;;;;;;;;;;;;;;;;;;;;;;
786389;23.02.25 10:32:00;-90,058;292,698;-1,088;55,685;9,797;1016,369;33,825;64,130;12,330;72,290;10,055;1,334;197,674;5,377;-50,000;3653;365,3;;0,0;60;12,42;12,30;;15;A27210;;;;;;;;;;;;;;;;;;;;;;;;;;;;;;;;;;;;;;;;;;;;;;;;;;;;;;;;;;;;;;;;;;;;;;;;;
786390;23.02.25 10:33:00;-90,266;294,038;-1,037;55,448;9,837;1016,339;33,819;63,350;12,365;71,620;10,090;1,588;196,605;5,386;-50,000;3653;365,3;;0,0;60;12,42;12,58;;15;A27210;;;;;;;;;;;;;;;;;;;;;;;;;;;;;;;;;;;;;;;;;;;;;;;;;;;;;;;;;;;;;;;;;;;;;;;;;
786391;23.02.25 10:34:00;-91,017;295,283;-0,825;55,462;9,907;1016,384;33,834;63,125;12,415;71,400;10,120;0,646;136,333;5,383;-50,000;3653;365,3;;0,0;60;12,42;12,66;;15;A27210;;;;;;;;;;;;;;;;;;;;;;;;;;;;;;;;;;;;;;;;;;;;;;;;;;;;;;;;;;;;;;;;;;;;;;;;;
786392;23.02.25 10:35:00;-91,353;297,238;0,324;56,003;10,030;1016,423;33,846;64,135;12,455;71,970;10,155;0,777;206,224;5,438;-50,000;3653;365,3;;0,0;60;12,42;12,62;;15;A27210;;;;;;;;;;;;;;;;;;;;;;;;;;;;;;;;;;;;;;;;;;;;;;;;;;;;;;;;;;;;;;;;;;;;;;;;;
786393;23.02.25 10:36:00;-91,799;299,833;-0,207;56,533;10,162;1016,438;33,879;63,960;12,570;72,345;10,215;0,570;179,218;5,454;-50,000;3653;365,3;;0,0;60;12,43;12,82;;15;A27210;;;;;;;;;;;;;;;;;;;;;;;;;;;;;;;;;;;;;;;;;;;;;;;;;;;;;;;;;;;;;;;;;;;;;;;;;
786394;23.02.25 10:37:00;-92,190;302,029;0,478;57,002;10,300;1016,426;33,873;63,450;12,625;72,015;10,295;0,829;305,820;5,463;-50,000;3653;365,3;;0,0;60;12,42;13,17;;15;A27210;;;;;;;;;;;;;;;;;;;;;;;;;;;;;;;;;;;;;;;;;;;;;;;;;;;;;;;;;;;;;;;;;;;;;;;;;
786395;23.02.25 10:38:00;-92,498;304,348;0,085;57,261;10,427;1016,429;33,861;63,760;12,715;71,720;10,410;0,922;233,606;5,463;-50,000;3653;365,3;;0,0;60;12,43;12,98;;15;A27210;;;;;;;;;;;;;;;;;;;;;;;;;;;;;;;;;;;;;;;;;;;;;;;;;;;;;;;;;;;;;;;;;;;;;;;;;
786396;23.02.25 10:39:00;-92,968;306,412;-1,596;57,466;10,542;1016,393;33,852;62,735;12,850;71,470;10,510;0,911;166,973;5,472;-50,000;3653;365,3;;0,0;60;12,43;13,45;;15;A27210;;;;;;;;;;;;;;;;;;;;;;;;;;;;;;;;;;;;;;;;;;;;;;;;;;;;;;;;;;;;;;;;;;;;;;;;;
786397;23.02.25 10:40:00;-93,189;307,371;-0,722;57,299;10,623;1016,393;33,855;62,450;12,915;71,150;10,585;0,831;232,701;5,469;-50,000;3653;365,3;;0,0;60;12,44;13,49;;15;A27210;;;;;;;;;;;;;;;;;;;;;;;;;;;;;;;;;;;;;;;;;;;;;;;;;;;;;;;;;;;;;;;;;;;;;;;;;
786398;23.02.25 10:41:00;-93,502;309,065;0,125;57,496;10,740;1016,414;33,852;63,920;13,040;71,140;10,695;0,641;161,100;5,481;-50,000;3653;365,3;;0,0;60;12,44;13,53;;15;A27210;;;;;;;;;;;;;;;;;;;;;;;;;;;;;;;;;;;;;;;;;;;;;;;;;;;;;;;;;;;;;;;;;;;;;;;;;
786399;23.02.25 10:42:00;-94,020;311,912;0,127;58,069;10,882;1016,411;33,855;63,380;13,180;71,255;10,780;0,577;271,524;5,508;-50,000;3653;365,3;;0,0;60;12,44;13,65;;15;A27210;;;;;;;;;;;;;;;;;;;;;;;;;;;;;;;;;;;;;;;;;;;;;;;;;;;;;;;;;;;;;;;;;;;;;;;;;
786400;23.02.25 10:43:00;-94,642;314,675;0,136;58,742;11,025;1016,390;33,849;62,095;13,320;70,615;10,850;0,735;317,351;5,505;-50,000;3653;365,3;;0,0;60;12,43;14,33;;15;A27210;;;;;;;;;;;;;;;;;;;;;;;;;;;;;;;;;;;;;;;;;;;;;;;;;;;;;;;;;;;;;;;;;;;;;;;;;
786401;23.02.25 10:44:00;-94,895;316,738;-0,479;58,654;11,135;1016,357;33,855;60,780;13,420;69,805;10,950;0,926;322,223;5,536;-50,000;3653;365,3;;0,0;60;12,43;14,05;;15;A27210;;;;;;;;;;;;;;;;;;;;;;;;;;;;;;;;;;;;;;;;;;;;;;;;;;;;;;;;;;;;;;;;;;;;;;;;;
786402;23.02.25 10:45:00;-95,200;318,399;-0,368;58,085;11,210;1016,363;33,843;60,425;13,420;69,220;11,045;0,709;319,787;5,560;-50,000;3653;365,3;;0,0;60;12,44;14,13;;15;A27210;;;;;;;;;;;;;;;;;;;;;;;;;;;;;;;;;;;;;;;;;;;;;;;;;;;;;;;;;;;;;;;;;;;;;;;;;
786403;23.02.25 10:46:00;-95,663;320,875;-0,631;58,558;11,307;1016,339;33,816;59,890;13,480;69,045;11,110;0,741;237,606;5,563;-50,000;3653;365,3;;0,0;60;12,44;14,33;;15;A27210;;;;;;;;;;;;;;;;;;;;;;;;;;;;;;;;;;;;;;;;;;;;;;;;;;;;;;;;;;;;;;;;;;;;;;;;;
786404;23.02.25 10:47:00;-96,021;323,076;-0,132;58,892;11,435;1016,384;33,852;60,655;13,515;69,410;11,185;0,697;225,264;5,572;-50,000;3653;365,3;;0,0;60;12,44;14,52;;15;A27210;;;;;;;;;;;;;;;;;;;;;;;;;;;;;;;;;;;;;;;;;;;;;;;;;;;;;;;;;;;;;;;;;;;;;;;;;
786405;23.02.25 10:48:00;-96,688;325,650;-0,177;59,482;11,570;1016,405;33,849;60,900;13,620;69,750;11,270;0,521;192,988;5,576;-50,000;3653;365,3;;0,0;60;12,45;14,60;;15;A27210;;;;;;;;;;;;;;;;;;;;;;;;;;;;;;;;;;;;;;;;;;;;;;;;;;;;;;;;;;;;;;;;;;;;;;;;;
786406;23.02.25 10:49:00;-97,129;328,110;-0,331;60,259;11,727;1016,402;33,819;61,585;13,765;69,760;11,375;0,500;154,727;5,609;-50,000;3653;365,3;;0,0;60;12,45;14,84;;15;A27210;;;;;;;;;;;;;;;;;;;;;;;;;;;;;;;;;;;;;;;;;;;;;;;;;;;;;;;;;;;;;;;;;;;;;;;;;
786407;23.02.25 10:50:00;-97,836;330,307;-0,977;60,660;11,895;1016,345;33,792;60,640;13,915;69,560;11,500;0,690;88,943;5,640;-50,000;3653;365,3;;0,0;60;12,46;15,08;;15;A27210;;;;;;;;;;;;;;;;;;;;;;;;;;;;;;;;;;;;;;;;;;;;;;;;;;;;;;;;;;;;;;;;;;;;;;;;;
786408;23.02.25 10:51:00;-98,277;332,407;-1,132;60,896;12,035;1016,351;33,822;59,960;14,055;68,970;11,605;0,824;129,161;5,652;-50,000;3653;365,3;;0,0;60;12,46;15,12;;15;A27210;;;;;;;;;;;;;;;;;;;;;;;;;;;;;;;;;;;;;;;;;;;;;;;;;;;;;;;;;;;;;;;;;;;;;;;;;
786409;23.02.25 10:52:00;-98,870;333,794;-1,439;60,920;12,152;1016,351;33,822;59,005;14,175;68,410;11,675;0,654;134,106;5,661;-50,000;3653;365,3;;0,0;60;12,47;15,24;;15;A27210;;;;;;;;;;;;;;;;;;;;;;;;;;;;;;;;;;;;;;;;;;;;;;;;;;;;;;;;;;;;;;;;;;;;;;;;;
786410;23.02.25 10:53:00;-99,360;330,863;-1,664;60,068;12,275;1016,333;33,807;58,895;14,270;68,335;11,725;0,537;142,813;5,667;-50,000;3653;365,3;;0,0;60;12,47;15,20;;15;A27210;;;;;;;;;;;;;;;;;;;;;;;;;;;;;;;;;;;;;;;;;;;;;;;;;;;;;;;;;;;;;;;;;;;;;;;;;
786411;23.02.25 10:54:00;-99,762;325,143;-2,550;58,515;12,375;1016,345;33,786;58,605;14,375;67,970;11,865;0,749;172,581;5,679;-50,000;3653;365,3;;0,0;60;12,46;15,71;;15;A27210;;;;;;;;;;;;;;;;;;;;;;;;;;;;;;;;;;;;;;;;;;;;;;;;;;;;;;;;;;;;;;;;;;;;;;;;;
786412;23.02.25 10:55:00;-99,965;337,569;-2,057;60,674;12,470;1016,354;33,783;58,780;14,470;67,380;12,000;0,745;191,261;5,704;-50,000;3653;365,3;;0,0;60;12,47;15,56;;15;A27210;;;;;;;;;;;;;;;;;;;;;;;;;;;;;;;;;;;;;;;;;;;;;;;;;;;;;;;;;;;;;;;;;;;;;;;;;
786413;23.02.25 10:56:00;-100,568;344,925;-2,619;62,076;12,572;1016,366;33,774;57,865;14,615;67,220;12,125;0,655;130,815;5,710;-50,000;3653;365,3;;0,0;60;12,47;15,99;;15;A27210;;;;;;;;;;;;;;;;;;;;;;;;;;;;;;;;;;;;;;;;;;;;;;;;;;;;;;;;;;;;;;;;;;;;;;;;;
786414;23.02.25 10:57:00;-100,618;347,054;-2,037;62,104;12,688;1016,384;33,765;57,575;14,680;66,395;12,225;0,560;137,093;5,743;-50,000;3653;365,3;;0,0;60;12,48;15,95;;15;A27210;;;;;;;;;;;;;;;;;;;;;;;;;;;;;;;;;;;;;;;;;;;;;;;;;;;;;;;;;;;;;;;;;;;;;;;;;
786415;23.02.25 10:58:00;-100,820;349,127;-2,294;62,313;12,805;1016,354;33,747;57,775;14,745;66,495;12,325;0,642;230,777;5,749;-50,000;3653;365,3;;0,0;60;12,47;16,27;;15;A27210;;;;;;;;;;;;;;;;;;;;;;;;;;;;;;;;;;;;;;;;;;;;;;;;;;;;;;;;;;;;;;;;;;;;;;;;;
786416;23.02.25 10:59:00;-100,871;351,185;-1,939;62,514;12,938;1016,375;33,744;57,820;14,860;65,855;12,425;0,679;258,272;5,756;-50,000;3653;365,3;;0,0;60;12,46;16,55;;15;A27210;;;;;;;;;;;;;;;;;;;;;;;;;;;;;;;;;;;;;;;;;;;;;;;;;;;;;;;;;;;;;;;;;;;;;;;;;
786417;23.02.25 11:00:00;-102,070;353,319;-3,502;62,762;13,040;1016,390;33,735;56,510;15,000;65,485;12,530;0,691;131,889;5,765;-50,000;3653;365,3;;0,0;60;12,48;16,79;;15;A27210;;;;;;;;;;;;;;;;;;;;;;;;;;;;;;;;;;;;;;;;;;;;;;;;;;;;;;;;;;;;;;;;;;;;;;;;;
786418;23.02.25 11:01:00;-102,332;344,359;-3,764;60,673;13,180;1016,381;33,726;56,215;15,075;64,950;12,590;0,496;183,926;5,777;-50,000;3653;365,3;;0,0;60;12,48;16,79;;15;A27210;;;;;;;;;;;;;;;;;;;;;;;;;;;;;;;;;;;;;;;;;;;;;;;;;;;;;;;;;;;;;;;;;;;;;;;;;
786419;23.02.25 11:02:00;-102,126;347,227;-3,972;60,996;13,252;1016,372;33,720;55,305;15,165;64,585;12,690;1,192;142,487;5,804;-50,000;3653;365,3;;0,0;60;12,49;16,79;;15;A27210;;;;;;;;;;;;;;;;;;;;;;;;;;;;;;;;;;;;;;;;;;;;;;;;;;;;;;;;;;;;;;;;;;;;;;;;;
786420;23.02.25 11:03:00;-102,062;358,473;-4,353;62,528;13,252;1016,327;33,729;55,010;15,175;63,445;12,735;1,141;142,628;5,826;-50,000;3653;365,3;;0,0;60;12,49;16,90;;15;A27210;;;;;;;;;;;;;;;;;;;;;;;;;;;;;;;;;;;;;;;;;;;;;;;;;;;;;;;;;;;;;;;;;;;;;;;;;
786421;23.02.25 11:04:00;-102,201;360,194;-2,663;62,734;13,290;1016,348;33,723;55,820;15,095;63,610;12,705;0,940;143,348;5,856;-50,000;3653;365,3;;0,0;60;12,49;16,98;;15;A27210;;;;;;;;;;;;;;;;;;;;;;;;;;;;;;;;;;;;;;;;;;;;;;;;;;;;;;;;;;;;;;;;;;;;;;;;;
786422;23.02.25 11:05:00;-102,617;362,573;-1,470;63,204;13,372;1016,381;33,741;56,515;15,095;64,205;12,695;0,932;155,295;5,862;-50,000;3653;365,3;;0,0;60;12,50;17,22;;15;A27210;;;;;;;;;;;;;;;;;;;;;;;;;;;;;;;;;;;;;;;;;;;;;;;;;;;;;;;;;;;;;;;;;;;;;;;;;
786423;23.02.25 11:06:00;-103,097;364,692;-3,484;63,913;13,442;1016,366;33,747;56,155;15,085;64,460;12,675;0,871;124,993;5,862;-50,000;3653;365,3;;0,0;60;12,50;17,22;;15;A27210;;;;;;;;;;;;;;;;;;;;;;;;;;;;;;;;;;;;;;;;;;;;;;;;;;;;;;;;;;;;;;;;;;;;;;;;;
786424;23.02.25 11:07:00;-102,923;366,611;-1,253;64,064;13,532;1016,426;33,744;57,920;15,075;64,965;12,680;0,645;207,068;5,911;-50,000;3653;365,3;;0,0;60;12,50;17,22;;15;A27210;;;;;;;;;;;;;;;;;;;;;;;;;;;;;;;;;;;;;;;;;;;;;;;;;;;;;;;;;;;;;;;;;;;;;;;;;
786425;23.02.25 11:08:00;-102,286;369,657;-2,815;64,637;13,583;1016,360;33,735;56,795;15,110;64,815;12,695;1,530;202,984;5,908;-50,000;3653;365,3;;0,0;60;12,50;17,54;;15;A27210;;;;;;;;;;;;;;;;;;;;;;;;;;;;;;;;;;;;;;;;;;;;;;;;;;;;;;;;;;;;;;;;;;;;;;;;;
786426;23.02.25 11:09:00;-102,571;371,183;-2,864;64,105;13,563;1016,351;33,723;56,185;15,140;64,405;12,680;1,417;222,182;5,942;-50,000;3653;365,3;;0,0;60;12,51;17,38;;15;A27210;;;;;;;;;;;;;;;;;;;;;;;;;;;;;;;;;;;;;;;;;;;;;;;;;;;;;;;;;;;;;;;;;;;;;;;;;
786427;23.02.25 11:10:00;-102,318;372,642;-3,632;63,936;13,525;1016,342;33,726;56,130;15,165;64,290;12,625;1,774;154,890;5,960;-50,000;3653;365,3;;0,0;60;12,51;17,62;;15;A27210;;;;;;;;;;;;;;;;;;;;;;;;;;;;;;;;;;;;;;;;;;;;;;;;;;;;;;;;;;;;;;;;;;;;;;;;;
786428;23.02.25 11:11:00;-102,715;373,964;-3,299;63,860;13,500;1016,390;33,720;56,265;15,115;64,770;12,505;1,243;178,757;5,960;-50,000;3653;365,3;;0,0;60;12,51;17,82;;15;A27210;;;;;;;;;;;;;;;;;;;;;;;;;;;;;;;;;;;;;;;;;;;;;;;;;;;;;;;;;;;;;;;;;;;;;;;;;
786429;23.02.25 11:12:00;-102,814;376,193;-1,665;64,475;13,495;1016,462;33,732;56,285;15,050;64,850;12,435;1,069;147,218;5,991;-50,000;3653;365,3;;0,0;60;12,52;17,90;;15;A27210;;;;;;;;;;;;;;;;;;;;;;;;;;;;;;;;;;;;;;;;;;;;;;;;;;;;;;;;;;;;;;;;;;;;;;;;;
786430;23.02.25 11:13:00;-102,620;377,964;-0,232;64,856;13,560;1016,516;33,717;57,025;14,995;65,300;12,365;1,069;191,818;6,021;-50,000;3653;365,3;;0,0;60;12,52;18,02;;15;A27210;;;;;;;;;;;;;;;;;;;;;;;;;;;;;;;;;;;;;;;;;;;;;;;;;;;;;;;;;;;;;;;;;;;;;;;;;
786431;23.02.25 11:14:00;-102,041;380,048;-1,618;65,127;13,570;1016,456;33,708;56,570;14,965;65,215;12,350;1,473;218,503;6,042;-50,000;3653;365,3;;0,0;60;12,53;17,94;;15;A27210;;;;;;;;;;;;;;;;;;;;;;;;;;;;;;;;;;;;;;;;;;;;;;;;;;;;;;;;;;;;;;;;;;;;;;;;;
786432;23.02.25 11:15:00;-102,166;381,579;-2,185;65,006;13,530;1016,474;33,705;56,360;14,950;65,215;12,285;1,350;198,765;6,052;-50,000;3653;365,3;;0,0;60;12,52;18,17;;15;A27210;;;;;;;;;;;;;;;;;;;;;;;;;;;;;;;;;;;;;;;;;;;;;;;;;;;;;;;;;;;;;;;;;;;;;;;;;
786433;23.02.25 11:16:00;-103,096;382,473;-1,033;65,177;13,575;1016,537;33,705;56,435;14,905;65,470;12,205;0,742;106,577;6,067;-50,000;3653;365,3;;0,0;60;12,53;18,13;;15;A27210;;;;;;;;;;;;;;;;;;;;;;;;;;;;;;;;;;;;;;;;;;;;;;;;;;;;;;;;;;;;;;;;;;;;;;;;;
786434;23.02.25 11:17:00;-102,689;384,295;0,939;66,040;13,672;1016,576;33,717;57,805;14,885;66,120;12,135;0,894;163,350;6,082;-50,000;3653;365,3;;0,0;60;12,53;18,13;;15;A27210;;;;;;;;;;;;;;;;;;;;;;;;;;;;;;;;;;;;;;;;;;;;;;;;;;;;;;;;;;;;;;;;;;;;;;;;;
786435;23.02.25 11:18:00;-102,856;386,129;-0,403;66,603;13,712;1016,531;33,708;57,150;14,885;66,345;12,070;1,335;195,401;6,131;-50,000;3653;365,3;;0,0;60;12,52;18,41;;15;A27210;;;;;;;;;;;;;;;;;;;;;;;;;;;;;;;;;;;;;;;;;;;;;;;;;;;;;;;;;;;;;;;;;;;;;;;;;
786436;23.02.25 11:19:00;-102,876;387,190;-1,660;66,481;13,733;1016,519;33,699;56,635;14,895;66,455;12,050;1,150;208,918;6,137;-50,000;3653;365,3;;0,0;60;12,54;18,25;;15;A27210;;;;;;;;;;;;;;;;;;;;;;;;;;;;;;;;;;;;;;;;;;;;;;;;;;;;;;;;;;;;;;;;;;;;;;;;;
786437;23.02.25 11:20:00;-103,252;388,803;-0,063;66,847;13,792;1016,558;33,702;56,965;14,955;66,725;12,030;1,240;170,961;6,161;-50,000;3653;365,3;;0,0;60;12,54;18,21;;15;A27210;;;;;;;;;;;;;;;;;;;;;;;;;;;;;;;;;;;;;;;;;;;;;;;;;;;;;;;;;;;;;;;;;;;;;;;;;
786438;23.02.25 11:21:00;-103,276;390,566;0,506;67,057;13,832;1016,600;33,708;57,025;14,975;66,795;12,020;1,161;189,973;6,161;-50,000;3653;365,3;;0,0;60;12,55;18,25;;15;A27210;;;;;;;;;;;;;;;;;;;;;;;;;;;;;;;;;;;;;;;;;;;;;;;;;;;;;;;;;;;;;;;;;;;;;;;;;
786439;23.02.25 11:22:00;-103,195;391,637;0,189;67,084;13,823;1016,591;33,699;56,380;15,015;66,375;11,990;1,323;207,647;6,192;-50,000;3653;365,3;;0,0;60;12,55;18,37;;15;A27210;;;;;;;;;;;;;;;;;;;;;;;;;;;;;;;;;;;;;;;;;;;;;;;;;;;;;;;;;;;;;;;;;;;;;;;;;
786440;23.02.25 11:23:00;-103,568;390,871;0,003;66,865;13,850;1016,669;33,702;56,360;15,060;66,590;11,995;0,946;143,319;6,220;-50,000;3653;365,3;;0,0;60;12,56;18,41;;15;A27210;;;;;;;;;;;;;;;;;;;;;;;;;;;;;;;;;;;;;;;;;;;;;;;;;;;;;;;;;;;;;;;;;;;;;;;;;
786441;23.02.25 11:24:00;-103,850;387,816;-0,694;66,140;13,898;1016,693;33,705;56,465;15,030;66,825;11,955;0,969;208,013;6,247;-50,000;3653;365,3;;0,0;60;12,56;18,61;;15;A27210;;;;;;;;;;;;;;;;;;;;;;;;;;;;;;;;;;;;;;;;;;;;;;;;;;;;;;;;;;;;;;;;;;;;;;;;;
786442;23.02.25 11:25:00;-103,369;388,871;-0,783;66,385;13,935;1016,666;33,720;55,985;15,095;66,580;11,970;1,499;180,501;6,253;-50,000;3653;365,3;;0,0;60;12,56;18,69;;15;A27210;;;;;;;;;;;;;;;;;;;;;;;;;;;;;;;;;;;;;;;;;;;;;;;;;;;;;;;;;;;;;;;;;;;;;;;;;
786443;23.02.25 11:26:00;-103,844;395,181;0,636;67,300;13,952;1016,669;33,708;56,385;15,095;66,550;11,965;1,161;174,746;6,259;-50,000;3653;365,3;;0,0;60;12,55;18,81;;15;A27210;;;;;;;;;;;;;;;;;;;;;;;;;;;;;;;;;;;;;;;;;;;;;;;;;;;;;;;;;;;;;;;;;;;;;;;;;
786444;23.02.25 11:27:00;-103,772;397,440;0,312;67,909;13,962;1016,684;33,690;55,890;15,115;66,455;11,955;1,092;147,656;6,262;-50,000;3653;365,3;;0,0;60;12,57;18,97;;15;A27210;;;;;;;;;;;;;;;;;;;;;;;;;;;;;;;;;;;;;;;;;;;;;;;;;;;;;;;;;;;;;;;;;;;;;;;;;
786445;23.02.25 11:28:00;-103,530;402,430;0,891;68,656;14,002;1016,675;33,666;56,095;15,060;66,430;11,970;1,222;199,778;6,311;-50,000;3653;365,3;;0,0;60;12,57;18,81;;15;A27210;;;;;;;;;;;;;;;;;;;;;;;;;;;;;;;;;;;;;;;;;;;;;;;;;;;;;;;;;;;;;;;;;;;;;;;;;
786446;23.02.25 11:29:00;-103,718;404,080;1,592;68,951;14,050;1016,681;33,651;56,675;15,060;66,680;11,985;1,325;179,168;6,339;-50,000;3653;365,3;;0,0;60;12,57;18,97;;15;A27210;;;;;;;;;;;;;;;;;;;;;;;;;;;;;;;;;;;;;;;;;;;;;;;;;;;;;;;;;;;;;;;;;;;;;;;;;
786447;23.02.25 11:30:00;-103,971;405,574;0,735;69,092;14,057;1016,708;33,636;55,635;15,095;66,455;11,985;1,245;128,981;6,345;-50,000;3653;365,3;;0,0;60;12,59;18,85;;15;A27210;;;;;;;;;;;;;;;;;;;;;;;;;;;;;;;;;;;;;;;;;;;;;;;;;;;;;;;;;;;;;;;;;;;;;;;;;
786448;23.02.25 11:31:00;-103,907;407,055;1,800;69,222;14,095;1016,741;33,675;56,080;15,060;66,350;11,980;1,112;182,813;6,363;-50,000;3653;365,3;;0,0;60;12,59;18,73;;15;A27210;;;;;;;;;;;;;;;;;;;;;;;;;;;;;;;;;;;;;;;;;;;;;;;;;;;;;;;;;;;;;;;;;;;;;;;;;
786449;23.02.25 11:32:00;-104,028;408,403;0,463;69,484;14,118;1016,690;33,639;55,110;15,055;65,815;11,995;1,468;198,951;6,387;-50,000;3653;365,3;;0,0;60;12,60;18,89;;15;A27210;;;;;;;;;;;;;;;;;;;;;;;;;;;;;;;;;;;;;;;;;;;;;;;;;;;;;;;;;;;;;;;;;;;;;;;;;
786450;23.02.25 11:33:00;-104,529;409,451;1,781;69,581;14,180;1016,705;33,621;55,250;14,975;65,540;11,960;0,878;315,023;6,418;-50,000;3653;365,3;;0,0;60;12,61;18,97;;15;A27210;;;;;;;;;;;;;;;;;;;;;;;;;;;;;;;;;;;;;;;;;;;;;;;;;;;;;;;;;;;;;;;;;;;;;;;;;
786451;23.02.25 11:34:00;-104,574;411,564;3,934;69,649;14,255;1016,693;33,618;56,155;14,945;65,580;11,985;0,641;267,300;6,491;-50,000;3653;365,3;;0,0;60;12,62;18,97;;15;A27210;;;;;;;;;;;;;;;;;;;;;;;;;;;;;;;;;;;;;;;;;;;;;;;;;;;;;;;;;;;;;;;;;;;;;;;;;
786452;23.02.25 11:35:00;-104,766;414,141;2,273;70,795;14,383;1016,666;33,603;56,575;15,010;66,240;12,050;1,167;207,866;6,543;-50,000;3653;365,3;;0,0;60;12,63;18,77;;15;A27210;;;;;;;;;;;;;;;;;;;;;;;;;;;;;;;;;;;;;;;;;;;;;;;;;;;;;;;;;;;;;;;;;;;;;;;;;
786453;23.02.25 11:36:00;-105,410;415,307;2,346;70,463;14,417;1016,669;33,600;55,815;15,070;65,885;12,090;0,938;172,592;6,546;-50,000;3653;365,3;;0,0;60;12,65;18,77;;15;A27210;;;;;;;;;;;;;;;;;;;;;;;;;;;;;;;;;;;;;;;;;;;;;;;;;;;;;;;;;;;;;;;;;;;;;;;;;
786454;23.02.25 11:37:00;-105,844;416,937;2,409;70,970;14,523;1016,702;33,633;56,000;15,135;66,080;12,145;0,859;173,188;6,570;-50,000;3653;365,3;;0,0;60;12,65;18,89;;15;A27210;;;;;;;;;;;;;;;;;;;;;;;;;;;;;;;;;;;;;;;;;;;;;;;;;;;;;;;;;;;;;;;;;;;;;;;;;
786455;23.02.25 11:38:00;-106,248;418,402;1,258;71,347;14,592;1016,684;33,633;54,125;15,205;65,130;12,195;0,981;149,001;6,555;-50,000;3653;365,3;;0,0;60;12,66;18,93;;15;A27210;;;;;;;;;;;;;;;;;;;;;;;;;;;;;;;;;;;;;;;;;;;;;;;;;;;;;;;;;;;;;;;;;;;;;;;;;
786456;23.02.25 11:39:00;-106,659;419,486;1,817;71,629;14,682;1016,732;33,630;54,220;15,240;64,330;12,260;0,714;160,014;6,589;-50,000;3653;365,3;;0,0;60;12,67;19,17;;15;A27210;;;;;;;;;;;;;;;;;;;;;;;;;;;;;;;;;;;;;;;;;;;;;;;;;;;;;;;;;;;;;;;;;;;;;;;;;
786457;23.02.25 11:40:00;-106,866;421,195;2,496;72,027;14,802;1016,687;33,636;54,975;15,320;64,560;12,365;0,868;179,263;6,629;-50,000;3653;365,3;;0,0;60;12,68;18,81;;15;A27210;;;;;;;;;;;;;;;;;;;;;;;;;;;;;;;;;;;;;;;;;;;;;;;;;;;;;;;;;;;;;;;;;;;;;;;;;
786458;23.02.25 11:41:00;-107,018;422,290;1,820;72,102;14,885;1016,690;33,633;54,550;15,405;64,450;12,450;0,859;132,694;6,634;-50,000;3653;365,3;;0,0;60;12,68;19,29;;15;A27210;;;;;;;;;;;;;;;;;;;;;;;;;;;;;;;;;;;;;;;;;;;;;;;;;;;;;;;;;;;;;;;;;;;;;;;;;
786459;23.02.25 11:42:00;-107,152;423,672;2,567;72,250;15,000;1016,678;33,612;55,025;15,500;64,560;12,510;0,882;153,293;6,638;-50,000;3653;365,3;;0,0;60;12,69;19,25;;15;A27210;;;;;;;;;;;;;;;;;;;;;;;;;;;;;;;;;;;;;;;;;;;;;;;;;;;;;;;;;;;;;;;;;;;;;;;;;
786460;23.02.25 11:43:00;-107,355;425,014;0,073;71,732;15,042;1016,624;33,612;54,180;15,535;64,205;12,630;0,955;185,349;6,647;-50,000;3653;365,3;;0,0;60;12,69;19,21;;15;A27210;;;;;;;;;;;;;;;;;;;;;;;;;;;;;;;;;;;;;;;;;;;;;;;;;;;;;;;;;;;;;;;;;;;;;;;;;
786461;23.02.25 11:44:00;-107,077;426,542;0,123;71,905;15,077;1016,582;33,624;54,440;15,545;63,800;12,680;1,625;184,230;6,647;-50,000;3653;365,3;;0,0;60;12,69;19,72;;15;A27210;;;;;;;;;;;;;;;;;;;;;;;;;;;;;;;;;;;;;;;;;;;;;;;;;;;;;;;;;;;;;;;;;;;;;;;;;
786462;23.02.25 11:45:00;-107,370;427,760;0,220;71,343;15,040;1016,591;33,630;53,795;15,555;63,175;12,730;1,232;144,270;6,690;-50,000;3653;365,3;;0,0;60;12,70;19,37;;15;A27210;;;;;;;;;;;;;;;;;;;;;;;;;;;;;;;;;;;;;;;;;;;;;;;;;;;;;;;;;;;;;;;;;;;;;;;;;
786463;23.02.25 11:46:00;-107,555;429,283;0,656;71,412;15,057;1016,657;33,630;54,145;15,500;62,910;12,720;1,129;124,740;6,687;-50,000;3653;365,3;;0,0;60;12,71;19,37;;15;A27210;;;;;;;;;;;;;;;;;;;;;;;;;;;;;;;;;;;;;;;;;;;;;;;;;;;;;;;;;;;;;;;;;;;;;;;;;
786464;23.02.25 11:47:00;-106,534;431,031;1,118;71,784;15,045;1016,636;33,633;54,505;15,445;63,135;12,650;1,666;213,975;6,729;-50,000;3653;365,3;;0,0;60;12,71;19,17;;15;A27210;;;;;;;;;;;;;;;;;;;;;;;;;;;;;;;;;;;;;;;;;;;;;;;;;;;;;;;;;;;;;;;;;;;;;;;;;
786465;23.02.25 11:48:00;-106,463;432,037;2,233;71,542;15,005;1016,642;33,627;54,715;15,415;63,495;12,620;1,350;198,776;6,738;-50,000;3653;365,3;;0,0;60;12,71;19,44;;15;A27210;;;;;;;;;;;;;;;;;;;;;;;;;;;;;;;;;;;;;;;;;;;;;;;;;;;;;;;;;;;;;;;;;;;;;;;;;
786466;23.02.25 11:49:00;-106,587;433,444;2,541;72,148;15,002;1016,681;33,618;54,860;15,430;63,755;12,560;1,506;166,174;6,741;-50,000;3653;365,3;;0,0;60;12,72;19,60;;15;A27210;;;;;;;;;;;;;;;;;;;;;;;;;;;;;;;;;;;;;;;;;;;;;;;;;;;;;;;;;;;;;;;;;;;;;;;;;
786467;23.02.25 11:50:00;-106,506;434,687;1,470;72,510;15,015;1016,642;33,630;54,965;15,445;64,080;12,515;1,529;208,209;6,750;-50,000;3653;365,3;;0,0;60;12,74;19,84;;15;A27210;;;;;;;;;;;;;;;;;;;;;;;;;;;;;;;;;;;;;;;;;;;;;;;;;;;;;;;;;;;;;;;;;;;;;;;;;
786468;23.02.25 11:51:00;-107,039;435,256;3,206;72,166;15,025;1016,672;33,621;55,040;15,460;64,240;12,505;1,002;198,934;6,772;-50,000;3653;365,3;;0,0;60;12,79;19,64;;15;A27210;;;;;;;;;;;;;;;;;;;;;;;;;;;;;;;;;;;;;;;;;;;;;;;;;;;;;;;;;;;;;;;;;;;;;;;;;
786469;23.02.25 11:52:00;-106,927;436,905;3,426;72,851;15,063;1016,654;33,627;55,330;15,525;64,515;12,480;1,238;201,161;6,805;-50,000;3653;365,3;;0,0;60;12,86;19,60;;15;A27210;;;;;;;;;;;;;;;;;;;;;;;;;;;;;;;;;;;;;;;;;;;;;;;;;;;;;;;;;;;;;;;;;;;;;;;;;
786470;23.02.25 11:53:00;-107,676;438,151;2,672;73,221;15,120;1016,678;33,609;54,970;15,605;64,970;12,475;0,927;144,889;6,796;-50,000;3653;365,3;;0,0;60;12,97;19,56;;15;A27210;;;;;;;;;;;;;;;;;;;;;;;;;;;;;;;;;;;;;;;;;;;;;;;;;;;;;;;;;;;;;;;;;;;;;;;;;
786471;23.02.25 11:54:00;-107,863;439,749;2,639;73,799;15,207;1016,687;33,711;54,850;15,650;65,060;12,490;1,243;107,353;6,815;-50,000;3653;365,3;;0,0;60;13,16;19,96;;15;A27210;;;;;;;;;;;;;;;;;;;;;;;;;;;;;;;;;;;;;;;;;;;;;;;;;;;;;;;;;;;;;;;;;;;;;;;;;
786472;23.02.25 11:55:00;-107,658;441,073;1,211;73,735;15,207;1016,633;33,939;54,805;15,650;64,880;12,480;1,335;137,104;6,836;-50,000;3653;365,3;;0,0;60;13,26;20,08;;15;A27210;;;;;;;;;;;;;;;;;;;;;;;;;;;;;;;;;;;;;;;;;;;;;;;;;;;;;;;;;;;;;;;;;;;;;;;;;
786473;23.02.25 11:56:00;-107,508;442,745;1,975;73,873;15,227;1016,630;33,984;55,050;15,680;65,025;12,500;1,348;139,731;6,839;-50,000;3653;365,3;;0,0;60;13,34;20,00;;15;A27210;;;;;;;;;;;;;;;;;;;;;;;;;;;;;;;;;;;;;;;;;;;;;;;;;;;;;;;;;;;;;;;;;;;;;;;;;
786474;23.02.25 11:57:00;-106,973;444,298;2,771;74,387;15,265;1016,627;33,939;55,265;15,685;65,515;12,500;1,379;184,883;6,839;-50,000;3653;365,3;;0,0;60;13,42;19,76;;15;A27210;;;;;;;;;;;;;;;;;;;;;;;;;;;;;;;;;;;;;;;;;;;;;;;;;;;;;;;;;;;;;;;;;;;;;;;;;
786475;23.02.25 11:58:00;-107,861;445,405;2,937;74,783;15,287;1016,651;33,933;54,825;15,730;65,495;12,545;1,322;157,731;6,851;-50,000;3653;365,3;;0,0;60;13,49;19,80;;15;A27210;;;;;;;;;;;;;;;;;;;;;;;;;;;;;;;;;;;;;;;;;;;;;;;;;;;;;;;;;;;;;;;;;;;;;;;;;
786476;23.02.25 11:59:00;-108,686;445,553;2,298;74,699;15,327;1016,609;33,930;54,290;15,735;64,995;12,580;0,803;176,794;6,873;-50,000;3653;365,3;;0,0;60;13,56;19,80;;15;A27210;;;;;;;;;;;;;;;;;;;;;;;;;;;;;;;;;;;;;;;;;;;;;;;;;;;;;;;;;;;;;;;;;;;;;;;;;
786477;23.02.25 12:00:00;-108,437;446,792;3,516;75,010;15,425;1016,585;33,903;54,695;15,730;64,700;12,610;0,751;257,293;6,876;-50,000;3653;365,3;;0,0;60;13,59;20,04;;15;A27210;;;;;;;;;;;;;;;;;;;;;;;;;;;;;;;;;;;;;;;;;;;;;;;;;;;;;;;;;;;;;;;;;;;;;;;;;
786478;23.02.25 12:01:00;-108,717;448,415;2,573;75,204;15,492;1016,579;33,891;53,810;15,770;64,230;12,690;1,083;141,609;6,918;-50,000;3653;365,3;;0,0;60;13,66;19,88;;15;A27210;;;;;;;;;;;;;;;;;;;;;;;;;;;;;;;;;;;;;;;;;;;;;;;;;;;;;;;;;;;;;;;;;;;;;;;;;
786479;23.02.25 12:02:00;-108,728;449,167;2,782;75,027;15,528;1016,603;33,846;53,830;15,780;64,030;12,735;1,219;192,510;6,934;-50,000;3653;365,3;;0,0;60;13,68;20,04;;15;A27210;;;;;;;;;;;;;;;;;;;;;;;;;;;;;;;;;;;;;;;;;;;;;;;;;;;;;;;;;;;;;;;;;;;;;;;;;
786480;23.02.25 12:03:00;-108,201;450,574;3,567;75,186;15,563;1016,513;33,849;54,290;15,770;63,875;12,780;1,242;199,997;6,937;-50,000;3653;365,3;;0,0;60;13,73;20,12;;15;A27210;;;;;;;;;;;;;;;;;;;;;;;;;;;;;;;;;;;;;;;;;;;;;;;;;;;;;;;;;;;;;;;;;;;;;;;;;
786481;23.02.25 12:04:00;-108,333;452,126;3,599;74,999;15,545;1016,474;33,834;54,185;15,785;63,680;12,770;0,994;240,508;6,943;-50,000;3653;365,3;;0,0;60;13,76;19,96;;15;A27210;;;;;;;;;;;;;;;;;;;;;;;;;;;;;;;;;;;;;;;;;;;;;;;;;;;;;;;;;;;;;;;;;;;;;;;;;
786482;23.02.25 12:05:00;-108,529;453,044;3,248;75,558;15,608;1016,522;33,822;54,140;15,875;64,000;12,790;1,179;141,778;6,946;-50,000;3653;365,3;;0,0;60;13,79;20,12;;15;A27210;;;;;;;;;;;;;;;;;;;;;;;;;;;;;;;;;;;;;;;;;;;;;;;;;;;;;;;;;;;;;;;;;;;;;;;;;
786483;23.02.25 12:06:00;-108,006;454,555;3,032;75,851;15,637;1016,501;33,996;54,095;15,895;63,830;12,795;1,698;160,183;6,964;-50,000;3653;365,3;;0,0;60;13,82;20,24;;15;A27210;;;;;;;;;;;;;;;;;;;;;;;;;;;;;;;;;;;;;;;;;;;;;;;;;;;;;;;;;;;;;;;;;;;;;;;;;
786484;23.02.25 12:07:00;-107,818;455,837;3,046;76,330;15,650;1016,471;33,981;54,035;15,900;63,940;12,765;1,581;188,567;6,976;-50,000;3653;365,3;;0,0;60;13,81;20,52;;15;A27210;;;;;;;;;;;;;;;;;;;;;;;;;;;;;;;;;;;;;;;;;;;;;;;;;;;;;;;;;;;;;;;;;;;;;;;;;
786485;23.02.25 12:08:00;-107,593;457,091;3,215;76,426;15,602;1016,414;33,807;53,830;15,915;63,835;12,790;1,753;203,946;7,013;-50,000;3653;365,3;;0,0;60;13,84;20,12;;15;A27210;;;;;;;;;;;;;;;;;;;;;;;;;;;;;;;;;;;;;;;;;;;;;;;;;;;;;;;;;;;;;;;;;;;;;;;;;
786486;23.02.25 12:09:00;-108,142;457,624;5,373;76,586;15,653;1016,402;33,945;54,440;15,960;64,090;12,800;1,027;214,234;7,001;-50,000;3653;365,3;;0,0;60;13,88;20,20;;15;A27210;;;;;;;;;;;;;;;;;;;;;;;;;;;;;;;;;;;;;;;;;;;;;;;;;;;;;;;;;;;;;;;;;;;;;;;;;
786487;23.02.25 12:10:00;-108,416;458,926;4,668;77,194;15,710;1016,402;33,879;53,895;16,020;64,100;12,820;1,349;170,764;7,034;-50,000;3653;365,3;;0,0;60;13,90;20,32;;15;A27210;;;;;;;;;;;;;;;;;;;;;;;;;;;;;;;;;;;;;;;;;;;;;;;;;;;;;;;;;;;;;;;;;;;;;;;;;
786488;23.02.25 12:11:00;-108,354;461,313;0,763;77,784;15,667;1016,327;33,924;52,920;16,040;63,305;12,840;2,088;132,069;7,031;-50,000;3653;365,3;;0,0;60;13,93;20,20;;15;A27210;;;;;;;;;;;;;;;;;;;;;;;;;;;;;;;;;;;;;;;;;;;;;;;;;;;;;;;;;;;;;;;;;;;;;;;;;
786489;23.02.25 12:12:00;-107,962;461,806;1,279;76,771;15,555;1016,306;33,789;52,670;15,975;62,860;12,800;1,779;120,786;7,037;-50,000;3653;365,3;;0,0;60;13,90;20,28;;15;A27210;;;;;;;;;;;;;;;;;;;;;;;;;;;;;;;;;;;;;;;;;;;;;;;;;;;;;;;;;;;;;;;;;;;;;;;;;
786490;23.02.25 12:13:00;-108,060;462,322;3,732;76,591;15,500;1016,357;33,813;53,100;15,830;63,045;12,745;1,538;120,291;7,043;-50,000;3653;365,3;;0,0;60;13,92;20,20;;15;A27210;;;;;;;;;;;;;;;;;;;;;;;;;;;;;;;;;;;;;;;;;;;;;;;;;;;;;;;;;;;;;;;;;;;;;;;;;
786491;23.02.25 12:14:00;-107,701;463,212;3,528;76,907;15,480;1016,405;33,831;53,595;15,725;63,400;12,680;1,276;178,566;7,043;-50,000;3653;365,3;;0,0;60;13,88;20,24;;15;A27210;;;;;;;;;;;;;;;;;;;;;;;;;;;;;;;;;;;;;;;;;;;;;;;;;;;;;;;;;;;;;;;;;;;;;;;;;
786492;23.02.25 12:15:00;-106,944;464,620;2,979;77,361;15,450;1016,426;33,858;53,735;15,640;63,645;12,615;1,625;187,954;7,068;-50,000;3653;365,3;;0,0;60;13,91;20,28;;15;A27210;;;;;;;;;;;;;;;;;;;;;;;;;;;;;;;;;;;;;;;;;;;;;;;;;;;;;;;;;;;;;;;;;;;;;;;;;
786493;23.02.25 12:16:00;-107,093;465,493;4,440;77,465;15,425;1016,468;33,843;54,060;15,600;63,890;12,605;1,702;121,787;7,102;-50,000;3653;365,3;;0,0;60;13,92;20,16;;15;A27210;;;;;;;;;;;;;;;;;;;;;;;;;;;;;;;;;;;;;;;;;;;;;;;;;;;;;;;;;;;;;;;;;;;;;;;;;
786494;23.02.25 12:17:00;-106,823;466,803;4,914;77,529;15,383;1016,447;33,834;54,110;15,490;63,805;12,590;1,352;164,216;7,098;-50,000;3653;365,3;;0,0;60;13,92;20,04;;15;A27210;;;;;;;;;;;;;;;;;;;;;;;;;;;;;;;;;;;;;;;;;;;;;;;;;;;;;;;;;;;;;;;;;;;;;;;;;
786495;23.02.25 12:18:00;-107,344;467,510;7,531;78,179;15,465;1016,558;33,819;55,645;15,480;64,745;12,580;1,308;113,681;7,126;-50,000;3653;365,3;;0,0;60;13,94;20,24;;15;A27210;;;;;;;;;;;;;;;;;;;;;;;;;;;;;;;;;;;;;;;;;;;;;;;;;;;;;;;;;;;;;;;;;;;;;;;;;
786496;23.02.25 12:19:00;-107,457;469,017;5,652;78,900;15,537;1016,552;33,810;55,215;15,485;64,680;12,590;1,314;180,788;7,132;-50,000;3653;365,3;;0,0;60;13,94;20,40;;15;A27210;;;;;;;;;;;;;;;;;;;;;;;;;;;;;;;;;;;;;;;;;;;;;;;;;;;;;;;;;;;;;;;;;;;;;;;;;
786497;23.02.25 12:20:00;-107,078;470,540;4,769;79,071;15,532;1016,543;33,828;54,660;15,475;64,150;12,615;1,826;135,653;7,132;-50,000;3653;365,3;;0,0;60;13,95;20,24;;15;A27210;;;;;;;;;;;;;;;;;;;;;;;;;;;;;;;;;;;;;;;;;;;;;;;;;;;;;;;;;;;;;;;;;;;;;;;;;
786498;23.02.25 12:21:00;-107,917;470,311;6,364;78,245;15,550;1016,627;33,828;55,300;15,430;64,225;12,630;0,697;126,714;7,132;-50,000;3653;365,3;;0,0;60;13,95;20,12;;15;A27210;;;;;;;;;;;;;;;;;;;;;;;;;;;;;;;;;;;;;;;;;;;;;;;;;;;;;;;;;;;;;;;;;;;;;;;;;
786499;23.02.25 12:22:00;-107,630;471,652;6,087;79,292;15,663;1016,657;33,804;55,675;15,470;64,805;12,640;1,581;114,733;7,150;-50,000;3653;365,3;;0,0;60;13,96;20,28;;15;A27210;;;;;;;;;;;;;;;;;;;;;;;;;;;;;;;;;;;;;;;;;;;;;;;;;;;;;;;;;;;;;;;;;;;;;;;;;
786500;23.02.25 12:23:00;-108,030;472,409;6,713;79,009;15,720;1016,624;33,789;55,890;15,505;64,810;12,705;1,252;82,418;7,172;-50,000;3653;365,3;;0,0;60;13,97;20,24;;15;A27210;;;;;;;;;;;;;;;;;;;;;;;;;;;;;;;;;;;;;;;;;;;;;;;;;;;;;;;;;;;;;;;;;;;;;;;;;
786501;23.02.25 12:24:00;-108,315;474,110;7,965;80,066;15,842;1016,624;33,801;56,560;15,570;65,475;12,725;1,080;162,180;7,187;-50,000;3653;365,3;;0,0;60;13,97;20,12;;15;A27210;;;;;;;;;;;;;;;;;;;;;;;;;;;;;;;;;;;;;;;;;;;;;;;;;;;;;;;;;;;;;;;;;;;;;;;;;
786502;23.02.25 12:25:00;-109,111;474,794;6,370;79,974;15,935;1016,534;33,861;55,425;15,695;64,805;12,835;0,875;157,697;7,218;-50,000;3653;365,3;;0,0;60;13,96;20,28;;15;A27210;;;;;;;;;;;;;;;;;;;;;;;;;;;;;;;;;;;;;;;;;;;;;;;;;;;;;;;;;;;;;;;;;;;;;;;;;
786503;23.02.25 12:26:00;-109,351;475,432;6,457;79,997;16,050;1016,471;33,792;54,705;15,795;64,480;12,925;0,952;126,444;7,220;-50,000;3653;365,3;;0,0;60;13,98;20,36;;15;A27210;;;;;;;;;;;;;;;;;;;;;;;;;;;;;;;;;;;;;;;;;;;;;;;;;;;;;;;;;;;;;;;;;;;;;;;;;
786504;23.02.25 12:27:00;-109,746;475,813;6,905;79,447;16,153;1016,414;33,762;55,285;15,855;63,920;12,990;0,563;188,314;7,230;-50,000;3653;365,3;;0,0;60;13,97;20,40;;15;A27210;;;;;;;;;;;;;;;;;;;;;;;;;;;;;;;;;;;;;;;;;;;;;;;;;;;;;;;;;;;;;;;;;;;;;;;;;
786505;23.02.25 12:28:00;-109,437;476,924;5,518;80,094;16,255;1016,393;33,768;54,295;15,990;63,685;13,125;1,506;204,143;7,236;-50,000;3653;365,3;;0,0;60;13,98;20,44;;15;A27210;;;;;;;;;;;;;;;;;;;;;;;;;;;;;;;;;;;;;;;;;;;;;;;;;;;;;;;;;;;;;;;;;;;;;;;;;
786506;23.02.25 12:29:00;-109,458;477,213;5,418;79,096;16,227;1016,330;33,753;53,120;16,100;62,345;13,165;1,307;193,174;7,236;-50,000;3653;365,3;;0,0;60;13,96;20,40;;15;A27210;;;;;;;;;;;;;;;;;;;;;;;;;;;;;;;;;;;;;;;;;;;;;;;;;;;;;;;;;;;;;;;;;;;;;;;;;
786507;23.02.25 12:30:00;-109,693;477,706;7,756;79,352;16,290;1016,546;33,840;53,715;16,180;62,460;13,240;0,979;166,725;7,275;-50,000;3653;365,3;;0,0;60;13,96;20,67;;15;A27210;;;;;;;;;;;;;;;;;;;;;;;;;;;;;;;;;;;;;;;;;;;;;;;;;;;;;;;;;;;;;;;;;;;;;;;;;
786508;23.02.25 12:31:00;-110,160;478,951;6,614;80,069;16,397;1016,525;33,888;53,190;16,300;62,790;13,325;1,066;162,023;7,294;-50,000;3653;365,3;;0,0;60;13,95;20,48;;15;A27210;;;;;;;;;;;;;;;;;;;;;;;;;;;;;;;;;;;;;;;;;;;;;;;;;;;;;;;;;;;;;;;;;;;;;;;;;
786509;23.02.25 12:32:00;-110,165;479,432;5,929;79,933;16,432;1016,285;33,972;52,725;16,355;62,135;13,400;1,235;170,280;7,306;-50,000;3653;365,3;;0,0;60;13,96;20,67;;15;A27210;;;;;;;;;;;;;;;;;;;;;;;;;;;;;;;;;;;;;;;;;;;;;;;;;;;;;;;;;;;;;;;;;;;;;;;;;
786510;23.02.25 12:33:00;-110,261;479,042;6,113;79,454;16,475;1016,195;33,972;53,050;16,400;62,120;13,465;1,199;187,172;7,321;-50,000;3653;365,3;;0,0;60;13,96;20,63;;15;A27210;;;;;;;;;;;;;;;;;;;;;;;;;;;;;;;;;;;;;;;;;;;;;;;;;;;;;;;;;;;;;;;;;;;;;;;;;
786511;23.02.25 12:34:00;-110,595;479,536;6,307;79,455;16,548;1016,225;33,915;52,985;16,480;61,815;13,500;0,983;141,345;7,327;-50,000;3653;365,3;;0,0;60;13,96;20,87;;15;A27210;;;;;;;;;;;;;;;;;;;;;;;;;;;;;;;;;;;;;;;;;;;;;;;;;;;;;;;;;;;;;;;;;;;;;;;;;
786512;23.02.25 12:35:00;-111,135;480,476;6,810;80,145;16,635;1016,258;33,795;52,975;16,590;62,125;13,550;1,102;184,905;7,330;-50,000;3653;365,3;;0,0;60;13,96;20,52;;15;A27210;;;;;;;;;;;;;;;;;;;;;;;;;;;;;;;;;;;;;;;;;;;;;;;;;;;;;;;;;;;;;;;;;;;;;;;;;
786513;23.02.25 12:36:00;-111,065;482,133;6,438;80,673;16,712;1016,327;33,792;52,195;16,700;61,670;13,605;1,307;206,426;7,367;-50,000;3653;365,3;;0,0;60;13,96;20,67;;15;A27210;;;;;;;;;;;;;;;;;;;;;;;;;;;;;;;;;;;;;;;;;;;;;;;;;;;;;;;;;;;;;;;;;;;;;;;;;
786514;23.02.25 12:37:00;-110,839;484,045;3,635;80,563;16,707;1016,282;33,870;51,300;16,815;60,860;13,690;1,774;158,912;7,397;-50,000;3653;365,3;;0,0;60;13,96;20,60;;15;A27210;;;;;;;;;;;;;;;;;;;;;;;;;;;;;;;;;;;;;;;;;;;;;;;;;;;;;;;;;;;;;;;;;;;;;;;;;
786515;23.02.25 12:38:00;-111,449;484,552;4,838;79,783;16,675;1016,267;33,696;51,300;16,800;60,620;13,705;1,089;164,481;7,413;-50,000;3653;365,3;;0,0;60;13,96;20,56;;15;A27210;;;;;;;;;;;;;;;;;;;;;;;;;;;;;;;;;;;;;;;;;;;;;;;;;;;;;;;;;;;;;;;;;;;;;;;;;
786516;23.02.25 12:39:00;-112,032;484,600;5,690;79,831;16,745;1016,474;33,693;51,395;16,785;60,690;13,745;1,049;213,812;7,419;-50,000;3653;365,3;;0,0;60;13,96;20,79;;15;A27210;;;;;;;;;;;;;;;;;;;;;;;;;;;;;;;;;;;;;;;;;;;;;;;;;;;;;;;;;;;;;;;;;;;;;;;;;
786517;23.02.25 12:40:00;-111,613;486,313;4,089;80,373;16,740;1016,321;33,705;51,125;16,810;60,325;13,770;1,787;142,110;7,431;-50,000;3653;365,3;;0,0;60;13,95;20,67;;15;A27210;;;;;;;;;;;;;;;;;;;;;;;;;;;;;;;;;;;;;;;;;;;;;;;;;;;;;;;;;;;;;;;;;;;;;;;;;
786518;23.02.25 12:41:00;-111,021;487,095;3,778;79,951;16,675;1016,267;33,720;50,785;16,755;59,850;13,770;1,666;142,453;7,434;-50,000;3653;365,3;;0,0;60;13,96;20,67;;15;A27210;;;;;;;;;;;;;;;;;;;;;;;;;;;;;;;;;;;;;;;;;;;;;;;;;;;;;;;;;;;;;;;;;;;;;;;;;
786519;23.02.25 12:42:00;-111,245;487,114;5,265;79,691;16,655;1016,210;33,750;51,300;16,665;60,010;13,745;1,079;118,513;7,483;-50,000;3653;365,3;;0,0;60;13,97;20,75;;15;A27210;;;;;;;;;;;;;;;;;;;;;;;;;;;;;;;;;;;;;;;;;;;;;;;;;;;;;;;;;;;;;;;;;;;;;;;;;
786520;23.02.25 12:43:00;-111,715;487,465;5,968;80,209;16,710;1016,045;33,753;51,780;16,590;60,625;13,720;0,892;113,529;7,504;-50,000;3653;365,3;;0,0;60;13,97;20,48;;15;A27210;;;;;;;;;;;;;;;;;;;;;;;;;;;;;;;;;;;;;;;;;;;;;;;;;;;;;;;;;;;;;;;;;;;;;;;;;
786521;23.02.25 12:44:00;-111,482;487,810;6,268;80,785;16,847;1015,958;33,816;52,070;16,560;60,710;13,720;1,240;189,692;7,520;-50,000;3653;365,3;;0,0;60;13,96;20,60;;15;A27210;;;;;;;;;;;;;;;;;;;;;;;;;;;;;;;;;;;;;;;;;;;;;;;;;;;;;;;;;;;;;;;;;;;;;;;;;
786522;23.02.25 12:45:00;-110,483;489,217;3,362;80,702;16,805;1016,003;34,017;50,585;16,575;59,505;13,730;1,709;204,401;7,526;-50,000;3653;365,3;;0,0;60;13,96;20,87;;15;A27210;;;;;;;;;;;;;;;;;;;;;;;;;;;;;;;;;;;;;;;;;;;;;;;;;;;;;;;;;;;;;;;;;;;;;;;;;
786523;23.02.25 12:46:00;-111,244;489,041;5,532;79,817;16,778;1016,096;33,819;51,340;16,525;59,390;13,745;0,873;198,900;7,523;-50,000;3653;365,3;;0,0;60;13,97;21,07;;15;A27210;;;;;;;;;;;;;;;;;;;;;;;;;;;;;;;;;;;;;;;;;;;;;;;;;;;;;;;;;;;;;;;;;;;;;;;;;
786524;23.02.25 12:47:00;-111,247;490,337;6,950;80,858;16,880;1016,225;33,768;52,100;16,535;60,240;13,795;1,093;215,573;7,559;-50,000;3653;365,3;;0,0;60;13,98;20,87;;15;A27210;;;;;;;;;;;;;;;;;;;;;;;;;;;;;;;;;;;;;;;;;;;;;;;;;;;;;;;;;;;;;;;;;;;;;;;;;
786525;23.02.25 12:48:00;-111,900;491,059;5,898;81,401;16,972;1016,207;33,903;52,025;16,610;60,160;13,855;1,146;134,916;7,596;-50,000;3653;365,3;;0,0;60;14,00;21,03;;15;A27210;;;;;;;;;;;;;;;;;;;;;;;;;;;;;;;;;;;;;;;;;;;;;;;;;;;;;;;;;;;;;;;;;;;;;;;;;
786526;23.02.25 12:49:00;-111,699;491,325;5,306;81,314;17,025;1016,045;34,032;51,740;16,670;59,920;13,895;1,427;153,174;7,611;-50,000;3653;365,3;;0,0;60;13,98;21,15;;15;A27210;;;;;;;;;;;;;;;;;;;;;;;;;;;;;;;;;;;;;;;;;;;;;;;;;;;;;;;;;;;;;;;;;;;;;;;;;
786527;23.02.25 12:50:00;-111,676;491,243;6,398;81,047;17,065;1016,225;33,843;52,055;16,680;59,910;13,945;1,208;137,301;7,620;-50,000;3653;365,3;;0,0;60;14,00;20,79;;15;A27210;;;;;;;;;;;;;;;;;;;;;;;;;;;;;;;;;;;;;;;;;;;;;;;;;;;;;;;;;;;;;;;;;;;;;;;;;
786528;23.02.25 12:51:00;-111,659;491,322;7,095;81,072;17,125;1016,207;33,777;52,050;16,705;60,180;14,000;0,988;186,643;7,636;-50,000;3653;365,3;;0,0;60;13,99;20,79;;15;A27210;;;;;;;;;;;;;;;;;;;;;;;;;;;;;;;;;;;;;;;;;;;;;;;;;;;;;;;;;;;;;;;;;;;;;;;;;
786529;23.02.25 12:52:00;-112,121;492,281;8,473;82,029;17,250;1016,012;33,849;52,295;16,800;60,575;14,085;1,238;165,712;7,645;-50,000;3653;365,3;;0,0;60;14,00;20,83;;15;A27210;;;;;;;;;;;;;;;;;;;;;;;;;;;;;;;;;;;;;;;;;;;;;;;;;;;;;;;;;;;;;;;;;;;;;;;;;
786530;23.02.25 12:53:00;-112,499;493,260;5,473;81,695;17,283;1015,817;34,014;50,790;16,855;58,885;14,140;1,465;192,803;7,694;-50,000;3653;365,3;;0,0;60;14,00;20,95;;15;A27210;;;;;;;;;;;;;;;;;;;;;;;;;;;;;;;;;;;;;;;;;;;;;;;;;;;;;;;;;;;;;;;;;;;;;;;;;
786531;23.02.25 12:54:00;-113,218;492,178;4,976;80,650;17,250;1015,862;34,005;50,255;16,850;58,055;14,185;1,106;212,580;7,712;-50,000;3653;365,3;;0,0;60;14,00;20,91;;15;A27210;;;;;;;;;;;;;;;;;;;;;;;;;;;;;;;;;;;;;;;;;;;;;;;;;;;;;;;;;;;;;;;;;;;;;;;;;
786532;23.02.25 12:55:00;-113,193;492,013;5,887;80,671;17,325;1016,120;33,978;49,950;16,840;57,915;14,255;0,961;169,588;7,718;-50,000;3653;365,3;;0,0;60;14,02;21,07;;15;A27210;;;;;;;;;;;;;;;;;;;;;;;;;;;;;;;;;;;;;;;;;;;;;;;;;;;;;;;;;;;;;;;;;;;;;;;;;
786533;23.02.25 12:56:00;-113,843;491,706;5,124;80,955;17,415;1016,219;33,747;49,890;16,855;57,885;14,310;0,716;120,662;7,718;-50,000;3653;365,3;;0,0;60;14,01;20,95;;15;A27210;;;;;;;;;;;;;;;;;;;;;;;;;;;;;;;;;;;;;;;;;;;;;;;;;;;;;;;;;;;;;;;;;;;;;;;;;
786534;23.02.25 12:57:00;-113,214;493,105;4,196;81,477;17,483;1016,126;33,759;50,185;16,865;57,340;14,355;1,495;107,033;7,736;-50,000;3653;365,3;;0,0;60;14,02;21,11;;15;A27210;;;;;;;;;;;;;;;;;;;;;;;;;;;;;;;;;;;;;;;;;;;;;;;;;;;;;;;;;;;;;;;;;;;;;;;;;
786535;23.02.25 12:58:00;-112,993;493,275;4,488;80,612;17,477;1016,087;33,810;50,180;16,810;57,175;14,360;1,243;139,821;7,782;-50,000;3653;365,3;;0,0;60;14,01;21,11;;15;A27210;;;;;;;;;;;;;;;;;;;;;;;;;;;;;;;;;;;;;;;;;;;;;;;;;;;;;;;;;;;;;;;;;;;;;;;;;
786536;23.02.25 12:59:00;-112,475;493,329;6,670;80,657;17,507;1015,859;34,011;50,725;16,735;57,280;14,325;1,082;233,235;7,798;-50,000;3653;365,3;;0,0;60;14,01;21,07;;15;A27210;;;;;;;;;;;;;;;;;;;;;;;;;;;;;;;;;;;;;;;;;;;;;;;;;;;;;;;;;;;;;;;;;;;;;;;;;
786537;23.02.25 13:00:00;-112,547;494,556;6,363;81,245;17,570;1015,736;34,014;50,665;16,740;57,445;14,350;1,249;209,486;7,813;-50,000;3653;365,3;;0,0;60;14,02;21,19;;15;A27210;;;;;;;;;;;;;;;;;;;;;;;;;;;;;;;;;;;;;;;;;;;;;;;;;;;;;;;;;;;;;;;;;;;;;;;;;
786538;23.02.25 13:01:00;-112,920;495,696;6,582;81,841;17,635;1015,877;34,017;51,090;16,800;57,585;14,395;1,463;184,961;7,819;-50,000;3653;365,3;;0,0;60;14,02;20,99;;15;A27210;;;;;;;;;;;;;;;;;;;;;;;;;;;;;;;;;;;;;;;;;;;;;;;;;;;;;;;;;;;;;;;;;;;;;;;;;
786539;23.02.25 13:02:00;-113,241;495,958;2,961;81,435;17,605;1015,820;33,813;49,935;16,840;56,610;14,460;1,574;144,591;7,837;-50,000;3653;365,3;;0,0;60;14,04;21,27;;15;A27210;;;;;;;;;;;;;;;;;;;;;;;;;;;;;;;;;;;;;;;;;;;;;;;;;;;;;;;;;;;;;;;;;;;;;;;;;
786540;23.02.25 13:03:00;-113,241;495,266;6,345;80,973;17,665;1015,898;33,741;51,520;16,785;57,455;14,505;0,766;194,574;7,849;-50,000;3653;365,3;;0,0;60;14,01;21,31;;15;A27210;;;;;;;;;;;;;;;;;;;;;;;;;;;;;;;;;;;;;;;;;;;;;;;;;;;;;;;;;;;;;;;;;;;;;;;;;
786541;23.02.25 13:04:00;-112,808;496,593;4,231;81,567;17,657;1015,742;33,870;49,950;16,810;56,285;14,525;2,193;201,009;7,892;-50,000;3653;365,3;;0,0;60;14,03;21,59;;15;A27210;;;;;;;;;;;;;;;;;;;;;;;;;;;;;;;;;;;;;;;;;;;;;;;;;;;;;;;;;;;;;;;;;;;;;;;;;
786542;23.02.25 13:05:00;-113,473;496,000;4,232;80,235;17,587;1015,790;33,774;49,530;16,785;55,685;14,535;1,575;181,631;7,889;-50,000;3653;365,3;;0,0;60;14,01;21,59;;15;A27210;;;;;;;;;;;;;;;;;;;;;;;;;;;;;;;;;;;;;;;;;;;;;;;;;;;;;;;;;;;;;;;;;;;;;;;;;
786543;23.02.25 13:06:00;-112,992;496,079;3,959;80,235;17,537;1015,877;33,780;48,810;16,735;54,950;14,515;1,443;209,199;7,910;-50,000;3653;365,3;;0,0;60;13,99;21,55;;15;A27210;;;;;;;;;;;;;;;;;;;;;;;;;;;;;;;;;;;;;;;;;;;;;;;;;;;;;;;;;;;;;;;;;;;;;;;;;
786544;23.02.25 13:07:00;-112,923;495,755;6,223;80,167;17,528;1015,826;33,783;49,780;16,695;55,320;14,515;1,069;208,913;7,913;-50,000;3653;365,3;;0,0;60;14,01;21,47;;15;A27210;;;;;;;;;;;;;;;;;;;;;;;;;;;;;;;;;;;;;;;;;;;;;;;;;;;;;;;;;;;;;;;;;;;;;;;;;
786545;23.02.25 13:08:00;-112,411;495,230;6,343;80,714;17,577;1015,850;33,771;50,340;16,690;55,875;14,510;1,405;182,863;7,922;-50,000;3653;365,3;;0,0;60;14,03;21,51;;15;A27210;;;;;;;;;;;;;;;;;;;;;;;;;;;;;;;;;;;;;;;;;;;;;;;;;;;;;;;;;;;;;;;;;;;;;;;;;
786546;23.02.25 13:09:00;-112,224;495,226;5,997;81,042;17,610;1015,850;33,777;50,280;16,700;56,330;14,560;1,199;139,753;7,950;-50,000;3653;365,3;;0,0;60;14,01;21,19;;15;A27210;;;;;;;;;;;;;;;;;;;;;;;;;;;;;;;;;;;;;;;;;;;;;;;;;;;;;;;;;;;;;;;;;;;;;;;;;
786547;23.02.25 13:10:00;-112,448;495,300;2,682;80,848;17,610;1015,757;33,774;49,580;16,645;55,660;14,555;1,147;153,681;8,002;-50,000;3653;365,3;;0,0;60;14,02;21,35;;15;A27210;;;;;;;;;;;;;;;;;;;;;;;;;;;;;;;;;;;;;;;;;;;;;;;;;;;;;;;;;;;;;;;;;;;;;;;;;
786548;23.02.25 13:11:00;-111,690;496,805;2,651;81,377;17,587;1015,676;33,780;50,180;16,575;55,910;14,540;2,752;171,450;8,014;-50,000;3653;365,3;;0,0;60;13,99;21,39;;15;A27210;;;;;;;;;;;;;;;;;;;;;;;;;;;;;;;;;;;;;;;;;;;;;;;;;;;;;;;;;;;;;;;;;;;;;;;;;
786549;23.02.25 13:12:00;-111,594;496,881;1,382;80,127;17,438;1015,730;33,774;50,345;16,480;55,780;14,530;1,740;178,898;8,035;-50,000;3653;365,3;;0,0;60;14,00;21,51;;15;A27210;;;;;;;;;;;;;;;;;;;;;;;;;;;;;;;;;;;;;;;;;;;;;;;;;;;;;;;;;;;;;;;;;;;;;;;;;
786550;23.02.25 13:13:00;-110,792;496,860;4,987;79,795;17,330;1015,832;33,801;50,430;16,340;55,645;14,475;1,668;199,395;8,059;-50,000;3653;365,3;;0,0;60;13,98;21,39;;15;A27210;;;;;;;;;;;;;;;;;;;;;;;;;;;;;;;;;;;;;;;;;;;;;;;;;;;;;;;;;;;;;;;;;;;;;;;;;
786551;23.02.25 13:14:00;-111,472;497,861;5,045;80,353;17,310;1015,907;33,789;51,100;16,255;55,925;14,465;1,625;128,621;8,096;-50,000;3653;365,3;;0,0;60;13,99;21,35;;15;A27210;;;;;;;;;;;;;;;;;;;;;;;;;;;;;;;;;;;;;;;;;;;;;;;;;;;;;;;;;;;;;;;;;;;;;;;;;
786552;23.02.25 13:15:00;-111,560;496,786;6,186;80,341;17,340;1015,955;33,777;51,565;16,145;56,130;14,395;0,735;214,532;8,103;-50,000;3653;365,3;;0,0;60;14,03;21,07;;15;A27210;;;;;;;;;;;;;;;;;;;;;;;;;;;;;;;;;;;;;;;;;;;;;;;;;;;;;;;;;;;;;;;;;;;;;;;;;
786553;23.02.25 13:16:00;-111,799;498,490;7,205;81,755;17,475;1015,997;33,777;52,535;16,125;57,220;14,405;0,858;154,013;8,121;-50,000;3653;365,3;;0,0;60;13,99;21,63;;15;A27210;;;;;;;;;;;;;;;;;;;;;;;;;;;;;;;;;;;;;;;;;;;;;;;;;;;;;;;;;;;;;;;;;;;;;;;;;
786554;23.02.25 13:17:00;-111,580;498,462;6,650;82,265;17,552;1015,967;33,777;51,855;16,125;57,050;14,415;1,365;194,754;8,121;-50,000;3653;365,3;;0,0;60;13,98;21,59;;15;A27210;;;;;;;;;;;;;;;;;;;;;;;;;;;;;;;;;;;;;;;;;;;;;;;;;;;;;;;;;;;;;;;;;;;;;;;;;
786555;23.02.25 13:18:00;-111,375;499,067;3,265;81,538;17,510;1015,832;33,840;50,180;16,130;55,030;14,455;2,168;187,633;8,170;-50,000;3653;365,3;;0,0;60;14,00;21,63;;15;A27210;;;;;;;;;;;;;;;;;;;;;;;;;;;;;;;;;;;;;;;;;;;;;;;;;;;;;;;;;;;;;;;;;;;;;;;;;
786556;23.02.25 13:19:00;-110,951;498,196;3,297;80,357;17,405;1015,823;33,786;50,615;16,030;54,920;14,470;1,956;180,512;8,203;-50,000;3653;365,3;;0,0;60;13,99;21,55;;15;A27210;;;;;;;;;;;;;;;;;;;;;;;;;;;;;;;;;;;;;;;;;;;;;;;;;;;;;;;;;;;;;;;;;;;;;;;;;
786557;23.02.25 13:20:00;-111,045;498,352;5,119;80,098;17,370;1015,889;33,768;50,850;15,980;55,120;14,440;1,208;137,543;8,203;-50,000;3653;365,3;;0,0;60;14,00;21,31;;15;A27210;;;;;;;;;;;;;;;;;;;;;;;;;;;;;;;;;;;;;;;;;;;;;;;;;;;;;;;;;;;;;;;;;;;;;;;;;
786558;23.02.25 13:21:00;-110,543;498,670;4,955;80,638;17,375;1015,850;33,774;51,205;15,900;55,425;14,415;1,777;195,098;8,209;-50,000;3653;365,3;;0,0;60;14,01;21,27;;15;A27210;;;;;;;;;;;;;;;;;;;;;;;;;;;;;;;;;;;;;;;;;;;;;;;;;;;;;;;;;;;;;;;;;;;;;;;;;
786559;23.02.25 13:22:00;-110,756;498,337;6,405;80,633;17,340;1015,838;33,759;51,500;15,900;55,450;14,450;1,376;175,956;8,231;-50,000;3653;365,3;;0,0;60;14,00;21,35;;15;A27210;;;;;;;;;;;;;;;;;;;;;;;;;;;;;;;;;;;;;;;;;;;;;;;;;;;;;;;;;;;;;;;;;;;;;;;;;
786560;23.02.25 13:23:00;-110,695;498,128;6,244;80,736;17,345;1015,823;33,780;51,515;15,865;55,555;14,455;1,504;202,523;8,283;-50,000;3653;365,3;;0,0;60;14,00;21,47;;15;A27210;;;;;;;;;;;;;;;;;;;;;;;;;;;;;;;;;;;;;;;;;;;;;;;;;;;;;;;;;;;;;;;;;;;;;;;;;
786561;23.02.25 13:24:00;-111,066;497,825;7,974;80,785;17,390;1015,820;33,780;51,810;15,845;55,620;14,490;1,125;239,546;8,295;-50,000;3653;365,3;;0,0;60;14,01;21,47;;15;A27210;;;;;;;;;;;;;;;;;;;;;;;;;;;;;;;;;;;;;;;;;;;;;;;;;;;;;;;;;;;;;;;;;;;;;;;;;
786562;23.02.25 13:25:00;-111,003;498,925;7,332;81,411;17,423;1015,808;33,777;51,950;15,865;55,535;14,515;1,433;219,296;8,307;-50,000;3653;365,3;;0,0;60;14,02;21,27;;15;A27210;;;;;;;;;;;;;;;;;;;;;;;;;;;;;;;;;;;;;;;;;;;;;;;;;;;;;;;;;;;;;;;;;;;;;;;;;
786563;23.02.25 13:26:00;-111,834;498,458;8,129;81,543;17,535;1015,817;33,765;51,880;15,940;55,525;14,570;0,830;48,561;8,316;-50,000;3653;365,3;;0,0;60;14,02;21,43;;15;A27210;;;;;;;;;;;;;;;;;;;;;;;;;;;;;;;;;;;;;;;;;;;;;;;;;;;;;;;;;;;;;;;;;;;;;;;;;
786564;23.02.25 13:27:00;-111,600;498,750;6,930;81,493;17,605;1015,775;33,765;52,040;15,945;55,410;14,605;1,482;123,941;8,313;-50,000;3653;365,3;;0,0;60;14,03;21,31;;15;A27210;;;;;;;;;;;;;;;;;;;;;;;;;;;;;;;;;;;;;;;;;;;;;;;;;;;;;;;;;;;;;;;;;;;;;;;;;
786565;23.02.25 13:28:00;-111,647;499,209;7,041;81,252;17,645;1015,733;33,762;52,155;15,940;55,675;14,600;1,361;153,276;8,331;-50,000;3653;365,3;;0,0;60;14,02;21,51;;15;A27210;;;;;;;;;;;;;;;;;;;;;;;;;;;;;;;;;;;;;;;;;;;;;;;;;;;;;;;;;;;;;;;;;;;;;;;;;
786566;23.02.25 13:29:00;-111,201;499,851;6,323;81,315;17,680;1015,697;33,753;52,330;15,980;55,695;14,635;1,778;170,623;8,399;-50,000;3653;365,3;;0,0;60;14,01;21,63;;15;A27210;;;;;;;;;;;;;;;;;;;;;;;;;;;;;;;;;;;;;;;;;;;;;;;;;;;;;;;;;;;;;;;;;;;;;;;;;
786567;23.02.25 13:30:00;-111,929;500,199;6,757;80,662;17,673;1015,703;33,774;52,085;16,025;55,490;14,665;1,310;131,878;8,408;-50,000;3653;365,3;;0,0;60;14,01;21,43;;15;A27210;;;;;;;;;;;;;;;;;;;;;;;;;;;;;;;;;;;;;;;;;;;;;;;;;;;;;;;;;;;;;;;;;;;;;;;;;
786568;23.02.25 13:31:00;-112,331;500,054;7,169;80,695;17,767;1015,763;33,771;52,170;16,030;55,750;14,690;1,215;164,559;8,423;-50,000;3653;365,3;;0,0;60;14,00;21,47;;15;A27210;;;;;;;;;;;;;;;;;;;;;;;;;;;;;;;;;;;;;;;;;;;;;;;;;;;;;;;;;;;;;;;;;;;;;;;;;
786569;23.02.25 13:32:00;-112,706;499,528;6,014;80,640;17,820;1015,736;33,780;51,945;16,040;55,210;14,695;1,486;93,246;8,451;-50,000;3653;365,3;;0,0;60;13,99;21,55;;15;A27210;;;;;;;;;;;;;;;;;;;;;;;;;;;;;;;;;;;;;;;;;;;;;;;;;;;;;;;;;;;;;;;;;;;;;;;;;
786570;23.02.25 13:33:00;-112,353;499,052;7,411;80,572;17,892;1015,766;33,783;52,390;16,030;55,845;14,665;0,896;202,033;8,493;-50,000;3653;365,3;;0,0;60;13,99;21,55;;15;A27210;;;;;;;;;;;;;;;;;;;;;;;;;;;;;;;;;;;;;;;;;;;;;;;;;;;;;;;;;;;;;;;;;;;;;;;;;
786571;23.02.25 13:34:00;-112,844;499,703;5,752;80,955;17,923;1015,703;33,768;51,760;16,105;55,570;14,715;1,638;133,554;8,499;-50,000;3653;365,3;;0,0;60;14,00;21,15;;15;A27210;;;;;;;;;;;;;;;;;;;;;;;;;;;;;;;;;;;;;;;;;;;;;;;;;;;;;;;;;;;;;;;;;;;;;;;;;
786572;23.02.25 13:35:00;-112,615;500,162;2,275;80,644;17,885;1015,628;33,783;51,600;16,110;55,260;14,725;1,781;168,204;8,505;-50,000;3653;365,3;;0,0;60;14,00;21,39;;15;A27210;;;;;;;;;;;;;;;;;;;;;;;;;;;;;;;;;;;;;;;;;;;;;;;;;;;;;;;;;;;;;;;;;;;;;;;;;
786573;23.02.25 13:36:00;-112,079;499,431;3,703;79,578;17,780;1015,571;33,780;51,170;16,100;54,720;14,750;1,678;117,354;8,512;-50,000;3653;365,3;;0,0;60;14,00;21,39;;15;A27210;;;;;;;;;;;;;;;;;;;;;;;;;;;;;;;;;;;;;;;;;;;;;;;;;;;;;;;;;;;;;;;;;;;;;;;;;
786574;23.02.25 13:37:00;-112,121;498,827;6,219;79,758;17,805;1015,562;33,786;52,220;16,050;55,200;14,750;1,745;122,968;8,563;-50,000;3653;365,3;;0,0;60;14,01;21,31;;15;A27210;;;;;;;;;;;;;;;;;;;;;;;;;;;;;;;;;;;;;;;;;;;;;;;;;;;;;;;;;;;;;;;;;;;;;;;;;
786575;23.02.25 13:38:00;-111,471;500,073;2,729;80,248;17,742;1015,331;33,801;50,710;16,090;54,440;14,735;2,239;131,186;8,582;-50,000;3653;365,3;;0,0;60;14,00;21,47;;15;A27210;;;;;;;;;;;;;;;;;;;;;;;;;;;;;;;;;;;;;;;;;;;;;;;;;;;;;;;;;;;;;;;;;;;;;;;;;
786576;23.02.25 13:39:00;-110,978;500,202;1,548;79,686;17,630;1015,343;33,780;50,170;16,025;53,730;14,705;2,748;199,277;8,600;-50,000;3653;365,3;;0,0;60;14,00;21,67;;15;A27210;;;;;;;;;;;;;;;;;;;;;;;;;;;;;;;;;;;;;;;;;;;;;;;;;;;;;;;;;;;;;;;;;;;;;;;;;
786577;23.02.25 13:40:00;-110,607;499,807;5,068;79,317;17,560;1015,475;33,786;50,790;15,970;53,985;14,705;1,498;147,381;8,612;-50,000;3653;365,3;;0,0;60;14,01;21,59;;15;A27210;;;;;;;;;;;;;;;;;;;;;;;;;;;;;;;;;;;;;;;;;;;;;;;;;;;;;;;;;;;;;;;;;;;;;;;;;
786578;23.02.25 13:41:00;-110,333;500,034;8,240;80,276;17,580;1015,586;33,795;51,120;15,975;54,230;14,705;1,541;149,068;8,637;-50,000;3653;365,3;;0,0;60;14,02;21,43;;15;A27210;;;;;;;;;;;;;;;;;;;;;;;;;;;;;;;;;;;;;;;;;;;;;;;;;;;;;;;;;;;;;;;;;;;;;;;;;
786579;23.02.25 13:42:00;-110,571;500,335;7,897;80,914;17,593;1015,553;33,807;50,300;16,005;53,495;14,710;1,676;222,525;8,652;-50,000;3653;365,3;;0,0;60;14,02;21,19;;15;A27210;;;;;;;;;;;;;;;;;;;;;;;;;;;;;;;;;;;;;;;;;;;;;;;;;;;;;;;;;;;;;;;;;;;;;;;;;
786580;23.02.25 13:43:00;-110,715;499,515;8,921;80,556;17,622;1015,574;33,792;49,995;16,075;53,195;14,800;1,274;154,074;8,688;-50,000;3653;365,3;;0,0;60;14,02;21,43;;15;A27210;;;;;;;;;;;;;;;;;;;;;;;;;;;;;;;;;;;;;;;;;;;;;;;;;;;;;;;;;;;;;;;;;;;;;;;;;
786581;23.02.25 13:44:00;-110,952;500,350;7,016;81,621;17,692;1015,577;33,801;49,655;16,135;52,895;14,840;1,972;132,384;8,697;-50,000;3653;365,3;;0,0;60;14,03;21,31;;15;A27210;;;;;;;;;;;;;;;;;;;;;;;;;;;;;;;;;;;;;;;;;;;;;;;;;;;;;;;;;;;;;;;;;;;;;;;;;
786582;23.02.25 13:45:00;-110,828;499,855;5,238;80,716;17,645;1015,511;33,792;49,200;16,150;52,165;14,860;1,894;143,123;8,707;-50,000;3653;365,3;;0,0;60;14,02;21,39;;15;A27210;;;;;;;;;;;;;;;;;;;;;;;;;;;;;;;;;;;;;;;;;;;;;;;;;;;;;;;;;;;;;;;;;;;;;;;;;
786583;23.02.25 13:46:00;-110,638;498,452;7,421;80,205;17,650;1015,523;33,795;49,360;16,130;52,235;14,850;1,304;140,400;8,768;-50,000;3653;365,3;;0,0;60;14,00;21,67;;15;A27210;;;;;;;;;;;;;;;;;;;;;;;;;;;;;;;;;;;;;;;;;;;;;;;;;;;;;;;;;;;;;;;;;;;;;;;;;
786584;23.02.25 13:47:00;-110,550;497,461;6,763;80,520;17,640;1015,460;33,780;49,255;16,135;52,145;14,895;1,871;127,446;8,777;-50,000;3653;365,3;;0,0;60;14,02;21,47;;15;A27210;;;;;;;;;;;;;;;;;;;;;;;;;;;;;;;;;;;;;;;;;;;;;;;;;;;;;;;;;;;;;;;;;;;;;;;;;
786585;23.02.25 13:48:00;-111,643;496,065;7,308;79,892;17,690;1015,502;33,795;49,220;16,125;51,900;14,880;1,084;114,964;8,792;-50,000;3653;365,3;;0,0;60;14,01;21,43;;15;A27210;;;;;;;;;;;;;;;;;;;;;;;;;;;;;;;;;;;;;;;;;;;;;;;;;;;;;;;;;;;;;;;;;;;;;;;;;
786586;23.02.25 13:49:00;-111,283;495,658;7,501;80,466;17,778;1015,499;33,798;49,040;16,130;52,235;14,905;1,159;154,328;8,804;-50,000;3653;365,3;;0,0;60;14,00;21,31;;15;A27210;;;;;;;;;;;;;;;;;;;;;;;;;;;;;;;;;;;;;;;;;;;;;;;;;;;;;;;;;;;;;;;;;;;;;;;;;
786587;23.02.25 13:50:00;-110,966;496,520;6,948;80,720;17,822;1015,403;33,780;49,165;16,170;52,130;14,950;1,336;158,316;8,847;-50,000;3653;365,3;;0,0;60;14,01;21,27;;15;A27210;;;;;;;;;;;;;;;;;;;;;;;;;;;;;;;;;;;;;;;;;;;;;;;;;;;;;;;;;;;;;;;;;;;;;;;;;
786588;23.02.25 13:51:00;-111,011;496,062;7,384;80,501;17,853;1015,355;33,774;49,430;16,220;52,025;15,020;1,645;183,364;8,881;-50,000;3653;365,3;;0,0;60;14,01;21,35;;15;A27210;;;;;;;;;;;;;;;;;;;;;;;;;;;;;;;;;;;;;;;;;;;;;;;;;;;;;;;;;;;;;;;;;;;;;;;;;
786589;23.02.25 13:52:00;-111,749;494,914;4,708;80,162;17,857;1015,448;33,780;48,105;16,285;51,315;15,095;1,665;184,697;8,890;-50,000;3653;365,3;;0,0;60;14,01;21,51;;15;A27210;;;;;;;;;;;;;;;;;;;;;;;;;;;;;;;;;;;;;;;;;;;;;;;;;;;;;;;;;;;;;;;;;;;;;;;;;
786590;23.02.25 13:53:00;-111,326;494,226;4,092;79,839;17,862;1015,421;33,789;48,340;16,310;51,215;15,175;1,512;166,219;8,893;-50,000;3653;365,3;;0,0;60;14,01;21,71;;15;A27210;;;;;;;;;;;;;;;;;;;;;;;;;;;;;;;;;;;;;;;;;;;;;;;;;;;;;;;;;;;;;;;;;;;;;;;;;
786591;23.02.25 13:54:00;-110,842;494,371;6,680;79,947;17,882;1015,457;33,789;48,020;16,315;50,660;15,230;1,838;231,199;8,920;-50,000;3653;365,3;;0,0;60;14,01;21,59;;15;A27210;;;;;;;;;;;;;;;;;;;;;;;;;;;;;;;;;;;;;;;;;;;;;;;;;;;;;;;;;;;;;;;;;;;;;;;;;
786592;23.02.25 13:55:00;-110,900;494,246;5,887;79,279;17,852;1015,478;33,804;47,715;16,355;50,080;15,300;1,259;164,818;8,963;-50,000;3653;365,3;;0,0;60;14,01;21,79;;15;A27210;;;;;;;;;;;;;;;;;;;;;;;;;;;;;;;;;;;;;;;;;;;;;;;;;;;;;;;;;;;;;;;;;;;;;;;;;
786593;23.02.25 13:56:00;-111,014;494,696;7,499;79,973;17,932;1015,559;33,786;48,750;16,420;50,705;15,345;1,325;151,639;8,984;-50,000;3653;365,3;;0,0;60;14,02;21,63;;15;A27210;;;;;;;;;;;;;;;;;;;;;;;;;;;;;;;;;;;;;;;;;;;;;;;;;;;;;;;;;;;;;;;;;;;;;;;;;
786594;23.02.25 13:57:00;-111,882;493,579;7,127;79,844;18,017;1015,532;33,780;47,645;16,515;50,220;15,390;0,891;199,890;8,987;-50,000;3653;365,3;;0,0;60;14,02;21,35;;15;A27210;;;;;;;;;;;;;;;;;;;;;;;;;;;;;;;;;;;;;;;;;;;;;;;;;;;;;;;;;;;;;;;;;;;;;;;;;
786595;23.02.25 13:58:00;-112,053;492,670;8,626;80,253;18,188;1015,544;33,780;49,070;16,615;51,205;15,495;0,844;156,341;8,993;-50,000;3653;365,3;;0,0;60;14,02;21,87;;15;A27210;;;;;;;;;;;;;;;;;;;;;;;;;;;;;;;;;;;;;;;;;;;;;;;;;;;;;;;;;;;;;;;;;;;;;;;;;
786596;23.02.25 13:59:00;-112,400;492,605;5,552;80,348;18,295;1015,451;33,777;47,205;16,735;49,755;15,585;1,073;149,248;9,042;-50,000;3653;365,3;;0,0;60;14,01;21,79;;15;A27210;;;;;;;;;;;;;;;;;;;;;;;;;;;;;;;;;;;;;;;;;;;;;;;;;;;;;;;;;;;;;;;;;;;;;;;;;
786597;23.02.25 14:00:00;-113,024;492,653;4,673;80,403;18,400;1015,448;33,759;45,875;16,860;48,475;15,680;1,855;185,771;9,070;-50,000;3653;365,3;;0,0;60;14,01;21,71;;15;A27210;;;;;;;;;;;;;;;;;;;;;;;;;;;;;;;;;;;;;;;;;;;;;;;;;;;;;;;;;;;;;;;;;;;;;;;;;
786598;23.02.25 14:01:00;-112,696;491,887;4,904;79,075;18,335;1015,445;34,035;45,075;16,910;47,615;15,765;1,588;191,481;9,082;-50,000;3653;365,3;;0,0;60;14,01;21,94;;15;A27210;;;;;;;;;;;;;;;;;;;;;;;;;;;;;;;;;;;;;;;;;;;;;;;;;;;;;;;;;;;;;;;;;;;;;;;;;
786599;23.02.25 14:02:00;-113,217;491,666;5,570;78,807;18,352;1015,493;33,840;44,510;16,980;47,260;15,795;1,216;211,922;9,094;-50,000;3653;365,3;;0,0;60;14,02;21,98;;15;A27210;;;;;;;;;;;;;;;;;;;;;;;;;;;;;;;;;;;;;;;;;;;;;;;;;;;;;;;;;;;;;;;;;;;;;;;;;
786600;23.02.25 14:03:00;-113,723;490,449;6,507;78,905;18,440;1015,544;33,777;44,885;17,065;47,205;15,870;1,008;138,459;9,131;-50,000;3653;365,3;;0,0;60;14,02;22,02;;15;A27210;;;;;;;;;;;;;;;;;;;;;;;;;;;;;;;;;;;;;;;;;;;;;;;;;;;;;;;;;;;;;;;;;;;;;;;;;
786601;23.02.25 14:04:00;-113,172;490,113;6,614;78,450;18,475;1015,355;33,762;44,225;17,090;46,505;15,875;1,671;316,727;9,162;-50,000;3653;365,3;;0,0;60;14,00;22,26;;15;A27210;;;;;;;;;;;;;;;;;;;;;;;;;;;;;;;;;;;;;;;;;;;;;;;;;;;;;;;;;;;;;;;;;;;;;;;;;
786602;23.02.25 14:05:00;-113,147;489,185;6,479;77,120;18,427;1015,295;33,765;44,100;17,135;46,420;15,880;1,238;302,091;9,183;-50,000;3653;365,3;;0,0;60;14,00;22,18;;15;A27210;;;;;;;;;;;;;;;;;;;;;;;;;;;;;;;;;;;;;;;;;;;;;;;;;;;;;;;;;;;;;;;;;;;;;;;;;
786603;23.02.25 14:06:00;-112,884;488,719;8,027;77,476;18,485;1015,346;33,777;45,595;17,160;47,520;15,915;1,323;238,016;9,189;-50,000;3653;365,3;;0,0;60;14,00;22,34;;15;A27210;;;;;;;;;;;;;;;;;;;;;;;;;;;;;;;;;;;;;;;;;;;;;;;;;;;;;;;;;;;;;;;;;;;;;;;;;
786604;23.02.25 14:07:00;-113,320;489,328;5,251;77,973;18,503;1015,352;33,768;44,540;17,265;47,155;15,950;1,588;142,875;9,213;-50,000;3653;365,3;;0,0;60;14,02;22,38;;15;A27210;;;;;;;;;;;;;;;;;;;;;;;;;;;;;;;;;;;;;;;;;;;;;;;;;;;;;;;;;;;;;;;;;;;;;;;;;
786605;23.02.25 14:08:00;-113,374;489,049;3,979;77,912;18,493;1015,370;33,762;43,945;17,320;46,615;16,000;2,204;160,043;9,253;-50,000;3653;365,3;;0,0;60;14,03;22,42;;15;A27210;;;;;;;;;;;;;;;;;;;;;;;;;;;;;;;;;;;;;;;;;;;;;;;;;;;;;;;;;;;;;;;;;;;;;;;;;
786606;23.02.25 14:09:00;-113,032;487,569;3,503;77,034;18,413;1015,331;33,756;43,355;17,325;46,105;15,990;2,024;199,778;9,271;-50,000;3653;365,3;;0,0;60;14,02;22,54;;15;A27210;;;;;;;;;;;;;;;;;;;;;;;;;;;;;;;;;;;;;;;;;;;;;;;;;;;;;;;;;;;;;;;;;;;;;;;;;
786607;23.02.25 14:10:00;-113,042;486,217;4,777;76,534;18,373;1015,286;33,744;43,340;17,330;46,020;15,980;1,302;224,792;9,280;-50,000;3653;365,3;;0,0;60;14,03;22,42;;15;A27210;;;;;;;;;;;;;;;;;;;;;;;;;;;;;;;;;;;;;;;;;;;;;;;;;;;;;;;;;;;;;;;;;;;;;;;;;
786608;23.02.25 14:11:00;-113,494;485,422;6,548;77,173;18,452;1015,292;33,762;44,870;17,310;46,955;15,985;1,075;256,314;9,283;-50,000;3653;365,3;;0,0;60;14,01;22,30;;15;A27210;;;;;;;;;;;;;;;;;;;;;;;;;;;;;;;;;;;;;;;;;;;;;;;;;;;;;;;;;;;;;;;;;;;;;;;;;
786609;23.02.25 14:12:00;-113,720;485,058;5,396;77,488;18,535;1015,223;33,768;43,595;17,430;46,570;16,045;1,233;176,957;9,344;-50,000;3653;365,3;;0,0;60;14,02;22,42;;15;A27210;;;;;;;;;;;;;;;;;;;;;;;;;;;;;;;;;;;;;;;;;;;;;;;;;;;;;;;;;;;;;;;;;;;;;;;;;
786610;23.02.25 14:13:00;-113,732;483,620;6,173;76,856;18,570;1015,259;33,798;43,335;17,485;45,810;16,105;1,257;180,793;9,366;-50,000;3653;365,3;;0,0;60;14,03;22,42;;15;A27210;;;;;;;;;;;;;;;;;;;;;;;;;;;;;;;;;;;;;;;;;;;;;;;;;;;;;;;;;;;;;;;;;;;;;;;;;
786611;23.02.25 14:14:00;-113,560;482,876;6,918;76,976;18,625;1015,196;33,783;43,830;17,545;46,095;16,140;1,403;264,578;9,387;-50,000;3653;365,3;;0,0;60;14,02;22,26;;15;A27210;;;;;;;;;;;;;;;;;;;;;;;;;;;;;;;;;;;;;;;;;;;;;;;;;;;;;;;;;;;;;;;;;;;;;;;;;
786612;23.02.25 14:15:00;-113,342;483,675;3,993;77,164;18,628;1015,097;33,792;42,500;17,630;45,210;16,215;2,065;178,802;9,387;-50,000;3653;365,3;;0,0;60;14,04;22,42;;15;A27210;;;;;;;;;;;;;;;;;;;;;;;;;;;;;;;;;;;;;;;;;;;;;;;;;;;;;;;;;;;;;;;;;;;;;;;;;
786613;23.02.25 14:16:00;-113,258;483,467;3,830;76,524;18,610;1015,163;33,789;42,295;17,645;44,915;16,255;1,654;175,163;9,397;-50,000;3653;365,3;;0,0;60;14,04;22,30;;15;A27210;;;;;;;;;;;;;;;;;;;;;;;;;;;;;;;;;;;;;;;;;;;;;;;;;;;;;;;;;;;;;;;;;;;;;;;;;
786614;23.02.25 14:17:00;-113,559;482,169;5,387;76,433;18,620;1015,139;33,810;42,210;17,685;44,520;16,310;1,409;160,172;9,424;-50,000;3653;365,3;;0,0;60;14,06;22,22;;15;A27210;;;;;;;;;;;;;;;;;;;;;;;;;;;;;;;;;;;;;;;;;;;;;;;;;;;;;;;;;;;;;;;;;;;;;;;;;
786615;23.02.25 14:18:00;-113,206;481,963;4,249;76,746;18,625;1015,133;33,798;41,200;17,720;43,755;16,350;1,975;200,514;9,470;-50,000;3653;365,3;;0,0;60;14,03;22,26;;15;A27210;;;;;;;;;;;;;;;;;;;;;;;;;;;;;;;;;;;;;;;;;;;;;;;;;;;;;;;;;;;;;;;;;;;;;;;;;
786616;23.02.25 14:19:00;-112,672;481,645;1,599;76,246;18,528;1015,037;33,768;40,530;17,760;43,020;16,370;2,284;202,089;9,476;-50,000;3653;365,3;;0,0;60;14,03;22,46;;15;A27210;;;;;;;;;;;;;;;;;;;;;;;;;;;;;;;;;;;;;;;;;;;;;;;;;;;;;;;;;;;;;;;;;;;;;;;;;
786617;23.02.25 14:20:00;-112,611;480,993;3,929;75,819;18,470;1015,157;33,759;41,005;17,780;43,455;16,375;1,798;219,201;9,494;-50,000;3653;365,3;;0,0;60;14,04;22,38;;15;A27210;;;;;;;;;;;;;;;;;;;;;;;;;;;;;;;;;;;;;;;;;;;;;;;;;;;;;;;;;;;;;;;;;;;;;;;;;
786618;23.02.25 14:21:00;-113,473;480,330;6,677;76,643;18,563;1015,271;33,780;41,835;17,825;44,555;16,390;1,005;189,461;9,537;-50,000;3653;365,3;;0,0;60;14,05;22,22;;15;A27210;;;;;;;;;;;;;;;;;;;;;;;;;;;;;;;;;;;;;;;;;;;;;;;;;;;;;;;;;;;;;;;;;;;;;;;;;
786619;23.02.25 14:22:00;-114,001;479,393;4,736;77,064;18,655;1015,226;33,834;40,910;17,865;43,745;16,445;1,502;176,304;9,540;-50,000;3653;365,3;;0,0;60;14,03;22,50;;15;A27210;;;;;;;;;;;;;;;;;;;;;;;;;;;;;;;;;;;;;;;;;;;;;;;;;;;;;;;;;;;;;;;;;;;;;;;;;
786620;23.02.25 14:23:00;-113,691;478,476;3,669;76,627;18,688;1015,172;33,834;40,275;17,880;42,840;16,505;1,591;175,821;9,573;-50,000;3653;365,3;;0,0;60;14,04;22,26;;15;A27210;;;;;;;;;;;;;;;;;;;;;;;;;;;;;;;;;;;;;;;;;;;;;;;;;;;;;;;;;;;;;;;;;;;;;;;;;
786621;23.02.25 14:24:00;-113,910;476,787;6,140;76,288;18,747;1015,271;33,816;40,860;17,925;43,155;16,590;1,133;138,617;9,579;-50,000;3653;365,3;;0,0;60;14,03;22,70;;15;A27210;;;;;;;;;;;;;;;;;;;;;;;;;;;;;;;;;;;;;;;;;;;;;;;;;;;;;;;;;;;;;;;;;;;;;;;;;
786622;23.02.25 14:25:00;-113,965;477,569;5,020;77,162;18,820;1015,175;33,819;41,150;18,015;43,335;16,675;2,257;204,137;9,601;-50,000;3653;365,3;;0,0;60;14,02;22,66;;15;A27210;;;;;;;;;;;;;;;;;;;;;;;;;;;;;;;;;;;;;;;;;;;;;;;;;;;;;;;;;;;;;;;;;;;;;;;;;
786623;23.02.25 14:26:00;-114,084;475,756;3,340;75,571;18,745;1015,064;33,801;39,840;18,090;42,100;16,700;1,696;214,948;9,635;-50,000;3653;365,3;;0,0;60;14,01;22,66;;15;A27210;;;;;;;;;;;;;;;;;;;;;;;;;;;;;;;;;;;;;;;;;;;;;;;;;;;;;;;;;;;;;;;;;;;;;;;;;
786624;23.02.25 14:27:00;-114,022;473,574;5,333;75,325;18,790;1015,154;33,768;40,615;18,155;42,590;16,735;1,308;215,184;9,668;-50,000;3653;365,3;;0,0;60;14,02;22,82;;15;A27210;;;;;;;;;;;;;;;;;;;;;;;;;;;;;;;;;;;;;;;;;;;;;;;;;;;;;;;;;;;;;;;;;;;;;;;;;
786625;23.02.25 14:28:00;-114,148;472,086;5,820;75,300;18,842;1015,199;33,771;40,230;18,245;42,405;16,790;1,440;201,263;9,696;-50,000;3653;365,3;;0,0;60;14,01;22,86;;15;A27210;;;;;;;;;;;;;;;;;;;;;;;;;;;;;;;;;;;;;;;;;;;;;;;;;;;;;;;;;;;;;;;;;;;;;;;;;
786626;23.02.25 14:29:00;NaN;472,773;5,855;76,144;18,923;1015,325;33,738;40,980;18,350;43,235;16,845;1,443;178,138;9,726;-50,000;3653;365,3;;0,0;58;14,00;22,74;;15;A27210;;;;;;;;;;;;;;;;;;;;;;;;;;;;;;;;;;;;;;;;;;;;;;;;;;;;;;;;;;;;;;;;;;;;;;;;;
786627;23.02.25 14:30:00;NaN;471,359;5,224;75,572;18,993;1015,226;33,774;39,660;18,430;42,430;16,910;1,042;177,705;9,799;-50,000;3653;365,3;;0,0;59;14,01;22,90;;15;A27210;;;;;;;;;;;;;;;;;;;;;;;;;;;;;;;;;;;;;;;;;;;;;;;;;;;;;;;;;;;;;;;;;;;;;;;;;
786628;23.02.25 14:31:00;-114,948;471,200;3,760;75,430;19,037;1015,061;33,786;39,155;18,460;41,730;16,990;1,370;211,196;9,848;-50,000;3653;365,3;;0,0;60;14,02;23,13;;15;A27210;;;;;;;;;;;;;;;;;;;;;;;;;;;;;;;;;;;;;;;;;;;;;;;;;;;;;;;;;;;;;;;;;;;;;;;;;
786629;23.02.25 14:32:00;-115,158;469,611;4,322;74,000;19,060;1015,034;33,798;39,220;18,400;41,530;17,020;1,118;333,568;9,869;-50,000;3653;365,3;;0,0;60;14,00;22,90;;15;A27210;;;;;;;;;;;;;;;;;;;;;;;;;;;;;;;;;;;;;;;;;;;;;;;;;;;;;;;;;;;;;;;;;;;;;;;;;
786630;23.02.25 14:33:00;NaN;469,435;4,674;74,265;19,140;1015,052;33,789;40,080;18,385;42,235;17,100;1,083;152,646;9,888;-50,000;3653;365,3;;0,0;60;14,03;22,86;;15;A27210;;;;;;;;;;;;;;;;;;;;;;;;;;;;;;;;;;;;;;;;;;;;;;;;;;;;;;;;;;;;;;;;;;;;;;;;;
786631;23.02.25 14:34:00;NaN;468,499;3,646;74,539;19,175;1015,088;33,774;39,240;18,400;41,550;17,160;1,336;191,447;9,933;-50,000;3653;365,3;;0,0;56;14,01;23,21;;15;A27210;;;;;;;;;;;;;;;;;;;;;;;;;;;;;;;;;;;;;;;;;;;;;;;;;;;;;;;;;;;;;;;;;;;;;;;;;
786632;23.02.25 14:35:00;-115,141;467,629;2,495;74,321;19,188;1015,088;33,786;39,275;18,440;41,380;17,205;1,907;177,649;9,958;-50,000;3653;365,3;;0,0;60;14,02;23,06;;15;A27210;;;;;;;;;;;;;;;;;;;;;;;;;;;;;;;;;;;;;;;;;;;;;;;;;;;;;;;;;;;;;;;;;;;;;;;;;
786633;23.02.25 14:36:00;-114,554;468,327;-0,469;74,018;19,100;1014,998;33,786;39,195;18,430;41,205;17,220;2,284;183,864;9,961;-50,000;3653;365,3;;0,0;60;14,00;23,17;;15;A27210;;;;;;;;;;;;;;;;;;;;;;;;;;;;;;;;;;;;;;;;;;;;;;;;;;;;;;;;;;;;;;;;;;;;;;;;;
786634;23.02.25 14:37:00;-114,753;466,976;2,524;73,341;19,060;1015,058;33,780;39,885;18,385;41,715;17,175;1,671;195,705;9,986;-50,000;3653;365,3;;0,0;60;14,03;23,41;;15;A27210;;;;;;;;;;;;;;;;;;;;;;;;;;;;;;;;;;;;;;;;;;;;;;;;;;;;;;;;;;;;;;;;;;;;;;;;;
786635;23.02.25 14:38:00;-114,940;465,856;1,649;73,906;19,073;1015,058;33,783;40,110;18,390;41,825;17,195;2,058;186,216;10,029;-50,000;3653;365,3;;0,0;60;14,03;23,21;;15;A27210;;;;;;;;;;;;;;;;;;;;;;;;;;;;;;;;;;;;;;;;;;;;;;;;;;;;;;;;;;;;;;;;;;;;;;;;;
786636;23.02.25 14:39:00;-114,681;463,284;1,129;73,089;19,042;1015,022;33,756;39,115;18,390;40,990;17,215;1,509;174,476;10,053;-50,000;3653;365,3;;0,0;60;14,04;23,29;;15;A27210;;;;;;;;;;;;;;;;;;;;;;;;;;;;;;;;;;;;;;;;;;;;;;;;;;;;;;;;;;;;;;;;;;;;;;;;;
786637;23.02.25 14:40:00;-114,699;462,090;2,037;73,172;19,047;1014,968;33,768;39,460;18,350;41,045;17,230;1,528;105,081;10,059;-50,000;3653;365,3;;0,0;60;14,03;23,10;;15;A27210;;;;;;;;;;;;;;;;;;;;;;;;;;;;;;;;;;;;;;;;;;;;;;;;;;;;;;;;;;;;;;;;;;;;;;;;;
786638;23.02.25 14:41:00;-113,546;460,978;0,272;73,017;19,000;1014,896;33,747;39,345;18,310;40,910;17,210;2,413;206,224;10,083;-50,000;3653;365,3;;0,0;60;14,05;23,17;;15;A27210;;;;;;;;;;;;;;;;;;;;;;;;;;;;;;;;;;;;;;;;;;;;;;;;;;;;;;;;;;;;;;;;;;;;;;;;;
786639;23.02.25 14:42:00;-112,818;459,661;-0,440;72,144;18,855;1014,869;33,738;39,430;18,300;41,095;17,165;2,101;194,721;10,117;-50,000;3653;365,3;;0,0;60;14,04;23,37;;15;A27210;;;;;;;;;;;;;;;;;;;;;;;;;;;;;;;;;;;;;;;;;;;;;;;;;;;;;;;;;;;;;;;;;;;;;;;;;
786640;23.02.25 14:43:00;-113,039;458,413;2,521;72,233;18,855;1014,977;33,729;40,010;18,300;41,740;17,100;1,978;196,622;10,150;-50,000;3653;365,3;;0,0;60;14,04;23,61;;15;A27210;;;;;;;;;;;;;;;;;;;;;;;;;;;;;;;;;;;;;;;;;;;;;;;;;;;;;;;;;;;;;;;;;;;;;;;;;
786641;23.02.25 14:44:00;-112,982;458,449;2,556;72,272;18,815;1014,950;33,729;40,010;18,320;41,845;17,050;1,645;173,801;10,156;-50,000;3653;365,3;;0,0;60;14,04;23,37;;15;A27210;;;;;;;;;;;;;;;;;;;;;;;;;;;;;;;;;;;;;;;;;;;;;;;;;;;;;;;;;;;;;;;;;;;;;;;;;
786642;23.02.25 14:45:00;-113,344;457,132;2,244;72,632;18,867;1015,004;33,708;40,125;18,345;42,220;17,040;1,356;151,622;10,169;-50,000;3653;365,3;;0,0;60;14,03;23,49;;15;A27210;;;;;;;;;;;;;;;;;;;;;;;;;;;;;;;;;;;;;;;;;;;;;;;;;;;;;;;;;;;;;;;;;;;;;;;;;
786643;23.02.25 14:46:00;-113,561;455,700;4,043;72,581;18,892;1014,971;33,723;40,650;18,370;42,385;17,055;1,523;203,541;10,196;-50,000;3653;365,3;;0,0;60;14,04;23,33;;15;A27210;;;;;;;;;;;;;;;;;;;;;;;;;;;;;;;;;;;;;;;;;;;;;;;;;;;;;;;;;;;;;;;;;;;;;;;;;
786644;23.02.25 14:47:00;-112,917;455,691;1,015;72,773;18,885;1014,929;33,711;39,620;18,410;41,805;17,090;2,388;188,786;10,242;-50,000;3653;365,3;;0,0;60;14,03;23,49;;15;A27210;;;;;;;;;;;;;;;;;;;;;;;;;;;;;;;;;;;;;;;;;;;;;;;;;;;;;;;;;;;;;;;;;;;;;;;;;
786645;23.02.25 14:48:00;-113,344;454,100;2,232;71,906;18,850;1015,028;33,723;40,125;18,435;42,165;17,090;1,478;165,555;10,248;-50,000;3653;365,3;;0,0;60;14,04;23,25;;15;A27210;;;;;;;;;;;;;;;;;;;;;;;;;;;;;;;;;;;;;;;;;;;;;;;;;;;;;;;;;;;;;;;;;;;;;;;;;
786646;23.02.25 14:49:00;-113,364;453,570;1,182;72,182;18,877;1015,031;33,741;39,530;18,450;41,565;17,105;1,654;181,687;10,269;-50,000;3653;365,3;;0,0;60;14,03;23,25;;15;A27210;;;;;;;;;;;;;;;;;;;;;;;;;;;;;;;;;;;;;;;;;;;;;;;;;;;;;;;;;;;;;;;;;;;;;;;;;
786647;23.02.25 14:50:00;-112,591;452,915;-1,537;71,389;18,765;1014,884;33,759;39,110;18,445;41,255;17,105;2,278;156,308;10,312;-50,000;3653;365,3;;0,0;60;14,07;23,33;;15;A27210;;;;;;;;;;;;;;;;;;;;;;;;;;;;;;;;;;;;;;;;;;;;;;;;;;;;;;;;;;;;;;;;;;;;;;;;;
786648;23.02.25 14:51:00;-112,642;451,496;-0,907;71,114;18,710;1014,917;33,750;39,385;18,375;41,600;17,060;1,839;209,357;10,324;-50,000;3653;365,3;;0,0;60;14,02;23,29;;15;A27210;;;;;;;;;;;;;;;;;;;;;;;;;;;;;;;;;;;;;;;;;;;;;;;;;;;;;;;;;;;;;;;;;;;;;;;;;
786649;23.02.25 14:52:00;-112,227;450,897;0,617;71,249;18,700;1014,998;33,759;39,670;18,300;41,600;17,030;1,942;157,933;10,355;-50,000;3653;365,3;;0,0;60;14,05;23,45;;15;A27210;;;;;;;;;;;;;;;;;;;;;;;;;;;;;;;;;;;;;;;;;;;;;;;;;;;;;;;;;;;;;;;;;;;;;;;;;
786650;23.02.25 14:53:00;-112,564;449,528;0,806;71,409;18,730;1015,046;33,756;39,670;18,245;41,760;17,020;1,451;160,971;10,373;-50,000;3653;365,3;;0,0;60;14,02;23,57;;15;A27210;;;;;;;;;;;;;;;;;;;;;;;;;;;;;;;;;;;;;;;;;;;;;;;;;;;;;;;;;;;;;;;;;;;;;;;;;
786651;23.02.25 14:54:00;-112,430;448,456;3,383;71,455;18,757;1015,046;33,756;39,895;18,195;41,575;17,045;1,164;150,131;10,413;-50,000;3653;365,3;;0,0;60;14,04;23,61;;15;A27210;;;;;;;;;;;;;;;;;;;;;;;;;;;;;;;;;;;;;;;;;;;;;;;;;;;;;;;;;;;;;;;;;;;;;;;;;
786652;23.02.25 14:55:00;-112,425;447,201;3,200;71,599;18,807;1015,031;33,780;39,760;18,180;41,455;17,065;1,563;213,694;10,434;-50,000;3653;365,3;;0,0;60;14,03;23,53;;15;A27210;;;;;;;;;;;;;;;;;;;;;;;;;;;;;;;;;;;;;;;;;;;;;;;;;;;;;;;;;;;;;;;;;;;;;;;;;
786653;23.02.25 14:56:00;-112,461;444,888;3,168;71,254;18,858;1015,007;33,786;40,295;18,225;41,800;17,140;1,321;160,914;10,443;-50,000;3653;365,3;;0,0;60;14,05;23,89;;15;A27210;;;;;;;;;;;;;;;;;;;;;;;;;;;;;;;;;;;;;;;;;;;;;;;;;;;;;;;;;;;;;;;;;;;;;;;;;
786654;23.02.25 14:57:00;-113,314;443,298;2,228;71,458;18,917;1014,992;33,762;40,105;18,290;41,830;17,215;1,378;144,833;10,462;-50,000;3653;365,3;;0,0;60;14,03;23,89;;15;A27210;;;;;;;;;;;;;;;;;;;;;;;;;;;;;;;;;;;;;;;;;;;;;;;;;;;;;;;;;;;;;;;;;;;;;;;;;
786655;23.02.25 14:58:00;-113,518;441,662;1,749;70,775;18,977;1014,947;33,765;40,230;18,330;41,735;17,280;1,061;175,916;10,461;-50,000;3653;365,3;;0,0;60;14,04;23,97;;15;A27210;;;;;;;;;;;;;;;;;;;;;;;;;;;;;;;;;;;;;;;;;;;;;;;;;;;;;;;;;;;;;;;;;;;;;;;;;
786656;23.02.25 14:59:00;-113,609;440,230;2,750;70,843;19,072;1014,998;33,777;40,445;18,365;42,155;17,375;1,096;219,786;10,516;-50,000;3653;365,3;;0,0;60;14,03;23,69;;15;A27210;;;;;;;;;;;;;;;;;;;;;;;;;;;;;;;;;;;;;;;;;;;;;;;;;;;;;;;;;;;;;;;;;;;;;;;;;
786657;23.02.25 15:00:00;-113,942;439,743;2,339;71,197;19,155;1014,989;33,750;40,600;18,440;41,780;17,505;1,463;155,616;10,544;-50,000;3653;365,3;;0,0;60;14,03;23,85;;15;A27210;;;;;;;;;;;;;;;;;;;;;;;;;;;;;;;;;;;;;;;;;;;;;;;;;;;;;;;;;;;;;;;;;;;;;;;;;
786658;23.02.25 15:01:00;-113,984;437,392;2,432;70,335;19,205;1015,013;33,735;40,200;18,510;41,420;17,615;1,526;170,775;10,550;-50,000;3653;365,3;;0,0;60;14,04;24,01;;15;A27210;;;;;;;;;;;;;;;;;;;;;;;;;;;;;;;;;;;;;;;;;;;;;;;;;;;;;;;;;;;;;;;;;;;;;;;;;
786659;23.02.25 15:02:00;-113,951;436,489;-1,135;70,142;19,167;1014,869;33,726;39,355;18,545;40,455;17,680;2,629;213,441;10,581;-50,000;3653;365,3;;0,0;60;14,05;24,29;;15;A27210;;;;;;;;;;;;;;;;;;;;;;;;;;;;;;;;;;;;;;;;;;;;;;;;;;;;;;;;;;;;;;;;;;;;;;;;;
786660;23.02.25 15:03:00;-112,364;435,411;-3,027;68,738;18,990;1014,800;33,714;38,795;18,545;39,835;17,675;2,904;206,859;10,612;-50,000;3653;365,3;;0,0;60;14,03;24,17;;15;A27210;;;;;;;;;;;;;;;;;;;;;;;;;;;;;;;;;;;;;;;;;;;;;;;;;;;;;;;;;;;;;;;;;;;;;;;;;
786661;23.02.25 15:04:00;-112,433;434,354;0,386;68,225;18,930;1014,899;33,762;40,095;18,530;40,880;17,595;2,091;182,098;10,642;-50,000;3653;365,3;;0,0;60;14,05;24,17;;15;A27210;;;;;;;;;;;;;;;;;;;;;;;;;;;;;;;;;;;;;;;;;;;;;;;;;;;;;;;;;;;;;;;;;;;;;;;;;
786662;23.02.25 15:05:00;-112,399;433,588;0,468;68,753;18,915;1014,911;33,717;39,945;18,520;41,060;17,520;2,236;204,098;10,648;-50,000;3653;365,3;;0,0;60;14,03;24,25;;15;A27210;;;;;;;;;;;;;;;;;;;;;;;;;;;;;;;;;;;;;;;;;;;;;;;;;;;;;;;;;;;;;;;;;;;;;;;;;
786663;23.02.25 15:06:00;-112,384;430,959;0,159;68,208;18,868;1014,905;33,702;39,475;18,525;40,760;17,475;2,100;195,441;10,675;-50,000;3653;365,3;;0,0;60;14,04;24,09;;15;A27210;;;;;;;;;;;;;;;;;;;;;;;;;;;;;;;;;;;;;;;;;;;;;;;;;;;;;;;;;;;;;;;;;;;;;;;;;
786664;23.02.25 15:07:00;-112,149;428,788;-0,718;68,016;18,847;1014,884;33,711;39,385;18,545;40,675;17,435;1,911;151,982;10,706;-50,000;3653;365,3;;0,0;60;14,03;24,33;;15;A27210;;;;;;;;;;;;;;;;;;;;;;;;;;;;;;;;;;;;;;;;;;;;;;;;;;;;;;;;;;;;;;;;;;;;;;;;;
786665;23.02.25 15:08:00;-112,065;427,471;1,700;67,720;18,855;1014,884;33,723;39,665;18,480;40,995;17,405;1,095;186,368;10,742;-50,000;3653;365,3;;0,0;60;14,02;24,44;;15;A27210;;;;;;;;;;;;;;;;;;;;;;;;;;;;;;;;;;;;;;;;;;;;;;;;;;;;;;;;;;;;;;;;;;;;;;;;;
786666;23.02.25 15:09:00;-111,783;426,449;4,043;68,371;18,960;1014,929;33,777;40,500;18,480;41,700;17,415;0,948;193,005;10,748;-50,000;3653;365,3;;0,0;60;14,01;24,17;;15;A27210;;;;;;;;;;;;;;;;;;;;;;;;;;;;;;;;;;;;;;;;;;;;;;;;;;;;;;;;;;;;;;;;;;;;;;;;;
786667;23.02.25 15:10:00;-111,981;426,374;2,270;69,267;19,052;1014,815;33,735;40,150;18,510;41,440;17,490;1,705;187,301;10,773;-50,000;3653;365,3;;0,0;60;14,02;23,97;;15;A27210;;;;;;;;;;;;;;;;;;;;;;;;;;;;;;;;;;;;;;;;;;;;;;;;;;;;;;;;;;;;;;;;;;;;;;;;;
786668;23.02.25 15:11:00;-112,040;425,416;0,945;68,193;19,077;1014,665;33,732;39,410;18,540;40,680;17,570;1,235;203,023;10,782;-50,000;3653;365,3;;0,0;60;14,00;24,60;;15;A27210;;;;;;;;;;;;;;;;;;;;;;;;;;;;;;;;;;;;;;;;;;;;;;;;;;;;;;;;;;;;;;;;;;;;;;;;;
786669;23.02.25 15:12:00;-112,097;425,177;-1,189;68,394;19,095;1014,629;33,717;39,765;18,540;40,975;17,645;1,680;204,542;10,822;-50,000;3653;365,3;;0,0;60;14,00;24,64;;15;A27210;;;;;;;;;;;;;;;;;;;;;;;;;;;;;;;;;;;;;;;;;;;;;;;;;;;;;;;;;;;;;;;;;;;;;;;;;
786670;23.02.25 15:13:00;-112,278;424,570;0,365;67,977;19,127;1014,614;33,678;39,775;18,530;40,790;17,720;1,659;185,406;10,843;-50,000;3653;365,3;;0,0;60;14,01;24,56;;15;A27210;;;;;;;;;;;;;;;;;;;;;;;;;;;;;;;;;;;;;;;;;;;;;;;;;;;;;;;;;;;;;;;;;;;;;;;;;
786671;23.02.25 15:14:00;-112,005;424,052;-0,670;68,068;19,125;1014,575;33,681;40,100;18,530;40,760;17,785;2,302;202,748;10,843;-50,000;3653;365,3;;0,0;60;14,00;24,48;;15;A27210;;;;;;;;;;;;;;;;;;;;;;;;;;;;;;;;;;;;;;;;;;;;;;;;;;;;;;;;;;;;;;;;;;;;;;;;;
786672;23.02.25 15:15:00;-112,257;421,891;-2,828;67,196;19,080;1014,515;33,672;39,480;18,530;40,305;17,835;1,924;183,786;10,864;-50,000;3653;365,3;;0,0;60;13,99;24,60;;15;A27210;;;;;;;;;;;;;;;;;;;;;;;;;;;;;;;;;;;;;;;;;;;;;;;;;;;;;;;;;;;;;;;;;;;;;;;;;
786673;23.02.25 15:16:00;-111,866;422,711;-0,090;66,954;19,083;1014,596;33,696;39,865;18,480;40,225;17,840;1,256;121,995;10,889;-50,000;3653;365,3;;0,0;60;14,01;24,40;;15;A27210;;;;;;;;;;;;;;;;;;;;;;;;;;;;;;;;;;;;;;;;;;;;;;;;;;;;;;;;;;;;;;;;;;;;;;;;;
786674;23.02.25 15:17:00;-111,469;422,093;-2,951;67,120;19,055;1014,482;33,726;39,150;18,430;39,620;17,835;2,632;124,673;10,913;-50,000;3653;365,3;;0,0;60;14,00;24,37;;15;A27210;;;;;;;;;;;;;;;;;;;;;;;;;;;;;;;;;;;;;;;;;;;;;;;;;;;;;;;;;;;;;;;;;;;;;;;;;
786675;23.02.25 15:18:00;-111,224;417,181;-1,577;65,453;18,960;1014,461;33,684;39,305;18,250;39,615;17,745;1,910;131,670;10,929;-50,000;3653;365,3;;0,0;60;14,00;24,48;;15;A27210;;;;;;;;;;;;;;;;;;;;;;;;;;;;;;;;;;;;;;;;;;;;;;;;;;;;;;;;;;;;;;;;;;;;;;;;;
786676;23.02.25 15:19:00;-111,371;413,509;0,270;65,223;18,950;1014,473;33,675;39,945;18,150;40,020;17,635;1,620;174,302;10,941;-50,000;3653;365,3;;0,0;60;14,03;24,40;;15;A27210;;;;;;;;;;;;;;;;;;;;;;;;;;;;;;;;;;;;;;;;;;;;;;;;;;;;;;;;;;;;;;;;;;;;;;;;;
786677;23.02.25 15:20:00;-111,643;411,108;-0,055;65,419;18,985;1014,467;33,693;40,085;18,060;40,350;17,605;1,293;169,673;10,944;-50,000;3653;365,3;;0,0;60;14,00;24,48;;15;A27210;;;;;;;;;;;;;;;;;;;;;;;;;;;;;;;;;;;;;;;;;;;;;;;;;;;;;;;;;;;;;;;;;;;;;;;;;
786678;23.02.25 15:21:00;-111,698;408,927;-0,481;65,464;18,997;1014,437;33,654;40,790;18,015;40,790;17,590;1,654;197,145;10,962;-50,000;3653;365,3;;0,0;60;14,00;24,44;;15;A27210;;;;;;;;;;;;;;;;;;;;;;;;;;;;;;;;;;;;;;;;;;;;;;;;;;;;;;;;;;;;;;;;;;;;;;;;;
786679;23.02.25 15:22:00;-111,796;406,431;-0,317;65,084;19,002;1014,434;33,630;41,105;18,010;41,110;17,630;1,935;203,816;10,968;-50,000;3653;365,3;;0,0;60;14,02;24,52;;15;A27210;;;;;;;;;;;;;;;;;;;;;;;;;;;;;;;;;;;;;;;;;;;;;;;;;;;;;;;;;;;;;;;;;;;;;;;;;
786680;23.02.25 15:23:00;-112,372;405,689;0,438;64,795;19,015;1014,473;33,624;41,570;18,010;41,280;17,695;1,488;176,181;11,008;-50,000;3653;365,3;;0,0;60;14,03;24,60;;15;A27210;;;;;;;;;;;;;;;;;;;;;;;;;;;;;;;;;;;;;;;;;;;;;;;;;;;;;;;;;;;;;;;;;;;;;;;;;
786681;23.02.25 15:24:00;-112,668;403,751;-0,627;64,659;19,063;1014,512;33,624;41,270;18,025;41,070;17,725;1,209;171,405;11,020;-50,000;3653;365,3;;0,0;60;14,01;24,64;;15;A27210;;;;;;;;;;;;;;;;;;;;;;;;;;;;;;;;;;;;;;;;;;;;;;;;;;;;;;;;;;;;;;;;;;;;;;;;;
786682;23.02.25 15:25:00;-112,289;402,503;-1,462;64,445;19,065;1014,512;33,627;40,640;18,035;40,535;17,740;1,475;223,712;11,032;-50,000;3653;365,3;;0,0;60;13,99;24,76;;15;A27210;;;;;;;;;;;;;;;;;;;;;;;;;;;;;;;;;;;;;;;;;;;;;;;;;;;;;;;;;;;;;;;;;;;;;;;;;
786683;23.02.25 15:26:00;-112,440;401,556;-1,009;64,239;19,100;1014,554;33,606;41,195;18,055;40,890;17,790;1,567;155,469;11,038;-50,000;3653;365,3;;0,0;60;14,02;24,64;;15;A27210;;;;;;;;;;;;;;;;;;;;;;;;;;;;;;;;;;;;;;;;;;;;;;;;;;;;;;;;;;;;;;;;;;;;;;;;;
786684;23.02.25 15:27:00;-112,149;401,826;-3,795;64,083;19,067;1014,518;33,585;41,340;18,045;40,960;17,790;1,944;162,534;11,041;-50,000;3653;365,3;;0,0;60;14,01;24,80;;15;A27210;;;;;;;;;;;;;;;;;;;;;;;;;;;;;;;;;;;;;;;;;;;;;;;;;;;;;;;;;;;;;;;;;;;;;;;;;
786685;23.02.25 15:28:00;-111,427;402,100;-3,880;63,789;19,020;1014,473;33,582;40,790;17,980;40,590;17,755;2,377;186,435;11,050;-50,000;3653;365,3;;0,0;60;14,01;25,08;;15;A27210;;;;;;;;;;;;;;;;;;;;;;;;;;;;;;;;;;;;;;;;;;;;;;;;;;;;;;;;;;;;;;;;;;;;;;;;;
786686;23.02.25 15:29:00;-111,218;400,872;-1,499;63,179;18,970;1014,539;33,579;41,040;17,900;40,580;17,705;1,445;227,121;11,048;-50,000;3653;365,3;;0,0;60;14,01;25,24;;15;A27210;;;;;;;;;;;;;;;;;;;;;;;;;;;;;;;;;;;;;;;;;;;;;;;;;;;;;;;;;;;;;;;;;;;;;;;;;
786687;23.02.25 15:30:00;-110,732;402,046;-0,692;63,800;19,017;1014,551;33,570;41,150;17,920;40,685;17,700;1,263;194,214;11,096;-50,000;3653;365,3;;0,0;60;14,02;25,04;;15;A27210;;;;;;;;;;;;;;;;;;;;;;;;;;;;;;;;;;;;;;;;;;;;;;;;;;;;;;;;;;;;;;;;;;;;;;;;;
786688;23.02.25 15:31:00;-109,963;405,906;1,260;65,071;19,063;1014,614;33,582;41,365;17,930;40,995;17,660;1,056;232,971;11,106;-50,000;3653;365,3;;0,0;60;14,01;25,04;;15;A27210;;;;;;;;;;;;;;;;;;;;;;;;;;;;;;;;;;;;;;;;;;;;;;;;;;;;;;;;;;;;;;;;;;;;;;;;;
786689;23.02.25 15:32:00;-109,291;412,180;1,689;66,270;19,170;1014,653;33,567;42,170;18,020;41,750;17,715;1,000;177,126;11,124;-50,000;3653;365,3;;0,0;60;14,02;25,04;;15;A27210;;;;;;;;;;;;;;;;;;;;;;;;;;;;;;;;;;;;;;;;;;;;;;;;;;;;;;;;;;;;;;;;;;;;;;;;;
786690;23.02.25 15:33:00;-107,727;418,035;-0,567;67,302;19,195;1014,581;33,567;40,930;18,095;40,795;17,775;1,864;202,646;11,136;-50,000;3653;365,3;;0,0;60;14,03;25,16;;15;A27210;;;;;;;;;;;;;;;;;;;;;;;;;;;;;;;;;;;;;;;;;;;;;;;;;;;;;;;;;;;;;;;;;;;;;;;;;
786691;23.02.25 15:34:00;-106,221;421,128;0,360;67,135;19,185;1014,596;33,609;40,925;18,145;40,380;17,815;1,747;226,294;11,136;-50,000;3653;365,3;;0,0;60;14,02;25,12;;15;A27210;;;;;;;;;;;;;;;;;;;;;;;;;;;;;;;;;;;;;;;;;;;;;;;;;;;;;;;;;;;;;;;;;;;;;;;;;
786692;23.02.25 15:35:00;-104,630;424,704;-1,334;66,952;19,097;1014,548;33,594;39,875;18,150;39,670;17,810;1,827;210,465;11,136;-50,000;3653;365,3;;0,0;60;14,03;25,24;;15;A27210;;;;;;;;;;;;;;;;;;;;;;;;;;;;;;;;;;;;;;;;;;;;;;;;;;;;;;;;;;;;;;;;;;;;;;;;;
786693;23.02.25 15:36:00;-105,144;423,783;0,554;66,558;19,100;1014,677;33,561;40,550;18,170;40,390;17,775;1,336;162,214;11,136;-50,000;3653;365,3;;0,0;60;14,02;25,20;;15;A27210;;;;;;;;;;;;;;;;;;;;;;;;;;;;;;;;;;;;;;;;;;;;;;;;;;;;;;;;;;;;;;;;;;;;;;;;;
786694;23.02.25 15:37:00;-105,429;422,664;1,465;66,903;19,147;1014,689;33,561;40,045;18,140;39,950;17,775;1,298;182,475;11,139;-50,000;3653;365,3;;0,0;60;14,01;25,24;;15;A27210;;;;;;;;;;;;;;;;;;;;;;;;;;;;;;;;;;;;;;;;;;;;;;;;;;;;;;;;;;;;;;;;;;;;;;;;;
786695;23.02.25 15:38:00;-105,844;423,031;1,754;67,475;19,235;1014,692;33,549;39,930;18,180;39,845;17,825;1,171;146,115;11,136;-50,000;3653;365,3;;0,0;60;14,03;25,48;;15;A27210;;;;;;;;;;;;;;;;;;;;;;;;;;;;;;;;;;;;;;;;;;;;;;;;;;;;;;;;;;;;;;;;;;;;;;;;;
786696;23.02.25 15:39:00;-105,187;423,458;0,160;67,640;19,298;1014,662;33,567;39,885;18,115;39,655;17,845;1,193;238,944;11,151;-50,000;3653;365,3;;0,0;60;14,02;25,48;;15;A27210;;;;;;;;;;;;;;;;;;;;;;;;;;;;;;;;;;;;;;;;;;;;;;;;;;;;;;;;;;;;;;;;;;;;;;;;;
786697;23.02.25 15:40:00;-104,906;422,755;-2,115;67,215;19,285;1014,521;33,555;39,585;18,135;39,265;17,945;2,230;170,286;11,151;-50,000;3653;365,3;;0,0;60;14,03;25,56;;15;A27210;;;;;;;;;;;;;;;;;;;;;;;;;;;;;;;;;;;;;;;;;;;;;;;;;;;;;;;;;;;;;;;;;;;;;;;;;
786698;23.02.25 15:41:00;-105,009;420,500;-1,932;66,415;19,253;1014,542;33,543;40,060;18,100;39,130;17,980;1,710;172,502;11,154;-50,000;3653;365,3;;0,0;60;14,01;25,36;;15;A27210;;;;;;;;;;;;;;;;;;;;;;;;;;;;;;;;;;;;;;;;;;;;;;;;;;;;;;;;;;;;;;;;;;;;;;;;;
786699;23.02.25 15:42:00;-103,309;419,368;0,283;66,380;19,278;1014,524;33,543;40,045;18,090;39,150;18,030;1,805;202,157;11,161;-50,000;3653;365,3;;0,0;60;14,00;25,56;;15;A27210;;;;;;;;;;;;;;;;;;;;;;;;;;;;;;;;;;;;;;;;;;;;;;;;;;;;;;;;;;;;;;;;;;;;;;;;;
786700;23.02.25 15:43:00;-101,450;421,646;-1,893;67,086;19,263;1014,470;33,531;39,720;18,110;38,925;18,050;2,732;208,226;11,191;-50,000;3653;365,3;;0,0;60;14,00;25,83;;15;A27210;;;;;;;;;;;;;;;;;;;;;;;;;;;;;;;;;;;;;;;;;;;;;;;;;;;;;;;;;;;;;;;;;;;;;;;;;
786701;23.02.25 15:44:00;-99,627;425,482;-0,781;67,106;19,225;1014,494;33,501;40,045;18,100;39,120;18,070;1,874;201,083;11,203;-50,000;3653;365,3;;0,0;60;14,00;25,79;;15;A27210;;;;;;;;;;;;;;;;;;;;;;;;;;;;;;;;;;;;;;;;;;;;;;;;;;;;;;;;;;;;;;;;;;;;;;;;;
786702;23.02.25 15:45:00;-98,091;428,462;-0,891;67,833;19,210;1014,521;33,495;40,025;18,110;38,950;18,065;2,034;218,199;11,218;-50,000;3653;365,3;;0,0;60;14,00;25,56;;15;A27210;;;;;;;;;;;;;;;;;;;;;;;;;;;;;;;;;;;;;;;;;;;;;;;;;;;;;;;;;;;;;;;;;;;;;;;;;
786703;23.02.25 15:46:00;-97,297;428,319;1,561;67,721;19,225;1014,557;33,507;39,945;18,105;39,135;18,040;1,897;187,633;11,218;-50,000;3653;365,3;;0,0;60;14,00;25,52;;15;A27210;;;;;;;;;;;;;;;;;;;;;;;;;;;;;;;;;;;;;;;;;;;;;;;;;;;;;;;;;;;;;;;;;;;;;;;;;
786704;23.02.25 15:47:00;-96,523;426,703;0,345;67,414;19,240;1014,512;33,501;40,270;18,140;39,230;18,015;1,861;216,844;11,231;-50,000;3653;365,3;;0,0;60;13,99;25,71;;15;A27210;;;;;;;;;;;;;;;;;;;;;;;;;;;;;;;;;;;;;;;;;;;;;;;;;;;;;;;;;;;;;;;;;;;;;;;;;
786705;23.02.25 15:48:00;-96,416;424,289;0,585;66,799;19,270;1014,554;33,498;40,025;18,105;39,215;18,025;1,250;310,809;11,234;-50,000;3653;365,3;;0,0;60;13,96;25,60;;15;A27210;;;;;;;;;;;;;;;;;;;;;;;;;;;;;;;;;;;;;;;;;;;;;;;;;;;;;;;;;;;;;;;;;;;;;;;;;
786706;23.02.25 15:49:00;-96,664;418,827;2,151;66,129;19,363;1014,620;33,492;40,995;18,140;40,195;18,075;1,226;204,463;11,234;-50,000;3653;365,3;;0,0;60;13,96;25,79;;15;A27210;;;;;;;;;;;;;;;;;;;;;;;;;;;;;;;;;;;;;;;;;;;;;;;;;;;;;;;;;;;;;;;;;;;;;;;;;
786707;23.02.25 15:50:00;-98,539;414,212;-0,097;65,648;19,438;1014,491;33,486;40,520;18,195;39,845;18,110;1,300;212,951;11,234;-50,000;3653;365,3;;0,0;60;13,97;25,87;;15;A27210;;;;;;;;;;;;;;;;;;;;;;;;;;;;;;;;;;;;;;;;;;;;;;;;;;;;;;;;;;;;;;;;;;;;;;;;;
786708;23.02.25 15:51:00;-100,831;408,248;0,283;64,292;19,513;1014,416;33,474;41,005;18,200;39,830;18,150;0,886;283,871;11,234;-50,000;3653;365,3;;0,0;60;13,96;25,79;;15;A27210;;;;;;;;;;;;;;;;;;;;;;;;;;;;;;;;;;;;;;;;;;;;;;;;;;;;;;;;;;;;;;;;;;;;;;;;;
786709;23.02.25 15:52:00;-102,576;402,540;-1,405;63,343;19,555;1014,332;33,519;40,705;18,230;39,735;18,250;1,888;200,233;11,234;-50,000;3653;365,3;;0,0;60;13,85;25,67;;15;A27210;;;;;;;;;;;;;;;;;;;;;;;;;;;;;;;;;;;;;;;;;;;;;;;;;;;;;;;;;;;;;;;;;;;;;;;;;
786710;23.02.25 15:53:00;-103,779;398,257;-4,982;61,492;19,497;1014,305;33,495;40,760;18,250;39,875;18,300;1,643;142,931;11,237;-50,000;3653;365,3;;0,0;60;13,84;25,52;;15;A27210;;;;;;;;;;;;;;;;;;;;;;;;;;;;;;;;;;;;;;;;;;;;;;;;;;;;;;;;;;;;;;;;;;;;;;;;;
786711;23.02.25 15:54:00;-104,606;394,404;-3,653;60,450;19,477;1014,458;33,468;41,135;18,160;39,945;18,300;1,768;162,349;11,240;-50,000;3653;365,3;;0,0;60;13,83;25,40;;15;A27210;;;;;;;;;;;;;;;;;;;;;;;;;;;;;;;;;;;;;;;;;;;;;;;;;;;;;;;;;;;;;;;;;;;;;;;;;
786712;23.02.25 15:55:00;-105,429;386,758;-3,741;58,770;19,450;1014,491;33,444;41,330;18,130;39,945;18,280;1,720;172,046;11,240;-50,000;3653;365,3;;0,0;60;13,82;25,24;;15;A27210;;;;;;;;;;;;;;;;;;;;;;;;;;;;;;;;;;;;;;;;;;;;;;;;;;;;;;;;;;;;;;;;;;;;;;;;;
786713;23.02.25 15:56:00;-105,790;381,826;-3,030;57,817;19,445;1014,551;33,429;41,305;18,050;39,880;18,245;1,188;181,862;11,249;-50,000;3653;365,3;;0,0;60;13,78;25,00;;15;A27210;;;;;;;;;;;;;;;;;;;;;;;;;;;;;;;;;;;;;;;;;;;;;;;;;;;;;;;;;;;;;;;;;;;;;;;;;
786714;23.02.25 15:57:00;-105,945;377,871;-5,711;57,053;19,420;1014,479;33,336;41,315;18,010;39,910;18,230;2,272;212,580;11,249;-50,000;3653;365,3;;0,0;60;13,48;24,84;;15;A27210;;;;;;;;;;;;;;;;;;;;;;;;;;;;;;;;;;;;;;;;;;;;;;;;;;;;;;;;;;;;;;;;;;;;;;;;;
786715;23.02.25 15:58:00;-105,600;375,586;-4,954;55,290;19,397;1014,494;33,165;42,315;17,975;40,670;18,200;1,270;159,373;11,249;-50,000;3653;365,3;;0,0;60;13,33;24,88;;15;A27210;;;;;;;;;;;;;;;;;;;;;;;;;;;;;;;;;;;;;;;;;;;;;;;;;;;;;;;;;;;;;;;;;;;;;;;;;
786716;23.02.25 15:59:00;-105,132;377,307;-5,653;54,210;19,387;1014,428;33,171;42,160;17,965;40,580;18,195;2,467;206,100;11,283;-50,000;3653;365,3;;0,0;60;13,23;25,20;;15;A27210;;;;;;;;;;;;;;;;;;;;;;;;;;;;;;;;;;;;;;;;;;;;;;;;;;;;;;;;;;;;;;;;;;;;;;;;;
786717;23.02.25 16:00:00;-104,712;376,663;-6,685;51,707;19,300;1014,356;33,165;42,260;17,940;40,510;18,120;2,640;196,858;11,283;-50,000;3653;365,3;;0,0;60;13,17;25,04;;15;A27210;;;;;;;;;;;;;;;;;;;;;;;;;;;;;;;;;;;;;;;;;;;;;;;;;;;;;;;;;;;;;;;;;;;;;;;;;
786718;23.02.25 16:01:00;-104,579;352,100;-7,224;50,489;19,225;1014,383;33,156;41,915;17,890;40,565;18,025;1,827;197,471;11,270;-50,000;3653;365,3;;0,0;60;13,15;25,16;;15;A27210;;;;;;;;;;;;;;;;;;;;;;;;;;;;;;;;;;;;;;;;;;;;;;;;;;;;;;;;;;;;;;;;;;;;;;;;;
786719;23.02.25 16:02:00;-103,723;270,140;-5,317;50,819;19,145;1014,410;33,156;41,915;17,845;40,820;17,965;1,445;187,284;11,310;-50,000;3653;365,3;;0,0;60;13,12;25,08;;15;A27210;;;;;;;;;;;;;;;;;;;;;;;;;;;;;;;;;;;;;;;;;;;;;;;;;;;;;;;;;;;;;;;;;;;;;;;;;
786720;23.02.25 16:03:00;-102,721;167,702;-3,740;51,221;19,060;1014,407;33,159;42,640;17,815;41,135;17,930;1,505;200,633;11,286;-50,000;3653;365,3;;0,0;60;13,09;25,32;;15;A27210;;;;;;;;;;;;;;;;;;;;;;;;;;;;;;;;;;;;;;;;;;;;;;;;;;;;;;;;;;;;;;;;;;;;;;;;;
786721;23.02.25 16:04:00;-101,101;136,875;-5,270;51,059;18,932;1014,329;33,135;41,595;17,790;40,475;17,925;1,325;259,200;11,307;-50,000;3653;365,3;;0,0;60;13,06;25,40;;15;A27210;;;;;;;;;;;;;;;;;;;;;;;;;;;;;;;;;;;;;;;;;;;;;;;;;;;;;;;;;;;;;;;;;;;;;;;;;
786722;23.02.25 16:05:00;-98,894;247,941;-4,768;52,413;18,888;1014,323;33,114;41,605;17,780;40,455;17,960;1,637;180,129;11,298;-50,000;3653;365,3;;0,0;60;13,05;25,52;;15;A27210;;;;;;;;;;;;;;;;;;;;;;;;;;;;;;;;;;;;;;;;;;;;;;;;;;;;;;;;;;;;;;;;;;;;;;;;;
786723;23.02.25 16:06:00;-98,232;356,170;-4,700;53,153;18,850;1014,272;33,117;41,465;17,780;39,980;17,985;1,804;139,703;11,316;-50,000;3653;365,3;;0,0;60;13,03;25,56;;15;A27210;;;;;;;;;;;;;;;;;;;;;;;;;;;;;;;;;;;;;;;;;;;;;;;;;;;;;;;;;;;;;;;;;;;;;;;;;
786724;23.02.25 16:07:00;-98,001;371,217;-5,235;53,264;18,825;1014,233;33,114;41,665;17,695;40,155;17,935;2,091;190,496;11,322;-50,000;3653;365,3;;0,0;60;13,03;25,48;;15;A27210;;;;;;;;;;;;;;;;;;;;;;;;;;;;;;;;;;;;;;;;;;;;;;;;;;;;;;;;;;;;;;;;;;;;;;;;;
786725;23.02.25 16:08:00;-97,845;368,995;-6,248;53,461;18,790;1014,164;33,105;41,775;17,640;40,175;17,935;2,104;199,373;11,325;-50,000;3653;365,3;;0,0;60;13,01;25,44;;15;A27210;;;;;;;;;;;;;;;;;;;;;;;;;;;;;;;;;;;;;;;;;;;;;;;;;;;;;;;;;;;;;;;;;;;;;;;;;
786726;23.02.25 16:09:00;-97,422;366,010;-5,050;53,554;18,783;1014,239;33,102;41,900;17,630;40,375;17,930;1,603;182,723;11,331;-50,000;3653;365,3;;0,0;60;12,97;25,40;;15;A27210;;;;;;;;;;;;;;;;;;;;;;;;;;;;;;;;;;;;;;;;;;;;;;;;;;;;;;;;;;;;;;;;;;;;;;;;;
786727;23.02.25 16:10:00;-97,019;364,910;-1,940;54,173;18,868;1014,341;33,102;42,925;17,610;40,860;17,925;0,990;266,068;11,331;-50,000;3653;365,3;;0,0;60;12,98;25,16;;15;A27210;;;;;;;;;;;;;;;;;;;;;;;;;;;;;;;;;;;;;;;;;;;;;;;;;;;;;;;;;;;;;;;;;;;;;;;;;
786728;23.02.25 16:11:00;-96,003;365,557;-4,415;55,469;18,962;1014,290;33,099;41,840;17,680;40,435;18,010;1,407;147,876;11,331;-50,000;3653;365,3;;0,0;60;12,97;25,32;;15;A27210;;;;;;;;;;;;;;;;;;;;;;;;;;;;;;;;;;;;;;;;;;;;;;;;;;;;;;;;;;;;;;;;;;;;;;;;;
786729;23.02.25 16:12:00;-94,815;367,649;-5,024;55,694;18,962;1014,191;33,102;41,420;17,705;39,580;18,095;2,061;192,656;11,331;-50,000;3653;365,3;;0,0;60;12,96;25,48;;15;A27210;;;;;;;;;;;;;;;;;;;;;;;;;;;;;;;;;;;;;;;;;;;;;;;;;;;;;;;;;;;;;;;;;;;;;;;;;
786730;23.02.25 16:13:00;-93,926;370,031;-4,876;55,864;18,937;1014,173;33,102;40,830;17,695;39,065;18,145;1,545;210,077;11,331;-50,000;3653;365,3;;0,0;60;12,95;25,32;;15;A27210;;;;;;;;;;;;;;;;;;;;;;;;;;;;;;;;;;;;;;;;;;;;;;;;;;;;;;;;;;;;;;;;;;;;;;;;;
786731;23.02.25 16:14:00;-93,472;370,307;-2,689;56,135;19,000;1014,218;33,102;41,930;17,645;39,370;18,180;1,046;295,611;11,334;-50,000;3653;365,3;;0,0;60;12,92;25,52;;15;A27210;;;;;;;;;;;;;;;;;;;;;;;;;;;;;;;;;;;;;;;;;;;;;;;;;;;;;;;;;;;;;;;;;;;;;;;;;
786732;23.02.25 16:15:00;-94,300;371,358;-4,083;56,596;19,042;1014,164;33,093;41,495;17,715;39,380;18,180;1,911;150,733;11,338;-50,000;3653;365,3;;0,0;60;12,92;25,56;;15;A27210;;;;;;;;;;;;;;;;;;;;;;;;;;;;;;;;;;;;;;;;;;;;;;;;;;;;;;;;;;;;;;;;;;;;;;;;;
786733;23.02.25 16:16:00;-95,222;368,221;-4,385;55,851;19,068;1014,167;33,111;41,125;17,710;39,205;18,190;1,516;143,241;11,353;-50,000;3653;365,3;;0,0;60;12,91;25,56;;15;A27210;;;;;;;;;;;;;;;;;;;;;;;;;;;;;;;;;;;;;;;;;;;;;;;;;;;;;;;;;;;;;;;;;;;;;;;;;
786734;23.02.25 16:17:00;-97,065;359,388;-3,508;54,121;19,117;1014,182;33,141;41,385;17,685;39,345;18,170;1,112;192,724;11,353;-50,000;3653;365,3;;0,0;60;12,89;25,63;;15;A27210;;;;;;;;;;;;;;;;;;;;;;;;;;;;;;;;;;;;;;;;;;;;;;;;;;;;;;;;;;;;;;;;;;;;;;;;;
786735;23.02.25 16:18:00;-98,837;349,694;-3,761;52,640;19,167;1014,134;33,147;42,610;17,720;40,100;18,165;1,082;181,530;11,362;-50,000;3653;365,3;;0,0;60;12,86;25,87;;15;A27210;;;;;;;;;;;;;;;;;;;;;;;;;;;;;;;;;;;;;;;;;;;;;;;;;;;;;;;;;;;;;;;;;;;;;;;;;
786736;23.02.25 16:19:00;-100,575;340,398;-7,001;50,823;19,180;1014,041;33,159;41,715;17,740;39,860;18,215;1,661;191,295;11,347;-50,000;3653;365,3;;0,0;60;12,86;25,67;;15;A27210;;;;;;;;;;;;;;;;;;;;;;;;;;;;;;;;;;;;;;;;;;;;;;;;;;;;;;;;;;;;;;;;;;;;;;;;;
786737;23.02.25 16:20:00;-102,229;331,360;-6,596;48,722;19,190;1014,023;33,165;42,420;17,770;40,300;18,265;1,673;209,588;11,353;-50,000;3653;365,3;;0,0;60;12,84;25,83;;15;A27210;;;;;;;;;;;;;;;;;;;;;;;;;;;;;;;;;;;;;;;;;;;;;;;;;;;;;;;;;;;;;;;;;;;;;;;;;
786738;23.02.25 16:21:00;-104,499;322,383;-9,259;46,202;19,157;1013,909;33,168;42,220;17,795;40,130;18,315;1,869;177,328;11,356;-50,000;3653;365,3;;0,0;60;12,82;26,11;;15;A27210;;;;;;;;;;;;;;;;;;;;;;;;;;;;;;;;;;;;;;;;;;;;;;;;;;;;;;;;;;;;;;;;;;;;;;;;;
786739;23.02.25 16:22:00;-105,376;313,892;-11,318;42,885;19,020;1013,756;33,177;41,885;17,770;39,715;18,285;1,917;173,413;11,356;-50,000;3653;365,3;;0,0;60;12,81;25,95;;15;A27210;;;;;;;;;;;;;;;;;;;;;;;;;;;;;;;;;;;;;;;;;;;;;;;;;;;;;;;;;;;;;;;;;;;;;;;;;
786740;23.02.25 16:23:00;-106,442;307,793;-11,380;40,323;18,990;1013,687;33,171;42,295;17,735;40,300;18,190;1,848;231,244;11,362;-50,000;3653;365,3;;0,0;60;12,80;25,67;;15;A27210;;;;;;;;;;;;;;;;;;;;;;;;;;;;;;;;;;;;;;;;;;;;;;;;;;;;;;;;;;;;;;;;;;;;;;;;;
786741;23.02.25 16:24:00;-106,194;306,077;-12,709;37,746;18,940;1013,627;33,177;42,095;17,685;40,300;18,105;1,455;148,798;11,368;-50,000;3653;365,3;;0,0;60;12,80;25,44;;15;A27210;;;;;;;;;;;;;;;;;;;;;;;;;;;;;;;;;;;;;;;;;;;;;;;;;;;;;;;;;;;;;;;;;;;;;;;;;
786742;23.02.25 16:25:00;-105,126;306,714;-14,288;35,241;18,895;1013,627;33,177;42,355;17,615;40,335;18,025;1,986;200,318;11,359;-50,000;3653;365,3;;0,0;60;12,79;25,32;;15;A27210;;;;;;;;;;;;;;;;;;;;;;;;;;;;;;;;;;;;;;;;;;;;;;;;;;;;;;;;;;;;;;;;;;;;;;;;;
786743;23.02.25 16:26:00;-104,036;307,830;-15,391;31,712;18,820;1013,666;33,171;42,315;17,605;40,315;17,960;2,060;203,445;11,365;-50,000;3653;365,3;;0,0;60;12,78;25,16;;15;A27210;;;;;;;;;;;;;;;;;;;;;;;;;;;;;;;;;;;;;;;;;;;;;;;;;;;;;;;;;;;;;;;;;;;;;;;;;
786744;23.02.25 16:27:00;-102,633;308,845;-17,262;28,101;18,710;1013,729;33,171;41,865;17,540;40,085;17,890;2,767;219,594;11,337;-50,000;3653;365,3;;0,0;60;12,77;24,72;;15;A27210;;;;;;;;;;;;;;;;;;;;;;;;;;;;;;;;;;;;;;;;;;;;;;;;;;;;;;;;;;;;;;;;;;;;;;;;;
786745;23.02.25 16:28:00;-101,724;309,042;-17,718;22,950;18,590;1013,801;33,180;42,105;17,505;40,445;17,755;1,801;213,649;11,341;-50,000;3653;365,3;;0,0;60;12,77;24,13;;15;A27210;;;;;;;;;;;;;;;;;;;;;;;;;;;;;;;;;;;;;;;;;;;;;;;;;;;;;;;;;;;;;;;;;;;;;;;;;
786746;23.02.25 16:29:00;-100,313;309,206;-18,404;19,210;18,542;1013,894;33,177;42,250;17,415;40,670;17,655;1,480;196,892;11,350;-50,000;3653;365,3;;0,0;60;12,77;23,89;;15;A27210;;;;;;;;;;;;;;;;;;;;;;;;;;;;;;;;;;;;;;;;;;;;;;;;;;;;;;;;;;;;;;;;;;;;;;;;;
786747;23.02.25 16:30:00;-99,095;295,480;-18,802;16,244;18,480;1013,936;33,162;42,585;17,380;41,190;17,615;1,359;175,101;11,334;-50,000;3653;365,3;;0,0;60;12,77;23,53;;15;A27210;;;;;;;;;;;;;;;;;;;;;;;;;;;;;;;;;;;;;;;;;;;;;;;;;;;;;;;;;;;;;;;;;;;;;;;;;
786748;23.02.25 16:31:00;-98,668;219,980;-18,556;13,488;18,407;1013,951;33,153;42,915;17,305;41,490;17,565;1,323;209,228;11,341;-50,000;3653;365,3;;0,0;60;12,76;23,17;;15;A27210;;;;;;;;;;;;;;;;;;;;;;;;;;;;;;;;;;;;;;;;;;;;;;;;;;;;;;;;;;;;;;;;;;;;;;;;;
786749;23.02.25 16:32:00;-97,476;150,734;-19,218;11,806;18,257;1013,936;33,156;42,945;17,245;41,260;17,555;1,928;180,124;11,334;-50,000;3653;365,3;;0,0;60;12,75;22,94;;15;A27210;;;;;;;;;;;;;;;;;;;;;;;;;;;;;;;;;;;;;;;;;;;;;;;;;;;;;;;;;;;;;;;;;;;;;;;;;
786750;23.02.25 16:33:00;-97,652;230,652;-19,370;9,607;18,225;1014,026;33,156;43,455;17,190;41,825;17,515;1,672;171,804;11,331;-50,000;3653;365,3;;0,0;60;12,74;22,90;;15;A27210;;;;;;;;;;;;;;;;;;;;;;;;;;;;;;;;;;;;;;;;;;;;;;;;;;;;;;;;;;;;;;;;;;;;;;;;;
786751;23.02.25 16:34:00;-98,313;294,112;-19,941;7,292;18,157;1013,957;33,141;42,640;17,125;41,100;17,500;2,367;157,607;11,328;-50,000;3653;365,3;;0,0;60;12,73;22,58;;15;A27210;;;;;;;;;;;;;;;;;;;;;;;;;;;;;;;;;;;;;;;;;;;;;;;;;;;;;;;;;;;;;;;;;;;;;;;;;
786752;23.02.25 16:35:00;-74,535;213,123;-14,964;4,026;-54,745;1013,969;33,147;42,875;17,045;41,075;17,460;1,529;153,681;11,331;-50,000;3653;365,3;;0,0;60;12,72;22,18;;15;A27210;;;;;;;;;;;;;;;;;;;;;;;;;;;;;;;;;;;;;;;;;;;;;;;;;;;;;;;;;;;;;;;;;;;;;;;;;
786753;23.02.25 16:36:00;-100,003;227,470;-20,241;4,791;17,950;1014,041;33,141;43,290;16,965;41,350;17,420;1,336;190,322;11,322;-50,000;3653;365,3;;0,0;60;12,72;21,90;;15;A27210;;;;;;;;;;;;;;;;;;;;;;;;;;;;;;;;;;;;;;;;;;;;;;;;;;;;;;;;;;;;;;;;;;;;;;;;;
786754;23.02.25 16:37:00;-100,396;134,570;-20,307;4,953;17,813;1014,035;33,141;43,310;16,890;41,095;17,390;1,988;216,411;11,328;-50,000;3653;365,3;;0,0;60;12,71;21,55;;15;A27210;;;;;;;;;;;;;;;;;;;;;;;;;;;;;;;;;;;;;;;;;;;;;;;;;;;;;;;;;;;;;;;;;;;;;;;;;
786755;23.02.25 16:38:00;-99,940;72,359;-19,384;4,855;17,595;1013,975;33,135;42,810;16,810;40,760;17,380;2,831;212,580;11,307;-50,000;3653;365,3;;0,0;60;12,71;21,43;;15;A27210;;;;;;;;;;;;;;;;;;;;;;;;;;;;;;;;;;;;;;;;;;;;;;;;;;;;;;;;;;;;;;;;;;;;;;;;;
786756;23.02.25 16:39:00;-99,373;63,977;-18,934;4,648;17,377;1014,002;33,135;43,270;16,750;41,020;17,305;2,102;199,704;11,289;-50,000;3653;365,3;;0,0;60;12,70;21,27;;15;A27210;;;;;;;;;;;;;;;;;;;;;;;;;;;;;;;;;;;;;;;;;;;;;;;;;;;;;;;;;;;;;;;;;;;;;;;;;
786757;23.02.25 16:40:00;-98,800;62,717;-18,534;4,669;17,217;1014,062;33,135;43,400;16,685;41,270;17,225;1,761;169,386;11,295;-50,000;3653;365,3;;0,0;60;12,69;20,95;;15;A27210;;;;;;;;;;;;;;;;;;;;;;;;;;;;;;;;;;;;;;;;;;;;;;;;;;;;;;;;;;;;;;;;;;;;;;;;;
786758;23.02.25 16:41:00;-98,085;61,574;-18,486;5,015;17,083;1014,104;33,132;43,750;16,610;41,545;17,125;1,884;198,394;11,277;-50,000;3653;365,3;;0,0;60;12,69;20,91;;15;A27210;;;;;;;;;;;;;;;;;;;;;;;;;;;;;;;;;;;;;;;;;;;;;;;;;;;;;;;;;;;;;;;;;;;;;;;;;
786759;23.02.25 16:42:00;-97,895;59,786;-18,106;5,066;16,948;1014,125;33,129;43,920;16,565;41,755;17,040;1,970;210,234;11,249;-50,000;3653;365,3;;0,0;60;12,68;20,52;;15;A27210;;;;;;;;;;;;;;;;;;;;;;;;;;;;;;;;;;;;;;;;;;;;;;;;;;;;;;;;;;;;;;;;;;;;;;;;;
786760;23.02.25 16:43:00;-97,802;58,650;-17,989;5,193;16,852;1014,125;33,132;43,700;16,525;41,785;16,945;1,666;238,759;11,243;-50,000;3653;365,3;;0,0;60;12,67;20,28;;15;A27210;;;;;;;;;;;;;;;;;;;;;;;;;;;;;;;;;;;;;;;;;;;;;;;;;;;;;;;;;;;;;;;;;;;;;;;;;
786761;23.02.25 16:44:00;-97,706;57,626;-17,741;5,251;16,752;1014,137;33,123;43,720;16,485;42,005;16,880;1,813;174,504;11,246;-50,000;3653;365,3;;0,0;60;12,68;20,00;;15;A27210;;;;;;;;;;;;;;;;;;;;;;;;;;;;;;;;;;;;;;;;;;;;;;;;;;;;;;;;;;;;;;;;;;;;;;;;;
786762;23.02.25 16:45:00;-97,301;56,515;-18,002;5,089;16,653;1014,134;33,129;43,440;16,450;41,945;16,775;0,974;163,018;11,234;-50,000;3653;365,3;;0,0;60;12,67;20,00;;15;A27210;;;;;;;;;;;;;;;;;;;;;;;;;;;;;;;;;;;;;;;;;;;;;;;;;;;;;;;;;;;;;;;;;;;;;;;;;
786763;23.02.25 16:46:00;-96,229;56,767;-18,217;5,216;16,560;1014,137;33,117;43,940;16,365;42,275;16,655;0,888;278,516;11,234;-50,000;3653;365,3;;0,0;60;12,65;20,04;;15;A27210;;;;;;;;;;;;;;;;;;;;;;;;;;;;;;;;;;;;;;;;;;;;;;;;;;;;;;;;;;;;;;;;;;;;;;;;;
786764;23.02.25 16:47:00;-95,071;57,385;-17,868;5,485;16,483;1014,152;33,129;44,355;16,345;42,610;16,565;1,359;184,809;11,234;-50,000;3653;365,3;;0,0;60;12,66;19,64;;15;A27210;;;;;;;;;;;;;;;;;;;;;;;;;;;;;;;;;;;;;;;;;;;;;;;;;;;;;;;;;;;;;;;;;;;;;;;;;
786765;23.02.25 16:48:00;-94,765;58,051;-17,321;5,803;16,413;1014,131;33,117;44,470;16,315;42,895;16,520;1,757;183,336;11,234;-50,000;3653;365,3;;0,0;60;12,65;19,48;;15;A27210;;;;;;;;;;;;;;;;;;;;;;;;;;;;;;;;;;;;;;;;;;;;;;;;;;;;;;;;;;;;;;;;;;;;;;;;;
786766;23.02.25 16:49:00;-94,165;58,748;-16,935;5,994;16,342;1014,110;33,126;44,785;16,275;43,270;16,455;2,054;174,066;11,225;-50,000;3653;365,3;;0,0;60;12,65;19,25;;15;A27210;;;;;;;;;;;;;;;;;;;;;;;;;;;;;;;;;;;;;;;;;;;;;;;;;;;;;;;;;;;;;;;;;;;;;;;;;
786767;23.02.25 16:50:00;-93,299;59,430;-16,683;6,030;16,243;1014,107;33,126;44,340;16,240;43,080;16,365;1,445;207,934;11,218;-50,000;3653;365,3;;0,0;60;12,65;19,05;;15;A27210;;;;;;;;;;;;;;;;;;;;;;;;;;;;;;;;;;;;;;;;;;;;;;;;;;;;;;;;;;;;;;;;;;;;;;;;;
786768;23.02.25 16:51:00;-92,533;59,892;-16,747;6,286;16,188;1014,116;33,126;45,240;16,215;43,940;16,295;1,550;198,844;11,203;-50,000;3653;365,3;;0,0;60;12,65;18,93;;15;A27210;;;;;;;;;;;;;;;;;;;;;;;;;;;;;;;;;;;;;;;;;;;;;;;;;;;;;;;;;;;;;;;;;;;;;;;;;
786769;23.02.25 16:52:00;-92,060;60,042;-16,239;6,534;16,142;1014,110;33,123;45,605;16,175;44,250;16,230;1,171;185,411;11,179;-50,000;3653;365,3;;0,0;60;12,65;18,65;;15;A27210;;;;;;;;;;;;;;;;;;;;;;;;;;;;;;;;;;;;;;;;;;;;;;;;;;;;;;;;;;;;;;;;;;;;;;;;;
786770;23.02.25 16:53:00;-91,859;59,527;-16,171;6,709;16,095;1014,089;33,120;45,405;16,160;44,270;16,170;2,139;227,948;11,163;-50,000;3653;365,3;;0,0;60;12,64;18,49;;15;A27210;;;;;;;;;;;;;;;;;;;;;;;;;;;;;;;;;;;;;;;;;;;;;;;;;;;;;;;;;;;;;;;;;;;;;;;;;
786771;23.02.25 16:54:00;-92,041;58,330;-15,529;6,415;16,017;1014,071;33,135;45,400;16,140;44,400;16,135;2,285;188,601;11,148;-50,000;3653;365,3;;0,0;60;12,64;18,53;;15;A27210;;;;;;;;;;;;;;;;;;;;;;;;;;;;;;;;;;;;;;;;;;;;;;;;;;;;;;;;;;;;;;;;;;;;;;;;;
786772;23.02.25 16:55:00;-92,367;57,071;-15,460;6,324;15,965;1014,071;33,144;46,205;16,100;45,085;16,050;1,745;215,899;11,142;-50,000;3653;365,3;;0,0;60;12,63;18,25;;15;A27210;;;;;;;;;;;;;;;;;;;;;;;;;;;;;;;;;;;;;;;;;;;;;;;;;;;;;;;;;;;;;;;;;;;;;;;;;
786773;23.02.25 16:56:00;-92,638;55,111;-15,934;6,066;15,927;1014,053;33,144;46,600;16,085;45,725;15,995;1,556;192,431;11,145;-50,000;3653;365,3;;0,0;60;12,63;18,10;;15;A27210;;;;;;;;;;;;;;;;;;;;;;;;;;;;;;;;;;;;;;;;;;;;;;;;;;;;;;;;;;;;;;;;;;;;;;;;;
786774;23.02.25 16:57:00;-92,896;53,495;-15,794;5,941;15,860;1014,032;33,141;46,415;16,060;45,630;15,975;1,242;202,528;11,136;-50,000;3653;365,3;;0,0;60;12,63;18,17;;15;A27210;;;;;;;;;;;;;;;;;;;;;;;;;;;;;;;;;;;;;;;;;;;;;;;;;;;;;;;;;;;;;;;;;;;;;;;;;
786775;23.02.25 16:58:00;-92,708;52,258;-16,268;5,806;15,815;1014,005;33,141;47,045;16,035;45,985;15,900;1,235;198,765;11,136;-50,000;3653;365,3;;0,0;60;12,62;18,02;;15;A27210;;;;;;;;;;;;;;;;;;;;;;;;;;;;;;;;;;;;;;;;;;;;;;;;;;;;;;;;;;;;;;;;;;;;;;;;;
786776;23.02.25 16:59:00;-92,484;52,201;-15,507;5,959;15,767;1013,987;33,144;46,750;15,980;46,155;15,890;2,047;200,976;11,136;-50,000;3653;365,3;;0,0;60;12,62;17,98;;15;A27210;;;;;;;;;;;;;;;;;;;;;;;;;;;;;;;;;;;;;;;;;;;;;;;;;;;;;;;;;;;;;;;;;;;;;;;;;
786777;23.02.25 17:00:00;-92,104;52,615;-15,234;6,153;15,725;1013,987;33,138;46,600;15,965;46,075;15,840;1,596;222,204;11,136;-50,000;3653;365,3;;0,0;60;12,61;17,78;;15;A27210;;;;;;;;;;;;;;;;;;;;;;;;;;;;;;;;;;;;;;;;;;;;;;;;;;;;;;;;;;;;;;;;;;;;;;;;;
786778;23.02.25 17:01:00;-91,722;53,162;-15,624;6,351;15,690;1013,966;33,135;46,925;15,975;46,440;15,805;1,233;214,689;11,133;-50,000;3653;365,3;;0,0;60;12,62;17,58;;15;A27210;;;;;;;;;;;;;;;;;;;;;;;;;;;;;;;;;;;;;;;;;;;;;;;;;;;;;;;;;;;;;;;;;;;;;;;;;
786779;23.02.25 17:02:00;-91,548;53,755;-15,315;6,546;15,670;1013,978;33,147;46,970;15,965;46,450;15,805;1,881;208,778;11,130;-50,000;3653;365,3;;0,0;60;12,61;17,58;;15;A27210;;;;;;;;;;;;;;;;;;;;;;;;;;;;;;;;;;;;;;;;;;;;;;;;;;;;;;;;;;;;;;;;;;;;;;;;;
786780;23.02.25 17:03:00;-91,361;53,900;-15,126;6,596;15,637;1013,975;33,147;46,955;15,955;46,460;15,795;1,458;169,436;11,124;-50,000;3653;365,3;;0,0;60;12,61;17,30;;15;A27210;;;;;;;;;;;;;;;;;;;;;;;;;;;;;;;;;;;;;;;;;;;;;;;;;;;;;;;;;;;;;;;;;;;;;;;;;
786781;23.02.25 17:04:00;-91,632;52,917;-15,118;6,405;15,602;1013,969;33,135;46,925;15,925;46,460;15,760;1,670;184,652;11,127;-50,000;3653;365,3;;0,0;60;12,61;17,10;;15;A27210;;;;;;;;;;;;;;;;;;;;;;;;;;;;;;;;;;;;;;;;;;;;;;;;;;;;;;;;;;;;;;;;;;;;;;;;;
786782;23.02.25 17:05:00;-91,741;51,225;-15,504;6,088;15,565;1013,960;33,132;47,235;15,905;46,765;15,745;1,062;241,082;11,060;-50,000;3653;365,3;;0,0;60;12,60;17,18;;15;A27210;;;;;;;;;;;;;;;;;;;;;;;;;;;;;;;;;;;;;;;;;;;;;;;;;;;;;;;;;;;;;;;;;;;;;;;;;
786783;23.02.25 17:06:00;-92,158;49,540;-15,645;5,811;15,517;1013,954;33,138;47,075;15,880;46,760;15,695;1,241;226,738;11,090;-50,000;3653;365,3;;0,0;60;12,60;17,10;;15;A27210;;;;;;;;;;;;;;;;;;;;;;;;;;;;;;;;;;;;;;;;;;;;;;;;;;;;;;;;;;;;;;;;;;;;;;;;;
786784;23.02.25 17:07:00;-92,606;47,424;-16,247;5,410;15,475;1013,972;33,147;47,025;15,855;46,525;15,660;1,146;241,931;11,066;-50,000;3653;365,3;;0,0;60;12,60;16,94;;15;A27210;;;;;;;;;;;;;;;;;;;;;;;;;;;;;;;;;;;;;;;;;;;;;;;;;;;;;;;;;;;;;;;;;;;;;;;;;
786785;23.02.25 17:08:00;-92,942;45,307;-16,673;5,003;15,425;1013,981;33,147;47,620;15,830;47,050;15,660;1,512;208,806;11,045;-50,000;3653;365,3;;0,0;60;12,60;16,79;;15;A27210;;;;;;;;;;;;;;;;;;;;;;;;;;;;;;;;;;;;;;;;;;;;;;;;;;;;;;;;;;;;;;;;;;;;;;;;;
786786;23.02.25 17:09:00;-93,307;43,343;-16,704;4,614;15,385;1013,975;33,144;47,575;15,795;47,040;15,620;1,209;191,171;11,051;-50,000;3653;365,3;;0,0;60;12,60;16,83;;15;A27210;;;;;;;;;;;;;;;;;;;;;;;;;;;;;;;;;;;;;;;;;;;;;;;;;;;;;;;;;;;;;;;;;;;;;;;;;
786787;23.02.25 17:10:00;-93,580;42,163;-16,008;4,561;15,335;1013,972;33,144;47,425;15,805;47,015;15,625;1,314;146,537;11,045;-50,000;3653;365,3;;0,0;60;12,60;16,67;;15;A27210;;;;;;;;;;;;;;;;;;;;;;;;;;;;;;;;;;;;;;;;;;;;;;;;;;;;;;;;;;;;;;;;;;;;;;;;;
786788;23.02.25 17:11:00;-93,651;41,878;-16,235;4,723;15,287;1013,972;33,150;47,405;15,750;46,950;15,550;1,500;231,053;11,041;-50,000;3653;365,3;;0,0;60;12,59;16,35;;15;A27210;;;;;;;;;;;;;;;;;;;;;;;;;;;;;;;;;;;;;;;;;;;;;;;;;;;;;;;;;;;;;;;;;;;;;;;;;
786789;23.02.25 17:12:00;-93,529;41,915;-16,641;4,757;15,253;1013,969;33,144;47,890;15,710;47,515;15,545;1,254;205,667;11,038;-50,000;3653;365,3;;0,0;60;12,60;16,31;;15;A27210;;;;;;;;;;;;;;;;;;;;;;;;;;;;;;;;;;;;;;;;;;;;;;;;;;;;;;;;;;;;;;;;;;;;;;;;;
786790;23.02.25 17:13:00;-93,682;41,590;-15,868;4,753;15,217;1013,993;33,147;47,770;15,675;47,425;15,490;2,142;223,971;11,026;-50,000;3653;365,3;;0,0;60;12,59;16,43;;15;A27210;;;;;;;;;;;;;;;;;;;;;;;;;;;;;;;;;;;;;;;;;;;;;;;;;;;;;;;;;;;;;;;;;;;;;;;;;
786791;23.02.25 17:14:00;-93,657;40,815;-15,205;4,709;15,170;1014,011;33,135;48,055;15,650;47,630;15,450;2,365;196,903;11,017;-50,000;3653;365,3;;0,0;60;12,59;16,27;;15;A27210;;;;;;;;;;;;;;;;;;;;;;;;;;;;;;;;;;;;;;;;;;;;;;;;;;;;;;;;;;;;;;;;;;;;;;;;;
786792;23.02.25 17:15:00;-93,518;40,043;-15,223;4,681;15,148;1013,984;33,144;48,435;15,625;48,040;15,410;1,668;184,753;11,014;-50,000;3653;365,3;;0,0;60;12,59;16,19;;15;A27210;;;;;;;;;;;;;;;;;;;;;;;;;;;;;;;;;;;;;;;;;;;;;;;;;;;;;;;;;;;;;;;;;;;;;;;;;
786793;23.02.25 17:16:00;-93,639;39,311;-15,764;4,694;15,112;1013,918;33,138;49,065;15,600;48,655;15,350;1,418;229,556;10,993;-50,000;3653;365,3;;0,0;60;12,59;16,11;;15;A27210;;;;;;;;;;;;;;;;;;;;;;;;;;;;;;;;;;;;;;;;;;;;;;;;;;;;;;;;;;;;;;;;;;;;;;;;;
786794;23.02.25 17:17:00;-93,483;38,417;-16,400;4,575;15,095;1013,918;33,144;49,285;15,585;48,930;15,340;0,893;167,681;10,968;-50,000;3653;365,3;;0,0;60;12,59;15,87;;15;A27210;;;;;;;;;;;;;;;;;;;;;;;;;;;;;;;;;;;;;;;;;;;;;;;;;;;;;;;;;;;;;;;;;;;;;;;;;
786795;23.02.25 17:18:00;-93,550;37,693;-16,120;4,463;15,063;1013,834;33,144;49,240;15,540;48,915;15,315;1,611;227,244;10,959;-50,000;3653;365,3;;0,0;60;12,58;15,91;;15;A27210;;;;;;;;;;;;;;;;;;;;;;;;;;;;;;;;;;;;;;;;;;;;;;;;;;;;;;;;;;;;;;;;;;;;;;;;;
786796;23.02.25 17:19:00;-93,626;37,355;-15,420;4,455;15,030;1013,753;33,141;48,930;15,535;48,635;15,295;2,150;198,225;10,947;-50,000;3653;365,3;;0,0;60;12,58;15,63;;15;A27210;;;;;;;;;;;;;;;;;;;;;;;;;;;;;;;;;;;;;;;;;;;;;;;;;;;;;;;;;;;;;;;;;;;;;;;;;
786797;23.02.25 17:20:00;-93,598;36,962;-15,598;4,479;15,010;1013,858;33,144;49,440;15,515;49,035;15,295;1,704;189,135;10,944;-50,000;3653;365,3;;0,0;60;12,58;15,63;;15;A27210;;;;;;;;;;;;;;;;;;;;;;;;;;;;;;;;;;;;;;;;;;;;;;;;;;;;;;;;;;;;;;;;;;;;;;;;;
786798;23.02.25 17:21:00;-93,619;36,406;-15,639;4,451;14,985;1013,684;33,132;49,640;15,490;49,220;15,275;1,889;208,918;10,938;-50,000;3653;365,3;;0,0;60;12,57;15,79;;15;A27210;;;;;;;;;;;;;;;;;;;;;;;;;;;;;;;;;;;;;;;;;;;;;;;;;;;;;;;;;;;;;;;;;;;;;;;;;
786799;23.02.25 17:22:00;-93,590;36,100;-15,593;4,407;14,983;1013,468;33,135;48,910;15,455;48,740;15,235;1,684;204,705;10,941;-50,000;3653;365,3;;0,0;60;12,57;15,36;;15;A27210;;;;;;;;;;;;;;;;;;;;;;;;;;;;;;;;;;;;;;;;;;;;;;;;;;;;;;;;;;;;;;;;;;;;;;;;;
786800;23.02.25 17:23:00;-93,402;35,698;-16,484;4,379;14,948;1013,522;33,129;49,500;15,450;49,025;15,245;1,191;213,036;10,935;-50,000;3653;365,3;;0,0;60;12,57;15,52;;15;A27210;;;;;;;;;;;;;;;;;;;;;;;;;;;;;;;;;;;;;;;;;;;;;;;;;;;;;;;;;;;;;;;;;;;;;;;;;
786801;23.02.25 17:24:00;-93,187;35,013;-17,506;4,192;14,900;1013,630;33,132;49,820;15,445;49,395;15,245;0,868;180,675;10,923;-50,000;3653;365,3;;0,0;60;12,57;15,60;;15;A27210;;;;;;;;;;;;;;;;;;;;;;;;;;;;;;;;;;;;;;;;;;;;;;;;;;;;;;;;;;;;;;;;;;;;;;;;;
786802;23.02.25 17:25:00;-93,081;34,394;-17,938;4,021;14,872;1013,696;33,132;50,020;15,400;49,585;15,210;0,892;211,523;10,923;-50,000;3653;365,3;;0,0;60;12,57;15,36;;15;A27210;;;;;;;;;;;;;;;;;;;;;;;;;;;;;;;;;;;;;;;;;;;;;;;;;;;;;;;;;;;;;;;;;;;;;;;;;
786803;23.02.25 17:26:00;-92,897;33,724;-18,346;3,767;14,840;1013,744;33,129;50,280;15,375;49,720;15,195;0,877;199,226;10,901;-50,000;3653;365,3;;0,0;60;12,57;15,32;;15;A27210;;;;;;;;;;;;;;;;;;;;;;;;;;;;;;;;;;;;;;;;;;;;;;;;;;;;;;;;;;;;;;;;;;;;;;;;;
786804;23.02.25 17:27:00;-92,691;33,400;-17,630;3,729;14,770;1013,627;33,147;50,390;15,335;49,975;15,175;1,130;191,987;10,883;-50,000;3653;365,3;;0,0;60;12,56;15,40;;15;A27210;;;;;;;;;;;;;;;;;;;;;;;;;;;;;;;;;;;;;;;;;;;;;;;;;;;;;;;;;;;;;;;;;;;;;;;;;
786805;23.02.25 17:28:00;-92,515;33,285;-17,271;3,772;14,737;1013,504;33,141;50,620;15,320;50,140;15,160;1,631;175,950;10,880;-50,000;3653;365,3;;0,0;60;12,56;15,12;;15;A27210;;;;;;;;;;;;;;;;;;;;;;;;;;;;;;;;;;;;;;;;;;;;;;;;;;;;;;;;;;;;;;;;;;;;;;;;;
786806;23.02.25 17:29:00;-92,494;33,463;-15,555;3,981;14,703;1013,426;33,144;50,095;15,290;49,650;15,130;2,639;210,021;10,855;-50,000;3653;365,3;;0,0;60;12,56;15,08;;15;A27210;;;;;;;;;;;;;;;;;;;;;;;;;;;;;;;;;;;;;;;;;;;;;;;;;;;;;;;;;;;;;;;;;;;;;;;;;
786807;23.02.25 17:30:00;-92,369;33,680;-14,828;4,276;14,720;1013,387;33,138;50,275;15,260;49,790;15,100;2,237;212,439;10,846;-50,000;3653;365,3;;0,0;60;12,56;15,04;;15;A27210;;;;;;;;;;;;;;;;;;;;;;;;;;;;;;;;;;;;;;;;;;;;;;;;;;;;;;;;;;;;;;;;;;;;;;;;;
786808;23.02.25 17:31:00;-92,486;32,973;-14,943;4,178;14,705;1013,309;33,129;50,670;15,250;50,230;15,060;2,684;227,194;10,843;-50,000;3653;365,3;;0,0;60;12,56;14,92;;15;A27210;;;;;;;;;;;;;;;;;;;;;;;;;;;;;;;;;;;;;;;;;;;;;;;;;;;;;;;;;;;;;;;;;;;;;;;;;
786809;23.02.25 17:32:00;-92,367;32,432;-15,493;4,143;14,693;1013,270;33,138;50,925;15,245;50,545;15,030;1,802;203,113;10,843;-50,000;3653;365,3;;0,0;60;12,56;15,08;;15;A27210;;;;;;;;;;;;;;;;;;;;;;;;;;;;;;;;;;;;;;;;;;;;;;;;;;;;;;;;;;;;;;;;;;;;;;;;;
786810;23.02.25 17:33:00;-92,434;31,636;-16,148;3,922;14,685;1013,162;33,153;51,650;15,235;51,105;15,010;1,766;195,992;10,843;-50,000;3653;365,3;;0,0;60;12,56;14,64;;15;A27210;;;;;;;;;;;;;;;;;;;;;;;;;;;;;;;;;;;;;;;;;;;;;;;;;;;;;;;;;;;;;;;;;;;;;;;;;
786811;23.02.25 17:34:00;-92,459;31,425;-15,793;3,846;14,648;1013,039;33,141;51,485;15,210;51,110;14,985;1,965;203,614;10,834;-50,000;3653;365,3;;0,0;60;12,56;14,60;;15;A27210;;;;;;;;;;;;;;;;;;;;;;;;;;;;;;;;;;;;;;;;;;;;;;;;;;;;;;;;;;;;;;;;;;;;;;;;;
786812;23.02.25 17:35:00;-92,222;31,015;-17,048;3,716;14,620;1013,054;33,138;52,090;15,165;51,685;15,000;1,219;192,594;10,837;-50,000;3653;365,3;;0,0;60;12,55;14,68;;15;A27210;;;;;;;;;;;;;;;;;;;;;;;;;;;;;;;;;;;;;;;;;;;;;;;;;;;;;;;;;;;;;;;;;;;;;;;;;
786813;23.02.25 17:36:00;-92,008;30,541;-17,033;3,630;14,582;1013,120;33,144;52,265;15,130;51,980;14,940;1,107;223,628;10,822;-50,000;3653;365,3;;0,0;60;12,55;14,76;;15;A27210;;;;;;;;;;;;;;;;;;;;;;;;;;;;;;;;;;;;;;;;;;;;;;;;;;;;;;;;;;;;;;;;;;;;;;;;;
786814;23.02.25 17:37:00;-91,963;30,091;-17,088;3,531;14,525;1013,165;33,135;52,830;15,115;52,345;14,920;1,247;212,603;10,822;-50,000;3653;365,3;;0,0;60;12,55;14,60;;15;A27210;;;;;;;;;;;;;;;;;;;;;;;;;;;;;;;;;;;;;;;;;;;;;;;;;;;;;;;;;;;;;;;;;;;;;;;;;
786815;23.02.25 17:38:00;-91,880;29,813;-16,892;3,521;14,500;1013,120;33,135;53,365;15,085;52,770;14,910;1,426;174,398;10,819;-50,000;3653;365,3;;0,0;60;12,55;14,56;;15;A27210;;;;;;;;;;;;;;;;;;;;;;;;;;;;;;;;;;;;;;;;;;;;;;;;;;;;;;;;;;;;;;;;;;;;;;;;;
786816;23.02.25 17:39:00;-91,967;29,825;-15,079;3,553;14,470;1013,150;33,138;53,615;15,030;53,200;14,870;3,625;208,980;10,767;-50,000;3653;365,3;;0,0;60;12,54;14,44;;15;A27210;;;;;;;;;;;;;;;;;;;;;;;;;;;;;;;;;;;;;;;;;;;;;;;;;;;;;;;;;;;;;;;;;;;;;;;;;
786817;23.02.25 17:40:00;-91,876;29,822;-14,733;3,682;14,452;1013,195;33,135;53,820;15,020;53,430;14,840;2,324;205,414;10,761;-50,000;3653;365,3;;0,0;60;12,54;14,33;;15;A27210;;;;;;;;;;;;;;;;;;;;;;;;;;;;;;;;;;;;;;;;;;;;;;;;;;;;;;;;;;;;;;;;;;;;;;;;;
786818;23.02.25 17:41:00;-91,753;29,496;-14,875;3,723;14,427;1013,195;33,138;54,265;14,975;53,960;14,795;1,356;225,506;10,767;-50,000;3653;365,3;;0,0;60;12,55;14,33;;15;A27210;;;;;;;;;;;;;;;;;;;;;;;;;;;;;;;;;;;;;;;;;;;;;;;;;;;;;;;;;;;;;;;;;;;;;;;;;
786819;23.02.25 17:42:00;-91,639;28,815;-15,919;3,594;14,410;1013,132;33,129;54,580;14,955;54,285;14,740;1,336;199,834;10,751;-50,000;3653;365,3;;0,0;60;12,54;14,25;;15;A27210;;;;;;;;;;;;;;;;;;;;;;;;;;;;;;;;;;;;;;;;;;;;;;;;;;;;;;;;;;;;;;;;;;;;;;;;;
786820;23.02.25 17:43:00;-91,432;28,002;-16,506;3,361;14,360;1013,090;33,123;54,900;14,940;54,615;14,735;0,956;215,106;10,748;-50,000;3653;365,3;;0,0;60;12,54;14,25;;15;A27210;;;;;;;;;;;;;;;;;;;;;;;;;;;;;;;;;;;;;;;;;;;;;;;;;;;;;;;;;;;;;;;;;;;;;;;;;
786821;23.02.25 17:44:00;-91,362;27,321;-16,990;3,281;14,320;1013,135;33,129;55,220;14,900;54,925;14,700;1,168;160,273;10,745;-50,000;3653;365,3;;0,0;60;12,54;14,13;;15;A27210;;;;;;;;;;;;;;;;;;;;;;;;;;;;;;;;;;;;;;;;;;;;;;;;;;;;;;;;;;;;;;;;;;;;;;;;;
786822;23.02.25 17:45:00;-91,201;26,930;-16,639;3,162;14,270;1013,171;33,135;55,715;14,860;55,320;14,670;1,535;196,307;10,739;-50,000;3653;365,3;;0,0;60;12,54;14,01;;15;A27210;;;;;;;;;;;;;;;;;;;;;;;;;;;;;;;;;;;;;;;;;;;;;;;;;;;;;;;;;;;;;;;;;;;;;;;;;
786823;23.02.25 17:46:00;-91,184;26,977;-15,022;3,270;14,242;1013,213;33,123;55,580;14,845;55,170;14,645;2,018;198,231;10,739;-50,000;3653;365,3;;0,0;60;12,54;14,13;;15;A27210;;;;;;;;;;;;;;;;;;;;;;;;;;;;;;;;;;;;;;;;;;;;;;;;;;;;;;;;;;;;;;;;;;;;;;;;;
786824;23.02.25 17:47:00;-91,152;26,346;-14,698;3,296;14,232;1013,273;33,132;55,505;14,810;55,175;14,610;2,159;189,546;10,733;-50,000;3653;365,3;;0,0;60;12,54;14,01;;15;A27210;;;;;;;;;;;;;;;;;;;;;;;;;;;;;;;;;;;;;;;;;;;;;;;;;;;;;;;;;;;;;;;;;;;;;;;;;
786825;23.02.25 17:48:00;-90,940;25,471;-15,529;3,257;14,200;1013,297;33,126;55,815;14,780;55,445;14,565;1,332;199,125;10,733;-50,000;3653;365,3;;0,0;60;12,53;13,89;;15;A27210;;;;;;;;;;;;;;;;;;;;;;;;;;;;;;;;;;;;;;;;;;;;;;;;;;;;;;;;;;;;;;;;;;;;;;;;;
786826;23.02.25 17:49:00;-90,870;24,622;-15,379;3,084;14,155;1013,231;33,126;55,985;14,740;55,630;14,540;1,601;196,639;10,706;-50,000;3653;365,3;;0,0;60;12,53;14,05;;15;A27210;;;;;;;;;;;;;;;;;;;;;;;;;;;;;;;;;;;;;;;;;;;;;;;;;;;;;;;;;;;;;;;;;;;;;;;;;
786827;23.02.25 17:50:00;-90,799;24,160;-15,263;3,077;14,140;1013,147;33,132;56,120;14,695;55,745;14,515;1,661;183,319;10,688;-50,000;3653;365,3;;0,0;60;12,53;13,77;;15;A27210;;;;;;;;;;;;;;;;;;;;;;;;;;;;;;;;;;;;;;;;;;;;;;;;;;;;;;;;;;;;;;;;;;;;;;;;;
786828;23.02.25 17:51:00;-90,743;21,950;-15,595;2,733;14,093;1013,081;33,126;56,450;14,665;56,040;14,475;1,936;212,895;10,684;-50,000;3653;365,3;;0,0;60;12,53;13,69;;15;A27210;;;;;;;;;;;;;;;;;;;;;;;;;;;;;;;;;;;;;;;;;;;;;;;;;;;;;;;;;;;;;;;;;;;;;;;;;
786829;23.02.25 17:52:00;-90,704;20,628;-15,497;2,576;14,075;1013,084;33,126;56,245;14,650;55,960;14,490;1,270;147,842;10,666;-50,000;3653;365,3;;0,0;60;12,54;13,61;;15;A27210;;;;;;;;;;;;;;;;;;;;;;;;;;;;;;;;;;;;;;;;;;;;;;;;;;;;;;;;;;;;;;;;;;;;;;;;;
786830;23.02.25 17:53:00;-90,534;20,008;-16,947;2,433;14,022;1013,105;33,129;56,555;14,605;56,205;14,415;0,689;200,149;10,654;-50,000;3653;365,3;;0,0;60;12,52;13,61;;15;A27210;;;;;;;;;;;;;;;;;;;;;;;;;;;;;;;;;;;;;;;;;;;;;;;;;;;;;;;;;;;;;;;;;;;;;;;;;
786831;23.02.25 17:54:00;-90,392;19,042;-17,693;2,127;13,972;1013,087;33,141;56,865;14,560;56,425;14,410;1,126;187,594;10,651;-50,000;3653;365,3;;0,0;60;12,53;13,53;;15;A27210;;;;;;;;;;;;;;;;;;;;;;;;;;;;;;;;;;;;;;;;;;;;;;;;;;;;;;;;;;;;;;;;;;;;;;;;;
786832;23.02.25 17:55:00;-90,171;19,518;-16,802;2,330;13,932;1013,123;33,129;56,850;14,535;56,410;14,365;1,840;202,928;10,648;-50,000;3653;365,3;;0,0;60;12,52;13,73;;15;A27210;;;;;;;;;;;;;;;;;;;;;;;;;;;;;;;;;;;;;;;;;;;;;;;;;;;;;;;;;;;;;;;;;;;;;;;;;
786833;23.02.25 17:56:00;-90,161;20,181;-15,771;2,642;13,903;1013,120;33,132;56,850;14,490;56,405;14,335;1,219;205,026;10,645;-50,000;3653;365,3;;0,0;60;12,52;13,41;;15;A27210;;;;;;;;;;;;;;;;;;;;;;;;;;;;;;;;;;;;;;;;;;;;;;;;;;;;;;;;;;;;;;;;;;;;;;;;;
786834;23.02.25 17:57:00;-89,924;19,877;-17,909;2,655;13,867;1013,132;33,138;57,150;14,485;56,750;14,325;0,750;110,610;10,648;-50,000;3653;365,3;;0,0;60;12,53;13,33;;15;A27210;;;;;;;;;;;;;;;;;;;;;;;;;;;;;;;;;;;;;;;;;;;;;;;;;;;;;;;;;;;;;;;;;;;;;;;;;
786835;23.02.25 17:58:00;-89,792;19,661;-18,619;2,518;13,802;1013,141;33,141;57,315;14,420;56,780;14,270;0,838;223,093;10,639;-50,000;3653;365,3;;0,0;60;12,51;13,37;;15;A27210;;;;;;;;;;;;;;;;;;;;;;;;;;;;;;;;;;;;;;;;;;;;;;;;;;;;;;;;;;;;;;;;;;;;;;;;;
786836;23.02.25 17:59:00;-89,436;19,663;-18,559;2,373;13,755;1013,135;33,132;57,440;14,380;56,965;14,245;1,453;208,839;10,636;-50,000;3653;365,3;;0,0;60;12,52;13,17;;15;A27210;;;;;;;;;;;;;;;;;;;;;;;;;;;;;;;;;;;;;;;;;;;;;;;;;;;;;;;;;;;;;;;;;;;;;;;;;
786837;23.02.25 18:00:00;-89,418;19,449;-16,955;2,475;13,712;1013,114;33,123;57,685;14,320;56,985;14,215;1,034;186,362;10,633;-50,000;3653;365,3;;0,0;60;12,52;12,98;;15;A27210;;;;;;;;;;;;;;;;;;;;;;;;;;;;;;;;;;;;;;;;;;;;;;;;;;;;;;;;;;;;;;;;;;;;;;;;;
786838;23.02.25 18:01:00;-89,319;18,721;-17,040;2,433;13,682;1013,084;33,129;57,825;14,295;57,255;14,195;1,153;160,476;10,615;-50,000;3653;365,3;;0,0;60;12,53;13,13;;15;A27210;;;;;;;;;;;;;;;;;;;;;;;;;;;;;;;;;;;;;;;;;;;;;;;;;;;;;;;;;;;;;;;;;;;;;;;;;
786839;23.02.25 18:02:00;-89,185;18,483;-16,432;2,582;13,637;1013,051;33,144;57,710;14,245;57,125;14,125;1,291;269,904;10,590;-50,000;3653;365,3;;0,0;60;12,51;13,17;;15;A27210;;;;;;;;;;;;;;;;;;;;;;;;;;;;;;;;;;;;;;;;;;;;;;;;;;;;;;;;;;;;;;;;;;;;;;;;;
786840;23.02.25 18:03:00;-89,120;18,048;-16,507;2,619;13,595;1013,015;33,153;57,850;14,220;57,285;14,130;1,050;180,804;10,593;-50,000;3653;365,3;;0,0;60;12,52;13,02;;15;A27210;;;;;;;;;;;;;;;;;;;;;;;;;;;;;;;;;;;;;;;;;;;;;;;;;;;;;;;;;;;;;;;;;;;;;;;;;
786841;23.02.25 18:04:00;-89,006;17,304;-16,974;2,463;13,565;1013,018;33,156;58,110;14,185;57,470;14,105;1,253;207,799;10,581;-50,000;3653;365,3;;0,0;60;12,51;13,06;;15;A27210;;;;;;;;;;;;;;;;;;;;;;;;;;;;;;;;;;;;;;;;;;;;;;;;;;;;;;;;;;;;;;;;;;;;;;;;;
786842;23.02.25 18:05:00;-89,019;16,877;-15,924;2,390;13,535;1013,075;33,165;58,150;14,190;57,525;14,075;1,918;199,226;10,562;-50,000;3653;365,3;;0,0;60;12,52;13,06;;15;A27210;;;;;;;;;;;;;;;;;;;;;;;;;;;;;;;;;;;;;;;;;;;;;;;;;;;;;;;;;;;;;;;;;;;;;;;;;
786843;23.02.25 18:06:00;-88,999;16,757;-15,332;2,583;13,527;1013,099;33,168;57,960;14,155;57,395;14,055;1,460;193,489;10,565;-50,000;3653;365,3;;0,0;60;12,51;12,74;;15;A27210;;;;;;;;;;;;;;;;;;;;;;;;;;;;;;;;;;;;;;;;;;;;;;;;;;;;;;;;;;;;;;;;;;;;;;;;;
786844;23.02.25 18:07:00;-89,130;16,344;-14,832;2,630;13,525;1013,108;33,171;57,940;14,140;57,420;14,010;2,423;205,009;10,547;-50,000;3653;365,3;;0,0;60;12,51;12,66;;15;A27210;;;;;;;;;;;;;;;;;;;;;;;;;;;;;;;;;;;;;;;;;;;;;;;;;;;;;;;;;;;;;;;;;;;;;;;;;
786845;23.02.25 18:08:00;-89,121;16,342;-15,266;2,804;13,515;1013,084;33,162;58,305;14,090;57,650;14,025;1,155;161,876;10,550;-50,000;3653;365,3;;0,0;60;12,51;12,74;;15;A27210;;;;;;;;;;;;;;;;;;;;;;;;;;;;;;;;;;;;;;;;;;;;;;;;;;;;;;;;;;;;;;;;;;;;;;;;;
786846;23.02.25 18:09:00;-88,928;15,623;-17,219;2,515;13,480;1013,060;33,174;58,635;14,070;57,955;13,970;1,131;194,091;10,553;-50,000;3653;365,3;;0,0;60;12,51;12,74;;15;A27210;;;;;;;;;;;;;;;;;;;;;;;;;;;;;;;;;;;;;;;;;;;;;;;;;;;;;;;;;;;;;;;;;;;;;;;;;
786847;23.02.25 18:10:00;-88,713;14,912;-17,023;2,336;13,430;1013,063;33,171;58,260;14,030;57,690;13,935;0,855;245,948;10,550;-50,000;3653;365,3;;0,0;60;12,51;12,78;;15;A27210;;;;;;;;;;;;;;;;;;;;;;;;;;;;;;;;;;;;;;;;;;;;;;;;;;;;;;;;;;;;;;;;;;;;;;;;;
786848;23.02.25 18:11:00;-88,661;14,367;-16,502;2,250;13,400;1013,057;33,162;58,525;14,000;57,920;13,955;1,121;187,436;10,550;-50,000;3653;365,3;;0,0;60;12,51;12,70;;15;A27210;;;;;;;;;;;;;;;;;;;;;;;;;;;;;;;;;;;;;;;;;;;;;;;;;;;;;;;;;;;;;;;;;;;;;;;;;
786849;23.02.25 18:12:00;-88,581;13,596;-16,940;2,084;13,358;1013,042;33,150;58,650;13,985;57,915;13,925;1,207;169,037;10,541;-50,000;3653;365,3;;0,0;60;12,50;12,74;;15;A27210;;;;;;;;;;;;;;;;;;;;;;;;;;;;;;;;;;;;;;;;;;;;;;;;;;;;;;;;;;;;;;;;;;;;;;;;;
786850;23.02.25 18:13:00;-88,502;12,527;-16,884;1,854;13,317;1013,039;33,144;58,800;13,940;58,045;13,880;1,548;207,253;10,538;-50,000;3653;365,3;;0,0;60;12,50;12,66;;15;A27210;;;;;;;;;;;;;;;;;;;;;;;;;;;;;;;;;;;;;;;;;;;;;;;;;;;;;;;;;;;;;;;;;;;;;;;;;
786851;23.02.25 18:14:00;-88,478;12,101;-16,321;2,055;13,300;1013,027;33,138;58,585;13,920;57,920;13,850;1,175;187,127;10,526;-50,000;3653;365,3;;0,0;60;12,51;12,50;;15;A27210;;;;;;;;;;;;;;;;;;;;;;;;;;;;;;;;;;;;;;;;;;;;;;;;;;;;;;;;;;;;;;;;;;;;;;;;;
786852;23.02.25 18:15:00;-88,334;11,416;-18,298;1,879;13,250;1013,003;33,147;59,125;13,900;58,315;13,815;1,079;202,337;10,501;-50,000;3653;365,3;;0,0;60;12,50;12,38;;15;A27210;;;;;;;;;;;;;;;;;;;;;;;;;;;;;;;;;;;;;;;;;;;;;;;;;;;;;;;;;;;;;;;;;;;;;;;;;
786853;23.02.25 18:16:00;-88,250;11,233;-16,698;1,909;13,235;1013,012;33,147;58,690;13,845;58,155;13,800;1,608;203,411;10,492;-50,000;3653;365,3;;0,0;60;12,50;12,58;;15;A27210;;;;;;;;;;;;;;;;;;;;;;;;;;;;;;;;;;;;;;;;;;;;;;;;;;;;;;;;;;;;;;;;;;;;;;;;;
786854;23.02.25 18:17:00;-88,098;11,024;-15,747;2,014;13,197;1013,000;33,153;58,595;13,825;58,115;13,770;1,321;220,101;10,477;-50,000;3653;365,3;;0,0;60;12,50;12,42;;15;A27210;;;;;;;;;;;;;;;;;;;;;;;;;;;;;;;;;;;;;;;;;;;;;;;;;;;;;;;;;;;;;;;;;;;;;;;;;
786855;23.02.25 18:18:00;-88,172;10,644;-16,446;2,163;13,182;1012,988;33,147;58,715;13,820;58,130;13,715;1,170;206,933;10,458;-50,000;3653;365,3;;0,0;60;12,50;12,26;;15;A27210;;;;;;;;;;;;;;;;;;;;;;;;;;;;;;;;;;;;;;;;;;;;;;;;;;;;;;;;;;;;;;;;;;;;;;;;;
786856;23.02.25 18:19:00;-87,955;9,906;-18,511;1,934;13,155;1012,985;33,153;58,875;13,780;58,255;13,705;0,963;232,414;10,465;-50,000;3653;365,3;;0,0;60;12,50;12,14;;15;A27210;;;;;;;;;;;;;;;;;;;;;;;;;;;;;;;;;;;;;;;;;;;;;;;;;;;;;;;;;;;;;;;;;;;;;;;;;
786857;23.02.25 18:20:00;-87,942;9,178;-17,675;1,802;13,102;1012,988;33,144;58,970;13,735;58,345;13,690;1,332;193,551;10,467;-50,000;3653;365,3;;0,0;60;12,51;12,06;;15;A27210;;;;;;;;;;;;;;;;;;;;;;;;;;;;;;;;;;;;;;;;;;;;;;;;;;;;;;;;;;;;;;;;;;;;;;;;;
786858;23.02.25 18:21:00;-87,718;8,612;-17,919;1,776;13,075;1013,012;33,153;58,910;13,730;58,375;13,660;0,998;208,271;10,455;-50,000;3653;365,3;;0,0;60;12,50;12,22;;15;A27210;;;;;;;;;;;;;;;;;;;;;;;;;;;;;;;;;;;;;;;;;;;;;;;;;;;;;;;;;;;;;;;;;;;;;;;;;
786859;23.02.25 18:22:00;-87,780;8,106;-16,865;1,786;13,038;1013,069;33,150;58,815;13,695;58,270;13,635;1,335;227,948;10,446;-50,000;3653;365,3;;0,0;60;12,49;12,02;;15;A27210;;;;;;;;;;;;;;;;;;;;;;;;;;;;;;;;;;;;;;;;;;;;;;;;;;;;;;;;;;;;;;;;;;;;;;;;;
786860;23.02.25 18:23:00;-87,702;7,518;-17,366;1,790;13,002;1013,045;33,150;59,145;13,675;58,440;13,615;1,259;207,270;10,449;-50,000;3653;365,3;;0,0;60;12,49;12,18;;15;A27210;;;;;;;;;;;;;;;;;;;;;;;;;;;;;;;;;;;;;;;;;;;;;;;;;;;;;;;;;;;;;;;;;;;;;;;;;
786861;23.02.25 18:24:00;-87,673;7,174;-17,647;1,701;12,975;1013,042;33,150;59,175;13,635;58,565;13,585;1,085;219,156;10,443;-50,000;3653;365,3;;0,0;60;12,49;11,98;;15;A27210;;;;;;;;;;;;;;;;;;;;;;;;;;;;;;;;;;;;;;;;;;;;;;;;;;;;;;;;;;;;;;;;;;;;;;;;;
786862;23.02.25 18:25:00;-87,511;6,752;-16,643;1,545;12,932;1013,036;33,150;59,090;13,615;58,475;13,545;1,513;241,476;10,449;-50,000;3653;365,3;;0,0;60;12,48;12,18;;15;A27210;;;;;;;;;;;;;;;;;;;;;;;;;;;;;;;;;;;;;;;;;;;;;;;;;;;;;;;;;;;;;;;;;;;;;;;;;
786863;23.02.25 18:26:00;-87,453;7,004;-16,454;1,912;12,927;1013,294;33,153;59,035;13,590;58,440;13,530;1,005;208,249;10,431;-50,000;3653;365,3;;0,0;60;12,50;11,83;;15;A27210;;;;;;;;;;;;;;;;;;;;;;;;;;;;;;;;;;;;;;;;;;;;;;;;;;;;;;;;;;;;;;;;;;;;;;;;;
786864;23.02.25 18:27:00;-87,300;6,483;-17,472;1,748;12,875;1013,408;33,147;59,170;13,550;58,605;13,515;1,171;213,677;10,413;-50,000;3653;365,3;;0,0;60;12,49;11,87;;15;A27210;;;;;;;;;;;;;;;;;;;;;;;;;;;;;;;;;;;;;;;;;;;;;;;;;;;;;;;;;;;;;;;;;;;;;;;;;
786865;23.02.25 18:28:00;-87,195;6,361;-17,365;1,858;12,852;1013,456;33,144;59,135;13,505;58,505;13,470;0,746;236,323;10,437;-50,000;3653;365,3;;0,0;60;12,49;12,06;;15;A27210;;;;;;;;;;;;;;;;;;;;;;;;;;;;;;;;;;;;;;;;;;;;;;;;;;;;;;;;;;;;;;;;;;;;;;;;;
786866;23.02.25 18:29:00;-87,150;5,920;-17,429;1,764;12,812;1013,480;33,144;58,950;13,495;58,410;13,435;1,475;203,220;10,391;-50,000;3653;365,3;;0,0;60;12,49;11,79;;15;A27210;;;;;;;;;;;;;;;;;;;;;;;;;;;;;;;;;;;;;;;;;;;;;;;;;;;;;;;;;;;;;;;;;;;;;;;;;
786867;23.02.25 18:30:00;-87,014;5,797;-16,886;1,853;12,805;1013,492;33,141;59,045;13,485;58,610;13,425;1,096;218,301;10,391;-50,000;3653;365,3;;0,0;60;12,49;11,75;;15;A27210;;;;;;;;;;;;;;;;;;;;;;;;;;;;;;;;;;;;;;;;;;;;;;;;;;;;;;;;;;;;;;;;;;;;;;;;;
786868;23.02.25 18:31:00;-86,968;5,437;-17,250;1,816;12,773;1013,483;33,138;59,050;13,440;58,535;13,400;1,124;233,055;10,367;-50,000;3653;365,3;;0,0;60;12,49;11,71;;15;A27210;;;;;;;;;;;;;;;;;;;;;;;;;;;;;;;;;;;;;;;;;;;;;;;;;;;;;;;;;;;;;;;;;;;;;;;;;
786869;23.02.25 18:32:00;-86,906;5,084;-16,888;1,818;12,740;1013,483;33,138;59,080;13,415;58,515;13,365;1,106;225,579;10,361;-50,000;3653;365,3;;0,0;60;12,49;11,71;;15;A27210;;;;;;;;;;;;;;;;;;;;;;;;;;;;;;;;;;;;;;;;;;;;;;;;;;;;;;;;;;;;;;;;;;;;;;;;;
786870;23.02.25 18:33:00;-86,880;4,493;-17,898;1,671;12,702;1013,498;33,147;59,470;13,410;58,715;13,370;1,328;202,253;10,364;-50,000;3653;365,3;;0,0;60;12,48;11,75;;15;A27210;;;;;;;;;;;;;;;;;;;;;;;;;;;;;;;;;;;;;;;;;;;;;;;;;;;;;;;;;;;;;;;;;;;;;;;;;
786871;23.02.25 18:34:00;-87,023;4,282;-16,101;1,789;12,697;1013,444;33,153;59,055;13,365;58,380;13,325;1,659;205,836;10,358;-50,000;3653;365,3;;0,0;60;12,48;11,83;;15;A27210;;;;;;;;;;;;;;;;;;;;;;;;;;;;;;;;;;;;;;;;;;;;;;;;;;;;;;;;;;;;;;;;;;;;;;;;;
786872;23.02.25 18:35:00;-87,032;3,940;-16,203;1,781;12,685;1013,291;33,183;59,170;13,330;58,550;13,315;1,860;193,686;10,355;-50,000;3653;365,3;;0,0;60;12,48;11,67;;15;A27210;;;;;;;;;;;;;;;;;;;;;;;;;;;;;;;;;;;;;;;;;;;;;;;;;;;;;;;;;;;;;;;;;;;;;;;;;
786873;23.02.25 18:36:00;-87,037;3,685;-16,378;1,884;12,673;1013,264;33,189;59,300;13,335;58,635;13,270;1,198;210,173;10,352;-50,000;3653;365,3;;0,0;60;12,48;11,55;;15;A27210;;;;;;;;;;;;;;;;;;;;;;;;;;;;;;;;;;;;;;;;;;;;;;;;;;;;;;;;;;;;;;;;;;;;;;;;;
786874;23.02.25 18:37:00;-86,965;2,907;-17,612;1,634;12,642;1013,294;33,198;59,290;13,310;58,755;13,265;0,905;211,950;10,355;-50,000;3653;365,3;;0,0;60;12,48;11,39;;15;A27210;;;;;;;;;;;;;;;;;;;;;;;;;;;;;;;;;;;;;;;;;;;;;;;;;;;;;;;;;;;;;;;;;;;;;;;;;
786875;23.02.25 18:38:00;-86,861;2,315;-17,976;1,400;12,600;1013,342;33,204;59,360;13,270;58,705;13,205;1,280;201,122;10,343;-50,000;3653;365,3;;0,0;60;12,49;11,31;;15;A27210;;;;;;;;;;;;;;;;;;;;;;;;;;;;;;;;;;;;;;;;;;;;;;;;;;;;;;;;;;;;;;;;;;;;;;;;;
786876;23.02.25 18:39:00;-86,654;1,728;-17,846;1,320;12,560;1013,393;33,201;59,405;13,230;58,790;13,190;1,186;236,706;10,346;-50,000;3653;365,3;;0,0;60;12,48;11,23;;15;A27210;;;;;;;;;;;;;;;;;;;;;;;;;;;;;;;;;;;;;;;;;;;;;;;;;;;;;;;;;;;;;;;;;;;;;;;;;
786877;23.02.25 18:40:00;-86,564;0,818;-19,394;1,145;12,517;1013,414;33,201;59,635;13,190;59,000;13,160;0,664;251,168;10,318;-50,000;3653;365,3;;0,0;60;12,48;11,31;;15;A27210;;;;;;;;;;;;;;;;;;;;;;;;;;;;;;;;;;;;;;;;;;;;;;;;;;;;;;;;;;;;;;;;;;;;;;;;;
786878;23.02.25 18:41:00;-86,261;-0,488;-20,568;0,698;12,448;1013,372;33,195;59,805;13,150;59,050;13,130;0,593;238,247;10,300;-50,000;3653;365,3;;0,0;60;12,48;11,19;;15;A27210;;;;;;;;;;;;;;;;;;;;;;;;;;;;;;;;;;;;;;;;;;;;;;;;;;;;;;;;;;;;;;;;;;;;;;;;;
786879;23.02.25 18:42:00;-86,025;-1,278;-21,089;0,490;12,378;1013,315;33,147;59,850;13,075;59,100;13,080;0,826;301,658;10,272;-50,000;3653;365,3;;0,0;60;12,47;11,39;;15;A27210;;;;;;;;;;;;;;;;;;;;;;;;;;;;;;;;;;;;;;;;;;;;;;;;;;;;;;;;;;;;;;;;;;;;;;;;;
786880;23.02.25 18:43:00;-85,806;-1,505;-18,662;0,524;12,330;1013,471;33,138;59,905;13,055;59,240;13,060;1,024;225,242;10,272;-50,000;3653;365,3;;0,0;60;12,47;11,39;;15;A27210;;;;;;;;;;;;;;;;;;;;;;;;;;;;;;;;;;;;;;;;;;;;;;;;;;;;;;;;;;;;;;;;;;;;;;;;;
786881;23.02.25 18:44:00;-85,691;-1,735;-20,153;0,594;12,285;1013,612;33,138;60,075;13,035;59,285;13,030;0,588;208,131;10,275;-50,000;3653;365,3;;0,0;60;12,48;11,23;;15;A27210;;;;;;;;;;;;;;;;;;;;;;;;;;;;;;;;;;;;;;;;;;;;;;;;;;;;;;;;;;;;;;;;;;;;;;;;;
786882;23.02.25 18:45:00;-85,417;-1,935;-21,088;0,310;12,225;1013,687;33,135;60,285;13,000;59,335;13,010;0,482;73,873;10,263;-50,000;3653;365,3;;0,0;60;12,48;11,27;;15;A27210;;;;;;;;;;;;;;;;;;;;;;;;;;;;;;;;;;;;;;;;;;;;;;;;;;;;;;;;;;;;;;;;;;;;;;;;;
786883;23.02.25 18:46:00;-85,273;-1,935;-22,542;0,170;12,132;1013,780;33,135;60,385;12,920;59,385;12,950;0,544;195,098;10,257;-50,000;3653;365,3;;0,0;60;12,47;10,95;;15;A27210;;;;;;;;;;;;;;;;;;;;;;;;;;;;;;;;;;;;;;;;;;;;;;;;;;;;;;;;;;;;;;;;;;;;;;;;;
786884;23.02.25 18:47:00;-85,086;-1,935;-21,876;0,183;12,075;1013,825;33,141;60,665;12,865;59,525;12,920;0,620;203,979;10,254;-50,000;3653;365,3;;0,0;60;12,47;11,03;;15;A27210;;;;;;;;;;;;;;;;;;;;;;;;;;;;;;;;;;;;;;;;;;;;;;;;;;;;;;;;;;;;;;;;;;;;;;;;;
786885;23.02.25 18:48:00;-84,786;-1,935;-23,074;0,013;12,012;1013,855;33,135;61,015;12,825;59,800;12,855;0,513;134,370;10,260;-50,000;3653;365,3;;0,0;60;12,48;10,99;;15;A27210;;;;;;;;;;;;;;;;;;;;;;;;;;;;;;;;;;;;;;;;;;;;;;;;;;;;;;;;;;;;;;;;;;;;;;;;;
786886;23.02.25 18:49:00;-84,647;-1,935;-23,669;-0,173;11,927;1013,876;33,135;61,230;12,745;59,845;12,825;0,486;146,599;10,248;-50,000;3653;365,3;;0,0;60;12,48;11,07;;15;A27210;;;;;;;;;;;;;;;;;;;;;;;;;;;;;;;;;;;;;;;;;;;;;;;;;;;;;;;;;;;;;;;;;;;;;;;;;
786887;23.02.25 18:50:00;-84,449;-1,935;-24,203;-0,257;11,847;1013,906;33,150;61,545;12,680;60,050;12,765;0,507;153,236;10,248;-50,000;3653;365,3;;0,0;60;12,48;10,83;;15;A27210;;;;;;;;;;;;;;;;;;;;;;;;;;;;;;;;;;;;;;;;;;;;;;;;;;;;;;;;;;;;;;;;;;;;;;;;;
786888;23.02.25 18:51:00;-84,010;-1,935;-24,223;-0,257;11,753;1013,870;33,147;61,960;12,610;60,380;12,720;0,452;76,950;10,220;-50,000;3653;365,3;;0,0;60;12,48;10,60;;15;A27210;;;;;;;;;;;;;;;;;;;;;;;;;;;;;;;;;;;;;;;;;;;;;;;;;;;;;;;;;;;;;;;;;;;;;;;;;
786889;23.02.25 18:52:00;-83,824;-1,935;-24,367;-0,257;11,682;1013,750;33,141;62,190;12,530;60,460;12,635;0,443;58,163;10,221;-50,000;3653;365,3;;0,0;60;12,48;10,63;;15;A27210;;;;;;;;;;;;;;;;;;;;;;;;;;;;;;;;;;;;;;;;;;;;;;;;;;;;;;;;;;;;;;;;;;;;;;;;;
786890;23.02.25 18:53:00;-83,448;-1,935;-24,590;-0,257;11,582;1013,702;33,147;62,645;12,460;60,700;12,590;0,458;65,053;10,199;-50,000;3653;365,3;;0,0;60;12,48;10,67;;15;A27210;;;;;;;;;;;;;;;;;;;;;;;;;;;;;;;;;;;;;;;;;;;;;;;;;;;;;;;;;;;;;;;;;;;;;;;;;
786891;23.02.25 18:54:00;-83,378;-1,935;-24,615;-0,257;11,490;1013,708;33,156;62,735;12,320;60,835;12,495;0,444;170,471;10,190;-50,000;3653;365,3;;0,0;60;12,48;10,56;;15;A27210;;;;;;;;;;;;;;;;;;;;;;;;;;;;;;;;;;;;;;;;;;;;;;;;;;;;;;;;;;;;;;;;;;;;;;;;;
786892;23.02.25 18:55:00;-82,979;-1,935;-24,490;-0,257;11,392;1013,720;33,153;63,315;12,250;61,150;12,430;0,449;130,590;10,181;-50,000;3653;365,3;;0,0;60;12,47;10,63;;15;A27210;;;;;;;;;;;;;;;;;;;;;;;;;;;;;;;;;;;;;;;;;;;;;;;;;;;;;;;;;;;;;;;;;;;;;;;;;
786893;23.02.25 18:56:00;-82,752;-1,935;-24,535;-0,257;11,300;1013,753;33,150;63,565;12,145;61,305;12,330;0,445;123,531;10,175;-50,000;3653;365,3;;0,0;60;12,48;10,36;;15;A27210;;;;;;;;;;;;;;;;;;;;;;;;;;;;;;;;;;;;;;;;;;;;;;;;;;;;;;;;;;;;;;;;;;;;;;;;;
786894;23.02.25 18:57:00;-82,176;-1,935;-24,348;-0,257;11,177;1013,789;33,147;63,885;12,040;61,370;12,275;0,439;116,387;10,162;-50,000;3653;365,3;;0,0;60;12,47;10,20;;15;A27210;;;;;;;;;;;;;;;;;;;;;;;;;;;;;;;;;;;;;;;;;;;;;;;;;;;;;;;;;;;;;;;;;;;;;;;;;
786895;23.02.25 18:58:00;-81,515;-1,935;-24,304;-0,257;11,085;1013,858;33,159;63,775;11,965;61,435;12,205;0,444;48,431;10,159;-50,000;3653;365,3;;0,0;60;12,48;10,40;;15;A27210;;;;;;;;;;;;;;;;;;;;;;;;;;;;;;;;;;;;;;;;;;;;;;;;;;;;;;;;;;;;;;;;;;;;;;;;;
786896;23.02.25 18:59:00;-81,475;-1,935;-24,152;-0,257;10,995;1013,876;33,156;65,010;11,830;61,845;12,090;0,443;181,238;10,162;-50,000;3653;365,3;;0,0;60;12,46;10,40;;15;A27210;;;;;;;;;;;;;;;;;;;;;;;;;;;;;;;;;;;;;;;;;;;;;;;;;;;;;;;;;;;;;;;;;;;;;;;;;
786897;23.02.25 19:00:00;-80,877;-1,935;-23,685;-0,257;10,910;1013,870;33,159;65,775;11,725;62,730;12,000;0,506;254,942;10,159;-50,000;3653;365,3;;0,0;60;12,46;10,08;;15;A27210;;;;;;;;;;;;;;;;;;;;;;;;;;;;;;;;;;;;;;;;;;;;;;;;;;;;;;;;;;;;;;;;;;;;;;;;;
786898;23.02.25 19:01:00;-80,469;-1,935;-23,621;-0,257;10,820;1013,897;33,156;65,225;11,615;62,875;11,905;0,715;289,637;10,150;-50,000;3653;365,3;;0,0;60;12,46;10,28;;15;A27210;;;;;;;;;;;;;;;;;;;;;;;;;;;;;;;;;;;;;;;;;;;;;;;;;;;;;;;;;;;;;;;;;;;;;;;;;
786899;23.02.25 19:02:00;-80,212;-1,935;-23,393;-0,257;10,775;1013,930;33,159;65,370;11,550;62,980;11,810;0,677;277,470;10,150;-50,000;3653;365,3;;0,0;60;12,46;10,08;;15;A27210;;;;;;;;;;;;;;;;;;;;;;;;;;;;;;;;;;;;;;;;;;;;;;;;;;;;;;;;;;;;;;;;;;;;;;;;;
786900;23.02.25 19:03:00;-80,174;-1,935;-23,706;-0,190;10,727;1013,924;33,159;65,445;11,480;63,170;11,725;0,445;289,575;10,120;-50,000;3653;365,3;;0,0;60;12,46;9,96;;15;A27210;;;;;;;;;;;;;;;;;;;;;;;;;;;;;;;;;;;;;;;;;;;;;;;;;;;;;;;;;;;;;;;;;;;;;;;;;
786901;23.02.25 19:04:00;-79,870;-1,935;-23,498;-0,257;10,655;1013,969;33,156;65,895;11,430;63,430;11,680;0,443;159,885;10,111;-50,000;3653;365,3;;0,0;60;12,47;10,00;;15;A27210;;;;;;;;;;;;;;;;;;;;;;;;;;;;;;;;;;;;;;;;;;;;;;;;;;;;;;;;;;;;;;;;;;;;;;;;;
786902;23.02.25 19:05:00;-79,491;-1,935;-23,293;-0,257;10,557;1013,999;33,168;67,265;11,360;63,715;11,625;0,476;136,086;10,086;-50,000;3653;365,3;;0,0;60;12,47;9,92;;15;A27210;;;;;;;;;;;;;;;;;;;;;;;;;;;;;;;;;;;;;;;;;;;;;;;;;;;;;;;;;;;;;;;;;;;;;;;;;
786903;23.02.25 19:06:00;-79,559;-1,935;-23,034;-0,257;10,475;1014,023;33,168;68,230;11,250;64,795;11,550;0,449;125,994;10,071;-50,000;3653;365,3;;0,0;60;12,47;9,68;;15;A27210;;;;;;;;;;;;;;;;;;;;;;;;;;;;;;;;;;;;;;;;;;;;;;;;;;;;;;;;;;;;;;;;;;;;;;;;;
786904;23.02.25 19:07:00;-79,228;-1,935;-22,639;-0,257;10,405;1014,041;33,165;68,610;11,135;65,270;11,490;0,497;196,538;10,068;-50,000;3653;365,3;;0,0;60;12,46;9,84;;15;A27210;;;;;;;;;;;;;;;;;;;;;;;;;;;;;;;;;;;;;;;;;;;;;;;;;;;;;;;;;;;;;;;;;;;;;;;;;
786905;23.02.25 19:08:00;-78,826;-1,935;-22,054;-0,257;10,325;1014,071;33,174;67,830;11,065;65,270;11,425;0,488;165,746;10,068;-50,000;3653;365,3;;0,0;60;12,46;9,48;;15;A27210;;;;;;;;;;;;;;;;;;;;;;;;;;;;;;;;;;;;;;;;;;;;;;;;;;;;;;;;;;;;;;;;;;;;;;;;;
786906;23.02.25 19:09:00;-78,913;-1,935;-21,922;-0,257;10,238;1014,089;33,165;68,125;10,975;65,160;11,330;0,469;217,333;10,056;-50,000;3653;365,3;;0,0;60;12,46;9,44;;15;A27210;;;;;;;;;;;;;;;;;;;;;;;;;;;;;;;;;;;;;;;;;;;;;;;;;;;;;;;;;;;;;;;;;;;;;;;;;
786907;23.02.25 19:10:00;-78,731;-1,935;-22,114;-0,257;10,132;1014,074;33,168;68,270;10,880;65,260;11,285;0,459;195,424;10,053;-50,000;3653;365,3;;0,0;60;12,46;9,76;;15;A27210;;;;;;;;;;;;;;;;;;;;;;;;;;;;;;;;;;;;;;;;;;;;;;;;;;;;;;;;;;;;;;;;;;;;;;;;;
786908;23.02.25 19:11:00;-78,132;-1,935;-21,679;-0,257;10,047;1014,074;33,165;68,080;10,790;65,230;11,185;0,472;206,196;10,062;-50,000;3653;365,3;;0,0;60;12,46;9,68;;15;A27210;;;;;;;;;;;;;;;;;;;;;;;;;;;;;;;;;;;;;;;;;;;;;;;;;;;;;;;;;;;;;;;;;;;;;;;;;
786909;23.02.25 19:12:00;-77,879;-1,935;-21,462;-0,257;9,960;1014,077;33,159;68,195;10,710;65,160;11,095;0,511;179,893;10,053;-50,000;3653;365,3;;0,0;60;12,46;9,40;;15;A27210;;;;;;;;;;;;;;;;;;;;;;;;;;;;;;;;;;;;;;;;;;;;;;;;;;;;;;;;;;;;;;;;;;;;;;;;;
786910;23.02.25 19:13:00;-77,675;-1,935;-21,357;-0,257;9,887;1014,068;33,177;68,755;10,650;65,405;11,035;0,524;123,413;10,034;-50,000;3653;365,3;;0,0;60;12,47;9,52;;15;A27210;;;;;;;;;;;;;;;;;;;;;;;;;;;;;;;;;;;;;;;;;;;;;;;;;;;;;;;;;;;;;;;;;;;;;;;;;
786911;23.02.25 19:14:00;-77,518;-1,935;-20,315;-0,257;9,800;1014,089;33,177;68,085;10,575;65,550;10,920;0,653;109,041;10,010;-50,000;3653;365,3;;0,0;60;12,46;9,40;;15;A27210;;;;;;;;;;;;;;;;;;;;;;;;;;;;;;;;;;;;;;;;;;;;;;;;;;;;;;;;;;;;;;;;;;;;;;;;;
786912;23.02.25 19:15:00;-77,132;-1,935;-20,112;-0,257;9,710;1014,095;33,162;68,220;10,480;65,365;10,835;0,450;127,963;9,992;-50,000;3653;365,3;;0,0;60;12,46;9,25;;15;A27210;;;;;;;;;;;;;;;;;;;;;;;;;;;;;;;;;;;;;;;;;;;;;;;;;;;;;;;;;;;;;;;;;;;;;;;;;
786913;23.02.25 19:16:00;-76,439;-1,935;-19,387;-0,257;9,625;1014,107;33,174;68,540;10,370;65,510;10,715;0,445;104,501;9,973;-50,000;3653;365,3;;0,0;60;12,46;9,44;;15;A27210;;;;;;;;;;;;;;;;;;;;;;;;;;;;;;;;;;;;;;;;;;;;;;;;;;;;;;;;;;;;;;;;;;;;;;;;;
786914;23.02.25 19:17:00;-75,903;-1,935;-19,732;-0,257;9,545;1014,125;33,165;69,010;10,300;65,865;10,650;0,449;67,551;9,967;-50,000;3653;365,3;;0,0;60;12,47;9,21;;15;A27210;;;;;;;;;;;;;;;;;;;;;;;;;;;;;;;;;;;;;;;;;;;;;;;;;;;;;;;;;;;;;;;;;;;;;;;;;
786915;23.02.25 19:18:00;-75,543;-1,935;-20,400;-0,257;9,460;1014,146;33,174;69,735;10,220;66,285;10,535;0,445;59,524;9,970;-50,000;3653;365,3;;0,0;60;12,47;8,89;;15;A27210;;;;;;;;;;;;;;;;;;;;;;;;;;;;;;;;;;;;;;;;;;;;;;;;;;;;;;;;;;;;;;;;;;;;;;;;;
786916;23.02.25 19:19:00;-75,131;-1,935;-20,092;-0,257;9,382;1014,164;33,165;70,385;10,105;66,610;10,415;0,443;208,569;9,970;-50,000;3653;365,3;;0,0;60;12,46;8,93;;15;A27210;;;;;;;;;;;;;;;;;;;;;;;;;;;;;;;;;;;;;;;;;;;;;;;;;;;;;;;;;;;;;;;;;;;;;;;;;
786917;23.02.25 19:20:00;-74,696;-1,935;-20,212;-0,257;9,292;1014,131;33,168;70,865;10,050;67,300;10,325;0,482;183,808;9,961;-50,000;3653;365,3;;0,0;60;12,46;8,73;;15;A27210;;;;;;;;;;;;;;;;;;;;;;;;;;;;;;;;;;;;;;;;;;;;;;;;;;;;;;;;;;;;;;;;;;;;;;;;;
786918;23.02.25 19:21:00;-74,513;-1,935;-20,135;-0,257;9,227;1014,107;33,168;71,030;10,005;67,870;10,300;0,444;10,744;9,949;-50,000;3653;365,3;;0,0;60;12,47;8,73;;15;A27210;;;;;;;;;;;;;;;;;;;;;;;;;;;;;;;;;;;;;;;;;;;;;;;;;;;;;;;;;;;;;;;;;;;;;;;;;
786919;23.02.25 19:22:00;-74,236;-1,935;-19,721;-0,257;9,135;1014,116;33,171;71,275;9,890;68,060;10,175;0,443;95,046;9,955;-50,000;3653;365,3;;0,0;60;12,46;8,85;;15;A27210;;;;;;;;;;;;;;;;;;;;;;;;;;;;;;;;;;;;;;;;;;;;;;;;;;;;;;;;;;;;;;;;;;;;;;;;;
786920;23.02.25 19:23:00;-73,828;-1,935;-19,302;-0,257;9,057;1014,044;33,168;72,185;9,850;68,490;10,085;0,446;96,581;9,933;-50,000;3653;365,3;;0,0;60;12,46;8,73;;15;A27210;;;;;;;;;;;;;;;;;;;;;;;;;;;;;;;;;;;;;;;;;;;;;;;;;;;;;;;;;;;;;;;;;;;;;;;;;
786921;23.02.25 19:24:00;-73,671;-1,935;-19,120;-0,257;8,987;1014,002;33,180;72,660;9,790;69,335;10,045;0,455;75,707;9,897;-50,000;3653;365,3;;0,0;60;12,47;8,61;;15;A27210;;;;;;;;;;;;;;;;;;;;;;;;;;;;;;;;;;;;;;;;;;;;;;;;;;;;;;;;;;;;;;;;;;;;;;;;;
786922;23.02.25 19:25:00;-73,139;-1,935;-19,357;-0,257;8,900;1014,017;33,171;72,610;9,720;69,740;9,965;0,444;32,996;9,885;-50,000;3653;365,3;;0,0;60;12,46;8,57;;15;A27210;;;;;;;;;;;;;;;;;;;;;;;;;;;;;;;;;;;;;;;;;;;;;;;;;;;;;;;;;;;;;;;;;;;;;;;;;
786923;23.02.25 19:26:00;-72,973;-1,935;-19,264;-0,257;8,832;1014,038;33,174;73,110;9,630;70,065;9,880;0,441;61,251;9,879;-50,000;3653;365,3;;0,0;60;12,46;8,57;;15;A27210;;;;;;;;;;;;;;;;;;;;;;;;;;;;;;;;;;;;;;;;;;;;;;;;;;;;;;;;;;;;;;;;;;;;;;;;;
786924;23.02.25 19:27:00;-72,688;-1,935;-18,818;-0,257;8,747;1014,053;33,174;73,485;9,550;70,330;9,810;0,444;118,463;9,869;-50,000;3653;365,3;;0,0;60;12,46;8,57;;15;A27210;;;;;;;;;;;;;;;;;;;;;;;;;;;;;;;;;;;;;;;;;;;;;;;;;;;;;;;;;;;;;;;;;;;;;;;;;
786925;23.02.25 19:28:00;-72,223;-1,935;-18,431;-0,257;8,682;1014,050;33,168;73,760;9,485;70,540;9,730;0,445;126,354;9,854;-50,000;3653;365,3;;0,0;60;12,45;8,77;;15;A27210;;;;;;;;;;;;;;;;;;;;;;;;;;;;;;;;;;;;;;;;;;;;;;;;;;;;;;;;;;;;;;;;;;;;;;;;;
786926;23.02.25 19:29:00;-71,721;-1,935;-18,284;-0,257;8,595;1014,065;33,177;73,920;9,420;70,870;9,655;0,442;79,127;9,860;-50,000;3653;365,3;;0,0;60;12,46;8,41;;15;A27210;;;;;;;;;;;;;;;;;;;;;;;;;;;;;;;;;;;;;;;;;;;;;;;;;;;;;;;;;;;;;;;;;;;;;;;;;
786927;23.02.25 19:30:00;-71,395;-1,935;-18,045;-0,257;8,533;1014,068;33,171;74,115;9,380;70,915;9,590;0,444;68,473;9,866;-50,000;3653;365,3;;0,0;60;12,46;8,29;;15;A27210;;;;;;;;;;;;;;;;;;;;;;;;;;;;;;;;;;;;;;;;;;;;;;;;;;;;;;;;;;;;;;;;;;;;;;;;;
786928;23.02.25 19:31:00;-71,236;-1,935;-18,053;-0,257;8,462;1014,062;33,165;74,470;9,285;70,950;9,525;0,441;93,201;9,848;-50,000;3653;365,3;;0,0;60;12,46;8,29;;15;A27210;;;;;;;;;;;;;;;;;;;;;;;;;;;;;;;;;;;;;;;;;;;;;;;;;;;;;;;;;;;;;;;;;;;;;;;;;
786929;23.02.25 19:32:00;-71,312;-1,935;-17,593;-0,257;8,398;1014,101;33,159;74,670;9,215;71,105;9,465;0,475;126,973;9,824;-50,000;3653;365,3;;0,0;60;12,46;8,02;;15;A27210;;;;;;;;;;;;;;;;;;;;;;;;;;;;;;;;;;;;;;;;;;;;;;;;;;;;;;;;;;;;;;;;;;;;;;;;;
786930;23.02.25 19:33:00;-70,976;-1,935;-16,993;-0,257;8,337;1014,104;33,159;74,275;9,170;71,275;9,385;0,468;111,611;9,763;-50,000;3653;365,3;;0,0;60;12,46;8,02;;15;A27210;;;;;;;;;;;;;;;;;;;;;;;;;;;;;;;;;;;;;;;;;;;;;;;;;;;;;;;;;;;;;;;;;;;;;;;;;
786931;23.02.25 19:34:00;-70,893;-1,935;-16,615;-0,257;8,273;1014,068;33,156;74,135;9,115;71,340;9,325;0,530;132,936;9,696;-50,000;3653;365,3;;0,0;60;12,46;7,54;;15;A27210;;;;;;;;;;;;;;;;;;;;;;;;;;;;;;;;;;;;;;;;;;;;;;;;;;;;;;;;;;;;;;;;;;;;;;;;;
786932;23.02.25 19:35:00;-70,625;-1,935;-16,780;-0,257;8,227;1014,086;33,156;74,030;9,070;71,415;9,260;0,454;160,043;9,690;-50,000;3653;365,3;;0,0;60;12,45;7,66;;15;A27210;;;;;;;;;;;;;;;;;;;;;;;;;;;;;;;;;;;;;;;;;;;;;;;;;;;;;;;;;;;;;;;;;;;;;;;;;
786933;23.02.25 19:36:00;-70,570;-1,935;-16,671;-0,257;8,167;1014,095;33,159;74,165;9,020;71,590;9,195;0,465;172,029;9,671;-50,000;3653;365,3;;0,0;60;12,46;7,78;;15;A27210;;;;;;;;;;;;;;;;;;;;;;;;;;;;;;;;;;;;;;;;;;;;;;;;;;;;;;;;;;;;;;;;;;;;;;;;;
786934;23.02.25 19:37:00;-70,402;-1,935;-15,920;-0,257;8,095;1014,098;33,156;74,135;8,955;71,785;9,145;0,773;116,764;9,671;-50,000;3653;365,3;;0,0;60;12,46;7,58;;15;A27210;;;;;;;;;;;;;;;;;;;;;;;;;;;;;;;;;;;;;;;;;;;;;;;;;;;;;;;;;;;;;;;;;;;;;;;;;
786935;23.02.25 19:38:00;-70,100;-1,935;-15,517;-0,257;8,025;1014,044;33,153;73,060;8,885;71,505;9,100;0,611;97,431;9,668;-50,000;3653;365,3;;0,0;60;12,46;7,58;;15;A27210;;;;;;;;;;;;;;;;;;;;;;;;;;;;;;;;;;;;;;;;;;;;;;;;;;;;;;;;;;;;;;;;;;;;;;;;;
786936;23.02.25 19:39:00;-69,633;-1,935;-15,569;-0,257;7,938;1013,975;33,159;72,885;8,835;71,200;9,010;0,445;75,555;9,662;-50,000;3653;365,3;;0,0;60;12,46;7,50;;15;A27210;;;;;;;;;;;;;;;;;;;;;;;;;;;;;;;;;;;;;;;;;;;;;;;;;;;;;;;;;;;;;;;;;;;;;;;;;
786937;23.02.25 19:40:00;-69,109;-1,935;-15,956;-0,257;7,887;1013,855;33,150;73,485;8,720;71,215;8,895;0,450;254,520;9,650;-50,000;3653;365,3;;0,0;60;12,44;7,66;;15;A27210;;;;;;;;;;;;;;;;;;;;;;;;;;;;;;;;;;;;;;;;;;;;;;;;;;;;;;;;;;;;;;;;;;;;;;;;;
786938;23.02.25 19:41:00;-68,763;-1,935;-16,039;-0,257;7,825;1013,828;33,150;74,135;8,630;71,455;8,810;0,442;344,469;9,631;-50,000;3653;365,3;;0,0;60;12,44;7,30;;15;A27210;;;;;;;;;;;;;;;;;;;;;;;;;;;;;;;;;;;;;;;;;;;;;;;;;;;;;;;;;;;;;;;;;;;;;;;;;
786939;23.02.25 19:42:00;-68,520;-1,935;-15,816;-0,257;7,765;1013,909;33,150;74,765;8,625;71,770;8,785;0,443;95,873;9,616;-50,000;3653;365,3;;0,0;60;12,45;7,54;;15;A27210;;;;;;;;;;;;;;;;;;;;;;;;;;;;;;;;;;;;;;;;;;;;;;;;;;;;;;;;;;;;;;;;;;;;;;;;;
786940;23.02.25 19:43:00;-68,489;-1,935;-15,757;-0,140;7,725;1014,014;33,162;75,370;8,550;72,150;8,695;0,459;326,689;9,610;-50,000;3653;365,3;;0,0;60;12,44;7,50;;15;A27210;;;;;;;;;;;;;;;;;;;;;;;;;;;;;;;;;;;;;;;;;;;;;;;;;;;;;;;;;;;;;;;;;;;;;;;;;
786941;23.02.25 19:44:00;-68,260;-1,935;-15,801;0,113;7,662;1014,041;33,168;76,240;8,510;72,705;8,625;0,581;336,156;9,580;-50,000;3653;365,3;;0,0;60;12,44;7,54;;15;A27210;;;;;;;;;;;;;;;;;;;;;;;;;;;;;;;;;;;;;;;;;;;;;;;;;;;;;;;;;;;;;;;;;;;;;;;;;
786942;23.02.25 19:45:00;-68,146;-1,935;-15,739;0,315;7,625;1013,975;33,156;76,200;8,490;73,150;8,580;0,679;315,540;9,576;-50,000;3653;365,3;;0,0;60;12,44;7,18;;15;A27210;;;;;;;;;;;;;;;;;;;;;;;;;;;;;;;;;;;;;;;;;;;;;;;;;;;;;;;;;;;;;;;;;;;;;;;;;
786943;23.02.25 19:46:00;-67,710;-1,935;-15,759;0,617;7,602;1013,897;33,153;76,255;8,455;73,560;8,560;0,591;313,976;9,573;-50,000;3653;365,3;;0,0;60;12,44;7,34;;15;A27210;;;;;;;;;;;;;;;;;;;;;;;;;;;;;;;;;;;;;;;;;;;;;;;;;;;;;;;;;;;;;;;;;;;;;;;;;
786944;23.02.25 19:47:00;-67,522;-1,935;-15,569;0,746;7,568;1013,963;33,162;76,525;8,410;73,870;8,500;0,473;325,581;9,570;-50,000;3653;365,3;;0,0;60;12,44;7,06;;15;A27210;;;;;;;;;;;;;;;;;;;;;;;;;;;;;;;;;;;;;;;;;;;;;;;;;;;;;;;;;;;;;;;;;;;;;;;;;
786945;23.02.25 19:48:00;-67,638;-1,935;-15,251;0,728;7,537;1014,083;33,165;77,110;8,445;74,120;8,540;0,442;104,344;9,570;-50,000;3653;365,3;;0,0;60;12,46;6,83;;15;A27210;;;;;;;;;;;;;;;;;;;;;;;;;;;;;;;;;;;;;;;;;;;;;;;;;;;;;;;;;;;;;;;;;;;;;;;;;
786946;23.02.25 19:49:00;-67,205;-1,935;-15,024;0,612;7,477;1014,134;33,168;77,505;8,390;74,290;8,485;0,444;267,508;9,555;-50,000;3653;365,3;;0,0;60;12,44;6,71;;15;A27210;;;;;;;;;;;;;;;;;;;;;;;;;;;;;;;;;;;;;;;;;;;;;;;;;;;;;;;;;;;;;;;;;;;;;;;;;
786947;23.02.25 19:50:00;-67,146;-1,935;-14,921;0,424;7,427;1014,182;33,165;77,450;8,350;74,465;8,475;0,466;278,483;9,540;-50,000;3653;365,3;;0,0;60;12,44;6,87;;15;A27210;;;;;;;;;;;;;;;;;;;;;;;;;;;;;;;;;;;;;;;;;;;;;;;;;;;;;;;;;;;;;;;;;;;;;;;;;
786948;23.02.25 19:51:00;-67,312;-1,935;-14,591;0,483;7,377;1014,197;33,153;77,865;8,365;74,630;8,500;0,459;139,101;9,534;-50,000;3653;365,3;;0,0;60;12,45;7,10;;15;A27210;;;;;;;;;;;;;;;;;;;;;;;;;;;;;;;;;;;;;;;;;;;;;;;;;;;;;;;;;;;;;;;;;;;;;;;;;
786949;23.02.25 19:52:00;-67,030;-1,935;-14,671;0,469;7,347;1014,149;33,159;78,190;8,330;75,035;8,450;0,443;93,628;9,528;-50,000;3653;365,3;;0,0;60;12,45;6,87;;15;A27210;;;;;;;;;;;;;;;;;;;;;;;;;;;;;;;;;;;;;;;;;;;;;;;;;;;;;;;;;;;;;;;;;;;;;;;;;
786950;23.02.25 19:53:00;-67,266;-1,935;-14,386;0,340;7,297;1014,008;33,162;78,120;8,295;75,275;8,415;0,514;176,580;9,485;-50,000;3653;365,3;;0,0;60;12,45;6,79;;15;A27210;;;;;;;;;;;;;;;;;;;;;;;;;;;;;;;;;;;;;;;;;;;;;;;;;;;;;;;;;;;;;;;;;;;;;;;;;
786951;23.02.25 19:54:00;-67,192;-1,935;-13,807;0,350;7,255;1013,963;33,156;77,820;8,260;75,275;8,405;0,482;124,020;9,488;-50,000;3653;365,3;;0,0;60;12,45;6,55;;15;A27210;;;;;;;;;;;;;;;;;;;;;;;;;;;;;;;;;;;;;;;;;;;;;;;;;;;;;;;;;;;;;;;;;;;;;;;;;
786952;23.02.25 19:55:00;-66,840;-1,935;-14,010;0,241;7,200;1013,981;33,156;77,345;8,225;75,220;8,360;0,444;174,476;9,476;-50,000;3653;365,3;;0,0;60;12,44;6,59;;15;A27210;;;;;;;;;;;;;;;;;;;;;;;;;;;;;;;;;;;;;;;;;;;;;;;;;;;;;;;;;;;;;;;;;;;;;;;;;
786953;23.02.25 19:56:00;-66,598;-1,935;-14,081;0,222;7,140;1013,993;33,162;76,995;8,195;75,190;8,335;0,509;138,476;9,476;-50,000;3653;365,3;;0,0;60;12,45;6,59;;15;A27210;;;;;;;;;;;;;;;;;;;;;;;;;;;;;;;;;;;;;;;;;;;;;;;;;;;;;;;;;;;;;;;;;;;;;;;;;
786954;23.02.25 19:57:00;-66,500;-1,935;-13,167;0,170;7,077;1014,023;33,162;76,915;8,175;75,100;8,305;0,599;106,206;9,473;-50,000;3653;365,3;;0,0;60;12,45;6,63;;15;A27210;;;;;;;;;;;;;;;;;;;;;;;;;;;;;;;;;;;;;;;;;;;;;;;;;;;;;;;;;;;;;;;;;;;;;;;;;
786955;23.02.25 19:58:00;-66,531;-1,935;-11,742;0,005;7,020;1014,038;33,165;76,360;8,140;74,830;8,255;1,127;109,963;9,467;-50,000;3653;365,3;;0,0;60;12,45;6,55;;15;A27210;;;;;;;;;;;;;;;;;;;;;;;;;;;;;;;;;;;;;;;;;;;;;;;;;;;;;;;;;;;;;;;;;;;;;;;;;
786956;23.02.25 19:59:00;-66,438;-1,935;-10,730;-0,247;6,967;1014,014;33,156;75,785;8,065;74,480;8,145;1,144;110,886;9,446;-50,000;3653;365,3;;0,0;60;12,45;6,55;;15;A27210;;;;;;;;;;;;;;;;;;;;;;;;;;;;;;;;;;;;;;;;;;;;;;;;;;;;;;;;;;;;;;;;;;;;;;;;;
786957;23.02.25 20:00:00;-66,426;-1,935;-10,057;-0,239;6,922;1014,059;33,168;76,210;7,985;74,670;8,085;1,184;116,882;9,445;-50,000;3653;365,3;;0,0;60;12,46;6,19;;15;A27210;;;;;;;;;;;;;;;;;;;;;;;;;;;;;;;;;;;;;;;;;;;;;;;;;;;;;;;;;;;;;;;;;;;;;;;;;
786958;23.02.25 20:01:00;-66,288;-1,935;-9,544;-0,027;6,892;1014,164;33,156;76,725;7,940;75,120;7,975;1,107;109,316;9,424;-50,000;3653;365,3;;0,0;60;12,46;6,31;;15;A27210;;;;;;;;;;;;;;;;;;;;;;;;;;;;;;;;;;;;;;;;;;;;;;;;;;;;;;;;;;;;;;;;;;;;;;;;;
786959;23.02.25 20:02:00;-66,189;-1,935;-9,892;0,115;6,858;1014,212;33,162;76,740;7,900;75,380;7,875;0,969;120,943;9,427;-50,000;3653;365,3;;0,0;60;12,46;6,23;;15;A27210;;;;;;;;;;;;;;;;;;;;;;;;;;;;;;;;;;;;;;;;;;;;;;;;;;;;;;;;;;;;;;;;;;;;;;;;;
786960;23.02.25 20:03:00;-66,041;-1,935;-10,601;0,151;6,832;1014,191;33,165;77,100;7,860;75,650;7,810;0,749;123,458;9,394;-50,000;3653;365,3;;0,0;60;12,45;6,11;;15;A27210;;;;;;;;;;;;;;;;;;;;;;;;;;;;;;;;;;;;;;;;;;;;;;;;;;;;;;;;;;;;;;;;;;;;;;;;;
786961;23.02.25 20:04:00;-65,749;-1,935;-11,617;0,124;6,792;1014,122;33,159;77,190;7,825;75,865;7,740;0,476;108,855;9,387;-50,000;3653;365,3;;0,0;60;12,45;6,11;;15;A27210;;;;;;;;;;;;;;;;;;;;;;;;;;;;;;;;;;;;;;;;;;;;;;;;;;;;;;;;;;;;;;;;;;;;;;;;;
786962;23.02.25 20:05:00;-65,665;-1,935;-12,368;0,128;6,753;1014,095;33,162;77,250;7,790;76,020;7,670;0,489;113,484;9,378;-50,000;3653;365,3;;0,0;60;12,45;6,15;;15;A27210;;;;;;;;;;;;;;;;;;;;;;;;;;;;;;;;;;;;;;;;;;;;;;;;;;;;;;;;;;;;;;;;;;;;;;;;;
786963;23.02.25 20:06:00;-65,648;-1,935;-12,787;0,049;6,700;1014,065;33,165;77,255;7,735;76,200;7,635;0,439;115,082;9,381;-50,000;3653;365,3;;0,0;60;12,44;5,99;;15;A27210;;;;;;;;;;;;;;;;;;;;;;;;;;;;;;;;;;;;;;;;;;;;;;;;;;;;;;;;;;;;;;;;;;;;;;;;;
786964;23.02.25 20:07:00;-65,433;-1,935;-13,035;-0,064;6,637;1014,020;33,156;77,385;7,680;76,330;7,610;0,442;96,564;9,378;-50,000;3653;365,3;;0,0;60;12,45;5,91;;15;A27210;;;;;;;;;;;;;;;;;;;;;;;;;;;;;;;;;;;;;;;;;;;;;;;;;;;;;;;;;;;;;;;;;;;;;;;;;
786965;23.02.25 20:08:00;-65,248;-1,935;-13,012;0,017;6,572;1014,032;33,171;77,695;7,645;76,480;7,585;0,441;35,184;9,375;-50,000;3653;365,3;;0,0;60;12,46;6,07;;15;A27210;;;;;;;;;;;;;;;;;;;;;;;;;;;;;;;;;;;;;;;;;;;;;;;;;;;;;;;;;;;;;;;;;;;;;;;;;
786966;23.02.25 20:09:00;-65,204;-1,935;-13,113;0,051;6,528;1014,062;33,168;77,985;7,610;76,665;7,510;0,438;85,202;9,351;-50,000;3653;365,3;;0,0;60;12,44;6,31;;15;A27210;;;;;;;;;;;;;;;;;;;;;;;;;;;;;;;;;;;;;;;;;;;;;;;;;;;;;;;;;;;;;;;;;;;;;;;;;
786967;23.02.25 20:10:00;-65,230;-1,935;-12,762;0,038;6,472;1014,092;33,165;78,460;7,550;76,825;7,460;0,441;109,091;9,360;-50,000;3653;365,3;;0,0;60;12,44;5,79;;15;A27210;;;;;;;;;;;;;;;;;;;;;;;;;;;;;;;;;;;;;;;;;;;;;;;;;;;;;;;;;;;;;;;;;;;;;;;;;
786968;23.02.25 20:11:00;-65,376;-1,935;-11,927;0,007;6,422;1014,239;33,153;78,570;7,510;77,040;7,430;0,555;112,517;9,326;-50,000;3653;365,3;;0,0;60;12,45;5,67;;15;A27210;;;;;;;;;;;;;;;;;;;;;;;;;;;;;;;;;;;;;;;;;;;;;;;;;;;;;;;;;;;;;;;;;;;;;;;;;
786969;23.02.25 20:12:00;-65,374;-1,935;-11,119;-0,025;6,362;1014,275;33,153;77,625;7,460;77,000;7,395;0,587;107,325;9,295;-50,000;3653;365,3;;0,0;60;12,44;5,99;;15;A27210;;;;;;;;;;;;;;;;;;;;;;;;;;;;;;;;;;;;;;;;;;;;;;;;;;;;;;;;;;;;;;;;;;;;;;;;;
786970;23.02.25 20:13:00;-65,408;-1,935;-10,192;-0,048;6,330;1014,296;33,159;77,470;7,425;76,880;7,345;0,759;111,246;9,293;-50,000;3653;365,3;;0,0;60;12,45;5,87;;15;A27210;;;;;;;;;;;;;;;;;;;;;;;;;;;;;;;;;;;;;;;;;;;;;;;;;;;;;;;;;;;;;;;;;;;;;;;;;
786971;23.02.25 20:14:00;-65,403;-1,935;-9,906;-0,043;6,295;1014,329;33,156;77,585;7,365;76,820;7,295;0,587;117,298;9,283;-50,000;3653;365,3;;0,0;60;12,44;5,60;;15;A27210;;;;;;;;;;;;;;;;;;;;;;;;;;;;;;;;;;;;;;;;;;;;;;;;;;;;;;;;;;;;;;;;;;;;;;;;;
786972;23.02.25 20:15:00;-65,497;-1,935;-10,205;0,047;6,240;1014,308;33,162;77,880;7,315;76,810;7,250;0,479;118,620;9,280;-50,000;3653;365,3;;0,0;60;12,44;5,63;;15;A27210;;;;;;;;;;;;;;;;;;;;;;;;;;;;;;;;;;;;;;;;;;;;;;;;;;;;;;;;;;;;;;;;;;;;;;;;;
786973;23.02.25 20:16:00;-65,476;-1,935;-10,531;0,145;6,210;1014,296;33,168;78,085;7,280;76,925;7,200;0,519;121,860;9,277;-50,000;3653;365,3;;0,0;60;12,44;5,67;;15;A27210;;;;;;;;;;;;;;;;;;;;;;;;;;;;;;;;;;;;;;;;;;;;;;;;;;;;;;;;;;;;;;;;;;;;;;;;;
786974;23.02.25 20:17:00;-64,926;-1,935;-11,108;0,174;6,160;1014,272;33,165;78,370;7,250;77,050;7,130;0,445;109,749;9,280;-50,000;3653;365,3;;0,0;60;12,44;5,48;;15;A27210;;;;;;;;;;;;;;;;;;;;;;;;;;;;;;;;;;;;;;;;;;;;;;;;;;;;;;;;;;;;;;;;;;;;;;;;;
786975;23.02.25 20:18:00;-64,574;-1,935;-11,598;0,170;6,110;1014,305;33,156;78,655;7,215;77,250;7,115;0,443;99,512;9,256;-50,000;3653;365,3;;0,0;60;12,44;5,60;;15;A27210;;;;;;;;;;;;;;;;;;;;;;;;;;;;;;;;;;;;;;;;;;;;;;;;;;;;;;;;;;;;;;;;;;;;;;;;;
786976;23.02.25 20:19:00;-64,206;-1,935;-11,883;0,127;6,052;1014,338;33,171;78,965;7,155;77,425;7,060;0,441;96,306;9,268;-50,000;3653;365,3;;0,0;60;12,44;5,52;;15;A27210;;;;;;;;;;;;;;;;;;;;;;;;;;;;;;;;;;;;;;;;;;;;;;;;;;;;;;;;;;;;;;;;;;;;;;;;;
786977;23.02.25 20:20:00;-63,852;-1,935;-11,961;0,127;5,995;1014,362;33,174;79,195;7,080;77,640;6,975;0,567;339,188;9,247;-50,000;3653;365,3;;0,0;60;12,43;5,36;;15;A27210;;;;;;;;;;;;;;;;;;;;;;;;;;;;;;;;;;;;;;;;;;;;;;;;;;;;;;;;;;;;;;;;;;;;;;;;;
786978;23.02.25 20:21:00;-63,755;-1,935;-12,090;0,636;5,965;1014,368;33,174;79,630;7,040;78,160;6,950;0,552;332,629;9,213;-50,000;3653;365,3;;0,0;60;12,43;5,60;;15;A27210;;;;;;;;;;;;;;;;;;;;;;;;;;;;;;;;;;;;;;;;;;;;;;;;;;;;;;;;;;;;;;;;;;;;;;;;;
786979;23.02.25 20:22:00;-63,556;-1,935;-11,883;0,901;5,948;1014,392;33,174;80,205;7,010;78,590;6,930;0,552;300,752;9,204;-50,000;3653;365,3;;0,0;60;12,43;5,40;;15;A27210;;;;;;;;;;;;;;;;;;;;;;;;;;;;;;;;;;;;;;;;;;;;;;;;;;;;;;;;;;;;;;;;;;;;;;;;;
786980;23.02.25 20:23:00;-63,951;-1,935;-11,726;1,039;5,918;1014,440;33,168;80,530;7,000;78,885;6,920;0,520;218,233;9,198;-50,000;3653;365,3;;0,0;60;12,43;5,32;;15;A27210;;;;;;;;;;;;;;;;;;;;;;;;;;;;;;;;;;;;;;;;;;;;;;;;;;;;;;;;;;;;;;;;;;;;;;;;;
786981;23.02.25 20:24:00;-64,258;-1,935;-11,145;0,884;5,892;1014,422;33,168;80,705;6,975;79,015;6,920;0,643;173,031;9,189;-50,000;3653;365,3;;0,0;60;12,43;5,36;;15;A27210;;;;;;;;;;;;;;;;;;;;;;;;;;;;;;;;;;;;;;;;;;;;;;;;;;;;;;;;;;;;;;;;;;;;;;;;;
786982;23.02.25 20:25:00;-64,220;-1,935;-10,822;0,765;5,865;1014,329;33,168;80,430;6,950;79,090;6,905;0,652;201,398;9,183;-50,000;3653;365,3;;0,0;60;12,44;5,20;;15;A27210;;;;;;;;;;;;;;;;;;;;;;;;;;;;;;;;;;;;;;;;;;;;;;;;;;;;;;;;;;;;;;;;;;;;;;;;;
786983;23.02.25 20:26:00;-63,979;-1,935;-10,491;0,616;5,832;1014,269;33,165;79,805;6,915;79,075;6,865;0,574;215,454;9,183;-50,000;3653;365,3;;0,0;60;12,43;5,12;;15;A27210;;;;;;;;;;;;;;;;;;;;;;;;;;;;;;;;;;;;;;;;;;;;;;;;;;;;;;;;;;;;;;;;;;;;;;;;;
786984;23.02.25 20:27:00;-63,670;-1,935;-11,049;0,521;5,797;1014,254;33,168;79,490;6,865;78,950;6,840;0,465;284,732;9,180;-50,000;3653;365,3;;0,0;60;12,43;4,96;;15;A27210;;;;;;;;;;;;;;;;;;;;;;;;;;;;;;;;;;;;;;;;;;;;;;;;;;;;;;;;;;;;;;;;;;;;;;;;;
786985;23.02.25 20:28:00;-63,260;-1,935;-11,406;0,544;5,747;1014,311;33,174;79,540;6,855;78,895;6,820;0,456;187,948;9,165;-50,000;3653;365,3;;0,0;60;12,44;5,08;;15;A27210;;;;;;;;;;;;;;;;;;;;;;;;;;;;;;;;;;;;;;;;;;;;;;;;;;;;;;;;;;;;;;;;;;;;;;;;;
786986;23.02.25 20:29:00;-62,897;-1,935;-11,243;0,692;5,710;1014,320;33,177;80,305;6,820;78,965;6,800;0,464;188,573;9,168;-50,000;3653;365,3;;0,0;60;12,44;4,88;;15;A27210;;;;;;;;;;;;;;;;;;;;;;;;;;;;;;;;;;;;;;;;;;;;;;;;;;;;;;;;;;;;;;;;;;;;;;;;;
786987;23.02.25 20:30:00;-62,767;-1,935;-11,178;0,858;5,675;1014,344;33,180;80,720;6,760;79,175;6,740;0,452;280,164;9,159;-50,000;3653;365,3;;0,0;60;12,43;4,92;;15;A27210;;;;;;;;;;;;;;;;;;;;;;;;;;;;;;;;;;;;;;;;;;;;;;;;;;;;;;;;;;;;;;;;;;;;;;;;;
786988;23.02.25 20:31:00;-62,346;-1,935;-11,076;0,850;5,650;1014,344;33,168;80,960;6,745;79,295;6,695;0,509;333,956;9,122;-50,000;3653;365,3;;0,0;60;12,43;4,84;;15;A27210;;;;;;;;;;;;;;;;;;;;;;;;;;;;;;;;;;;;;;;;;;;;;;;;;;;;;;;;;;;;;;;;;;;;;;;;;
786989;23.02.25 20:32:00;-62,377;-1,935;-10,979;1,040;5,607;1014,278;33,183;81,245;6,740;79,660;6,690;0,452;232,239;9,107;-50,000;3653;365,3;;0,0;60;12,44;4,72;;15;A27210;;;;;;;;;;;;;;;;;;;;;;;;;;;;;;;;;;;;;;;;;;;;;;;;;;;;;;;;;;;;;;;;;;;;;;;;;
786990;23.02.25 20:33:00;-62,730;-1,935;-10,882;1,062;5,580;1014,293;33,201;81,530;6,755;79,740;6,710;0,464;154,969;9,097;-50,000;3653;365,3;;0,0;60;12,44;4,68;;15;A27210;;;;;;;;;;;;;;;;;;;;;;;;;;;;;;;;;;;;;;;;;;;;;;;;;;;;;;;;;;;;;;;;;;;;;;;;;
786991;23.02.25 20:34:00;-62,858;-1,935;-10,511;1,128;5,550;1014,326;33,195;82,045;6,720;79,825;6,685;0,472;192,083;9,088;-50,000;3653;365,3;;0,0;60;12,43;5,04;;15;A27210;;;;;;;;;;;;;;;;;;;;;;;;;;;;;;;;;;;;;;;;;;;;;;;;;;;;;;;;;;;;;;;;;;;;;;;;;
786992;23.02.25 20:35:00;-62,773;-1,935;-10,166;1,078;5,523;1014,386;33,189;81,990;6,710;79,930;6,655;0,489;201,454;9,085;-50,000;3653;365,3;;0,0;60;12,43;4,92;;15;A27210;;;;;;;;;;;;;;;;;;;;;;;;;;;;;;;;;;;;;;;;;;;;;;;;;;;;;;;;;;;;;;;;;;;;;;;;;
786993;23.02.25 20:36:00;-62,395;-1,935;-10,290;0,921;5,477;1014,461;33,189;81,290;6,655;79,955;6,640;0,441;253,530;9,079;-50,000;3653;365,3;;0,0;60;12,43;4,56;;15;A27210;;;;;;;;;;;;;;;;;;;;;;;;;;;;;;;;;;;;;;;;;;;;;;;;;;;;;;;;;;;;;;;;;;;;;;;;;
786994;23.02.25 20:37:00;-62,524;-1,935;-10,628;0,732;5,430;1014,461;33,198;81,125;6,640;79,915;6,615;0,442;284,344;9,076;-50,000;3653;365,3;;0,0;60;12,43;4,44;;15;A27210;;;;;;;;;;;;;;;;;;;;;;;;;;;;;;;;;;;;;;;;;;;;;;;;;;;;;;;;;;;;;;;;;;;;;;;;;
786995;23.02.25 20:38:00;-62,147;-1,935;-10,717;0,589;5,405;1014,431;33,198;81,325;6,645;79,945;6,625;0,439;105,024;9,085;-50,000;3653;365,3;;0,0;60;12,44;4,44;;15;A27210;;;;;;;;;;;;;;;;;;;;;;;;;;;;;;;;;;;;;;;;;;;;;;;;;;;;;;;;;;;;;;;;;;;;;;;;;
786996;23.02.25 20:39:00;-62,739;-1,935;-10,513;0,577;5,362;1014,422;33,177;81,465;6,615;79,935;6,585;0,565;123,469;9,055;-50,000;3653;365,3;;0,0;60;12,44;4,48;;15;A27210;;;;;;;;;;;;;;;;;;;;;;;;;;;;;;;;;;;;;;;;;;;;;;;;;;;;;;;;;;;;;;;;;;;;;;;;;
786997;23.02.25 20:40:00;-62,212;-1,935;-10,301;0,680;5,330;1014,413;33,168;81,815;6,610;80,035;6,570;0,443;95,108;9,039;-50,000;3653;365,3;;0,0;60;12,44;4,48;;15;A27210;;;;;;;;;;;;;;;;;;;;;;;;;;;;;;;;;;;;;;;;;;;;;;;;;;;;;;;;;;;;;;;;;;;;;;;;;
786998;23.02.25 20:41:00;-61,984;-1,935;-10,460;0,593;5,297;1014,398;33,171;82,015;6,560;80,280;6,515;0,468;143,314;9,036;-50,000;3653;365,3;;0,0;60;12,44;4,48;;15;A27210;;;;;;;;;;;;;;;;;;;;;;;;;;;;;;;;;;;;;;;;;;;;;;;;;;;;;;;;;;;;;;;;;;;;;;;;;
786999;23.02.25 20:42:00;-61,798;-1,935;-10,599;0,706;5,267;1014,413;33,180;82,290;6,490;80,545;6,440;0,441;347,355;9,009;-50,000;3653;365,3;;0,0;60;12,42;4,33;;15;A27210;;;;;;;;;;;;;;;;;;;;;;;;;;;;;;;;;;;;;;;;;;;;;;;;;;;;;;;;;;;;;;;;;;;;;;;;;
787000;23.02.25 20:43:00;-61,475;-1,935;-10,566;0,789;5,230;1014,440;33,180;82,465;6,480;80,890;6,430;0,438;340,194;9,003;-50,000;3653;365,3;;0,0;60;12,42;4,52;;15;A27210;;;;;;;;;;;;;;;;;;;;;;;;;;;;;;;;;;;;;;;;;;;;;;;;;;;;;;;;;;;;;;;;;;;;;;;;;
787001;23.02.25 20:44:00;-61,720;-1,935;-10,612;0,656;5,185;1014,470;33,180;82,565;6,435;80,995;6,405;0,446;345,302;8,990;-50,000;3653;365,3;;0,0;60;12,41;4,37;;15;A27210;;;;;;;;;;;;;;;;;;;;;;;;;;;;;;;;;;;;;;;;;;;;;;;;;;;;;;;;;;;;;;;;;;;;;;;;;
787002;23.02.25 20:45:00;-61,293;-1,935;-10,280;0,686;5,135;1014,488;33,177;82,710;6,425;81,145;6,395;0,512;246,409;8,990;-50,000;3653;365,3;;0,0;60;12,43;4,09;;15;A27210;;;;;;;;;;;;;;;;;;;;;;;;;;;;;;;;;;;;;;;;;;;;;;;;;;;;;;;;;;;;;;;;;;;;;;;;;
787003;23.02.25 20:46:00;-61,400;-1,935;-9,971;1,318;5,150;1014,500;33,162;83,210;6,395;81,500;6,365;0,755;297,304;8,984;-50,000;3653;365,3;;0,0;60;12,42;4,21;;15;A27210;;;;;;;;;;;;;;;;;;;;;;;;;;;;;;;;;;;;;;;;;;;;;;;;;;;;;;;;;;;;;;;;;;;;;;;;;
787004;23.02.25 20:47:00;-61,544;-1,935;-10,104;1,911;5,168;1014,461;33,168;83,570;6,390;81,995;6,360;0,723;313,245;8,981;-50,000;3653;365,3;;0,0;60;12,42;4,13;;15;A27210;;;;;;;;;;;;;;;;;;;;;;;;;;;;;;;;;;;;;;;;;;;;;;;;;;;;;;;;;;;;;;;;;;;;;;;;;
787005;23.02.25 20:48:00;-61,422;-1,935;-9,875;2,192;5,173;1014,404;33,165;83,795;6,380;82,220;6,365;0,527;309,251;8,972;-50,000;3653;365,3;;0,0;60;12,42;4,25;;15;A27210;;;;;;;;;;;;;;;;;;;;;;;;;;;;;;;;;;;;;;;;;;;;;;;;;;;;;;;;;;;;;;;;;;;;;;;;;
787006;23.02.25 20:49:00;-61,651;-1,935;-9,466;2,129;5,155;1014,341;33,183;83,715;6,385;82,300;6,350;0,476;281,942;8,963;-50,000;3653;365,3;;0,0;60;12,42;4,01;;15;A27210;;;;;;;;;;;;;;;;;;;;;;;;;;;;;;;;;;;;;;;;;;;;;;;;;;;;;;;;;;;;;;;;;;;;;;;;;
787007;23.02.25 20:50:00;-61,928;-1,935;-9,437;1,828;5,150;1014,332;33,180;83,480;6,395;82,325;6,405;0,517;184,157;8,920;-50,000;3653;365,3;;0,0;60;12,44;3,85;;15;A27210;;;;;;;;;;;;;;;;;;;;;;;;;;;;;;;;;;;;;;;;;;;;;;;;;;;;;;;;;;;;;;;;;;;;;;;;;
787008;23.02.25 20:51:00;-61,819;-1,935;-9,674;1,618;5,148;1014,326;33,180;83,305;6,390;82,315;6,415;0,477;173,289;8,917;-50,000;3653;365,3;;0,0;60;12,43;3,93;;15;A27210;;;;;;;;;;;;;;;;;;;;;;;;;;;;;;;;;;;;;;;;;;;;;;;;;;;;;;;;;;;;;;;;;;;;;;;;;
787009;23.02.25 20:52:00;-61,647;-1,935;-9,586;1,496;5,117;1014,299;33,180;82,995;6,375;82,210;6,415;0,436;193,618;8,930;-50,000;3653;365,3;;0,0;60;12,43;4,17;;15;A27210;;;;;;;;;;;;;;;;;;;;;;;;;;;;;;;;;;;;;;;;;;;;;;;;;;;;;;;;;;;;;;;;;;;;;;;;;
787010;23.02.25 20:53:00;-61,778;-1,935;-9,837;1,271;5,082;1014,302;33,186;82,510;6,360;82,090;6,420;0,451;206,421;8,899;-50,000;3653;365,3;;0,0;60;12,43;3,77;;15;A27210;;;;;;;;;;;;;;;;;;;;;;;;;;;;;;;;;;;;;;;;;;;;;;;;;;;;;;;;;;;;;;;;;;;;;;;;;
787011;23.02.25 20:54:00;-61,501;-1,935;-9,721;1,126;5,052;1014,311;33,183;82,515;6,305;81,915;6,380;0,443;306,591;8,899;-50,000;3653;365,3;;0,0;60;12,42;3,73;;15;A27210;;;;;;;;;;;;;;;;;;;;;;;;;;;;;;;;;;;;;;;;;;;;;;;;;;;;;;;;;;;;;;;;;;;;;;;;;
787012;23.02.25 20:55:00;-61,394;-1,935;-10,022;1,319;5,040;1014,332;33,180;83,010;6,280;81,795;6,370;0,563;317,745;8,887;-50,000;3653;365,3;;0,0;60;12,42;3,81;;15;A27210;;;;;;;;;;;;;;;;;;;;;;;;;;;;;;;;;;;;;;;;;;;;;;;;;;;;;;;;;;;;;;;;;;;;;;;;;
787013;23.02.25 20:56:00;-61,641;-1,935;-9,951;1,437;5,012;1014,326;33,180;83,295;6,315;81,890;6,375;0,537;238,433;8,887;-50,000;3653;365,3;;0,0;60;12,43;3,73;;15;A27210;;;;;;;;;;;;;;;;;;;;;;;;;;;;;;;;;;;;;;;;;;;;;;;;;;;;;;;;;;;;;;;;;;;;;;;;;
787014;23.02.25 20:57:00;-61,224;-1,935;-9,599;1,516;5,015;1014,305;33,186;83,220;6,280;81,930;6,325;0,749;311,276;8,890;-50,000;3653;365,3;;0,0;60;12,42;3,93;;15;A27210;;;;;;;;;;;;;;;;;;;;;;;;;;;;;;;;;;;;;;;;;;;;;;;;;;;;;;;;;;;;;;;;;;;;;;;;;
787015;23.02.25 20:58:00;-61,259;-1,935;-9,917;2,050;5,023;1014,281;33,186;83,795;6,300;82,090;6,345;0,810;313,127;8,875;-50,000;3653;365,3;;0,0;60;12,42;3,81;;15;A27210;;;;;;;;;;;;;;;;;;;;;;;;;;;;;;;;;;;;;;;;;;;;;;;;;;;;;;;;;;;;;;;;;;;;;;;;;
787016;23.02.25 20:59:00;-61,343;-1,935;-10,291;2,218;5,020;1014,236;33,186;83,860;6,285;82,285;6,335;0,538;300,566;8,853;-50,000;3653;365,3;;0,0;60;12,42;3,69;;15;A27210;;;;;;;;;;;;;;;;;;;;;;;;;;;;;;;;;;;;;;;;;;;;;;;;;;;;;;;;;;;;;;;;;;;;;;;;;
787017;23.02.25 21:00:00;-62,104;-1,935;-9,314;1,847;5,012;1014,224;33,192;83,475;6,330;82,380;6,370;0,697;165,909;8,853;-50,000;3653;365,3;;0,0;60;12,43;3,77;;15;A27210;;;;;;;;;;;;;;;;;;;;;;;;;;;;;;;;;;;;;;;;;;;;;;;;;;;;;;;;;;;;;;;;;;;;;;;;;
787018;23.02.25 21:01:00;-61,695;-1,935;-9,564;1,742;5,003;1014,212;33,186;83,160;6,300;82,280;6,380;0,443;142,543;8,820;-50,000;3653;365,3;;0,0;60;12,43;3,85;;15;A27210;;;;;;;;;;;;;;;;;;;;;;;;;;;;;;;;;;;;;;;;;;;;;;;;;;;;;;;;;;;;;;;;;;;;;;;;;
787019;23.02.25 21:02:00;-61,782;-1,935;-9,570;1,503;4,975;1014,200;33,189;83,130;6,275;82,160;6,385;0,491;161,657;8,811;-50,000;3653;365,3;;0,0;60;12,43;3,85;;15;A27210;;;;;;;;;;;;;;;;;;;;;;;;;;;;;;;;;;;;;;;;;;;;;;;;;;;;;;;;;;;;;;;;;;;;;;;;;
787020;23.02.25 21:03:00;-61,615;-1,935;-9,709;1,541;4,952;1014,167;33,192;83,245;6,260;82,135;6,360;0,489;137,993;8,807;-50,000;3653;365,3;;0,0;60;12,43;3,57;;15;A27210;;;;;;;;;;;;;;;;;;;;;;;;;;;;;;;;;;;;;;;;;;;;;;;;;;;;;;;;;;;;;;;;;;;;;;;;;
787021;23.02.25 21:04:00;-61,679;-1,935;-8,805;1,514;4,935;1014,158;33,198;83,110;6,255;82,005;6,345;0,577;139,314;8,810;-50,000;3653;365,3;;0,0;60;12,43;3,85;;15;A27210;;;;;;;;;;;;;;;;;;;;;;;;;;;;;;;;;;;;;;;;;;;;;;;;;;;;;;;;;;;;;;;;;;;;;;;;;
787022;23.02.25 21:05:00;-61,588;-1,935;-9,390;1,609;4,910;1014,146;33,192;82,920;6,195;81,885;6,280;0,615;319,489;8,795;-50,000;3653;365,3;;0,0;60;12,42;3,61;;15;A27210;;;;;;;;;;;;;;;;;;;;;;;;;;;;;;;;;;;;;;;;;;;;;;;;;;;;;;;;;;;;;;;;;;;;;;;;;
787023;23.02.25 21:06:00;-61,743;-1,935;-9,849;1,471;4,897;1014,137;33,192;82,625;6,185;81,860;6,280;0,452;228,330;8,792;-50,000;3653;365,3;;0,0;60;12,42;3,65;;15;A27210;;;;;;;;;;;;;;;;;;;;;;;;;;;;;;;;;;;;;;;;;;;;;;;;;;;;;;;;;;;;;;;;;;;;;;;;;
787024;23.02.25 21:07:00;-61,403;-1,935;-9,726;1,200;4,870;1014,143;33,189;82,790;6,145;81,790;6,270;0,441;263,734;8,795;-50,000;3653;365,3;;0,0;60;12,42;3,61;;15;A27210;;;;;;;;;;;;;;;;;;;;;;;;;;;;;;;;;;;;;;;;;;;;;;;;;;;;;;;;;;;;;;;;;;;;;;;;;
787025;23.02.25 21:08:00;-61,256;-1,935;-9,672;1,345;4,842;1014,164;33,186;83,260;6,110;81,760;6,215;0,441;342,360;8,789;-50,000;3653;365,3;;0,0;60;12,42;3,53;;15;A27210;;;;;;;;;;;;;;;;;;;;;;;;;;;;;;;;;;;;;;;;;;;;;;;;;;;;;;;;;;;;;;;;;;;;;;;;;
787026;23.02.25 21:09:00;-61,907;-1,935;-9,531;1,102;4,825;1014,188;33,183;83,515;6,150;81,900;6,260;0,543;112,629;8,768;-50,000;3653;365,3;;0,0;60;12,43;3,73;;15;A27210;;;;;;;;;;;;;;;;;;;;;;;;;;;;;;;;;;;;;;;;;;;;;;;;;;;;;;;;;;;;;;;;;;;;;;;;;
787027;23.02.25 21:10:00;-61,647;-1,935;-9,305;1,161;4,815;1014,194;33,183;83,730;6,140;81,905;6,225;0,459;138,611;8,765;-50,000;3653;365,3;;0,0;60;12,43;3,69;;15;A27210;;;;;;;;;;;;;;;;;;;;;;;;;;;;;;;;;;;;;;;;;;;;;;;;;;;;;;;;;;;;;;;;;;;;;;;;;
787028;23.02.25 21:11:00;-61,993;-1,935;-9,235;1,179;4,792;1014,182;33,186;83,555;6,135;81,910;6,200;0,513;103,208;8,731;-50,000;3653;365,3;;0,0;60;12,43;3,45;;15;A27210;;;;;;;;;;;;;;;;;;;;;;;;;;;;;;;;;;;;;;;;;;;;;;;;;;;;;;;;;;;;;;;;;;;;;;;;;
787029;23.02.25 21:12:00;-62,094;-1,935;-8,940;0,835;4,747;1014,194;33,195;82,740;6,065;81,770;6,175;0,619;105,463;8,731;-50,000;3653;365,3;;0,0;60;12,43;3,45;;15;A27210;;;;;;;;;;;;;;;;;;;;;;;;;;;;;;;;;;;;;;;;;;;;;;;;;;;;;;;;;;;;;;;;;;;;;;;;;
787030;23.02.25 21:13:00;-61,824;-1,935;-8,727;0,656;4,702;1014,200;33,195;82,175;6,040;81,535;6,150;0,472;87,587;8,725;-50,000;3653;365,3;;0,0;60;12,43;3,49;;15;A27210;;;;;;;;;;;;;;;;;;;;;;;;;;;;;;;;;;;;;;;;;;;;;;;;;;;;;;;;;;;;;;;;;;;;;;;;;
787031;23.02.25 21:14:00;-61,671;-1,935;-9,467;0,703;4,665;1014,227;33,186;82,025;5,995;81,425;6,095;0,437;87,964;8,707;-50,000;3653;365,3;;0,0;60;12,43;3,33;;15;A27210;;;;;;;;;;;;;;;;;;;;;;;;;;;;;;;;;;;;;;;;;;;;;;;;;;;;;;;;;;;;;;;;;;;;;;;;;
787032;23.02.25 21:15:00;-61,302;-1,935;-9,775;0,581;4,615;1014,245;33,183;82,195;5,910;81,320;6,000;0,445;189,388;8,704;-50,000;3653;365,3;;0,0;60;12,42;3,49;;15;A27210;;;;;;;;;;;;;;;;;;;;;;;;;;;;;;;;;;;;;;;;;;;;;;;;;;;;;;;;;;;;;;;;;;;;;;;;;
787033;23.02.25 21:16:00;-61,058;-1,935;-9,970;0,702;4,592;1014,287;33,192;82,490;5,855;81,420;5,945;0,512;325,457;8,691;-50,000;3653;365,3;;0,0;60;12,42;3,45;;15;A27210;;;;;;;;;;;;;;;;;;;;;;;;;;;;;;;;;;;;;;;;;;;;;;;;;;;;;;;;;;;;;;;;;;;;;;;;;
787034;23.02.25 21:17:00;-60,667;-1,935;-10,280;0,860;4,555;1014,293;33,198;83,175;5,835;81,675;5,920;0,741;304,931;8,694;-50,000;3653;365,3;;0,0;60;12,42;3,37;;15;A27210;;;;;;;;;;;;;;;;;;;;;;;;;;;;;;;;;;;;;;;;;;;;;;;;;;;;;;;;;;;;;;;;;;;;;;;;;
787035;23.02.25 21:18:00;-60,501;-1,935;-10,304;1,092;4,547;1014,287;33,192;83,510;5,800;82,200;5,890;0,797;302,962;8,688;-50,000;3653;365,3;;0,0;60;12,42;3,37;;15;A27210;;;;;;;;;;;;;;;;;;;;;;;;;;;;;;;;;;;;;;;;;;;;;;;;;;;;;;;;;;;;;;;;;;;;;;;;;
787036;23.02.25 21:19:00;-60,594;-1,935;-10,328;1,466;4,552;1014,215;33,183;83,780;5,790;82,645;5,860;0,663;296,061;8,685;-50,000;3653;365,3;;0,0;60;12,41;3,29;;15;A27210;;;;;;;;;;;;;;;;;;;;;;;;;;;;;;;;;;;;;;;;;;;;;;;;;;;;;;;;;;;;;;;;;;;;;;;;;
787037;23.02.25 21:20:00;-60,665;-1,935;-10,217;1,607;4,555;1014,146;33,180;83,785;5,765;82,920;5,870;0,451;249,919;8,667;-50,000;3653;365,3;;0,0;60;12,42;3,41;;15;A27210;;;;;;;;;;;;;;;;;;;;;;;;;;;;;;;;;;;;;;;;;;;;;;;;;;;;;;;;;;;;;;;;;;;;;;;;;
787038;23.02.25 21:21:00;-60,524;-1,935;-9,861;1,336;4,523;1014,143;33,189;83,910;5,715;83,040;5,870;0,472;227,964;8,652;-50,000;3653;365,3;;0,0;60;12,41;3,29;;15;A27210;;;;;;;;;;;;;;;;;;;;;;;;;;;;;;;;;;;;;;;;;;;;;;;;;;;;;;;;;;;;;;;;;;;;;;;;;
787039;23.02.25 21:22:00;-60,802;-1,935;-9,284;1,275;4,500;1014,125;33,195;84,350;5,710;83,085;5,865;0,545;171,889;8,652;-50,000;3653;365,3;;0,0;60;12,42;3,41;;15;A27210;;;;;;;;;;;;;;;;;;;;;;;;;;;;;;;;;;;;;;;;;;;;;;;;;;;;;;;;;;;;;;;;;;;;;;;;;
787040;23.02.25 21:23:00;-60,735;-1,935;-9,385;1,314;4,485;1014,113;33,186;84,660;5,675;83,130;5,855;0,455;182,126;8,618;-50,000;3653;365,3;;0,0;60;12,42;3,53;;15;A27210;;;;;;;;;;;;;;;;;;;;;;;;;;;;;;;;;;;;;;;;;;;;;;;;;;;;;;;;;;;;;;;;;;;;;;;;;
787041;23.02.25 21:24:00;-60,590;-1,935;-9,551;1,259;4,465;1014,092;33,189;84,555;5,665;83,045;5,835;0,443;145,834;8,600;-50,000;3653;365,3;;0,0;60;12,42;3,25;;15;A27210;;;;;;;;;;;;;;;;;;;;;;;;;;;;;;;;;;;;;;;;;;;;;;;;;;;;;;;;;;;;;;;;;;;;;;;;;
787042;23.02.25 21:25:00;-60,729;-1,935;-9,512;1,298;4,430;1014,083;33,186;84,455;5,655;82,990;5,835;0,437;113,631;8,612;-50,000;3653;365,3;;0,0;60;12,42;3,41;;15;A27210;;;;;;;;;;;;;;;;;;;;;;;;;;;;;;;;;;;;;;;;;;;;;;;;;;;;;;;;;;;;;;;;;;;;;;;;;
787043;23.02.25 21:26:00;-60,318;-1,935;-9,575;1,289;4,390;1014,101;33,189;84,755;5,625;82,985;5,815;0,441;62,004;8,603;-50,000;3653;365,3;;0,0;60;12,42;3,10;;15;A27210;;;;;;;;;;;;;;;;;;;;;;;;;;;;;;;;;;;;;;;;;;;;;;;;;;;;;;;;;;;;;;;;;;;;;;;;;
787044;23.02.25 21:27:00;-60,037;-1,935;-9,746;1,089;4,360;1014,104;33,180;84,785;5,610;83,060;5,800;0,437;69,407;8,597;-50,000;3653;365,3;;0,0;60;12,42;3,25;;15;A27210;;;;;;;;;;;;;;;;;;;;;;;;;;;;;;;;;;;;;;;;;;;;;;;;;;;;;;;;;;;;;;;;;;;;;;;;;
787045;23.02.25 21:28:00;-60,265;-1,935;-9,611;0,856;4,315;1014,188;33,189;84,625;5,565;83,095;5,755;0,443;134,640;8,597;-50,000;3653;365,3;;0,0;60;12,42;3,17;;15;A27210;;;;;;;;;;;;;;;;;;;;;;;;;;;;;;;;;;;;;;;;;;;;;;;;;;;;;;;;;;;;;;;;;;;;;;;;;
787046;23.02.25 21:29:00;-60,356;-1,935;-9,143;0,934;4,292;1014,221;33,192;84,520;5,545;83,095;5,735;0,457;131,698;8,591;-50,000;3653;365,3;;0,0;60;12,42;3,29;;15;A27210;;;;;;;;;;;;;;;;;;;;;;;;;;;;;;;;;;;;;;;;;;;;;;;;;;;;;;;;;;;;;;;;;;;;;;;;;
787047;23.02.25 21:30:00;-60,540;-1,935;-7,951;1,003;4,260;1014,239;33,186;83,860;5,510;82,965;5,710;0,788;111,083;8,585;-50,000;3653;365,3;;0,0;60;12,42;3,41;;15;A27210;;;;;;;;;;;;;;;;;;;;;;;;;;;;;;;;;;;;;;;;;;;;;;;;;;;;;;;;;;;;;;;;;;;;;;;;;
787048;23.02.25 21:31:00;-60,971;-1,935;-6,858;0,769;4,232;1014,272;33,201;82,845;5,445;82,485;5,670;1,031;112,033;8,585;-50,000;3653;365,3;;0,0;60;12,42;3,13;;15;A27210;;;;;;;;;;;;;;;;;;;;;;;;;;;;;;;;;;;;;;;;;;;;;;;;;;;;;;;;;;;;;;;;;;;;;;;;;
787049;23.02.25 21:32:00;-61,010;-1,935;-7,025;0,286;4,165;1014,278;33,198;81,695;5,385;81,405;5,565;0,954;103,298;8,560;-50,000;3653;365,3;;0,0;60;12,43;3,37;;15;A27210;;;;;;;;;;;;;;;;;;;;;;;;;;;;;;;;;;;;;;;;;;;;;;;;;;;;;;;;;;;;;;;;;;;;;;;;;
787050;23.02.25 21:33:00;-60,684;-1,935;-7,537;0,060;4,117;1014,347;33,192;81,360;5,300;81,000;5,465;0,622;81,613;8,560;-50,000;3653;365,3;;0,0;60;12,42;3,25;;15;A27210;;;;;;;;;;;;;;;;;;;;;;;;;;;;;;;;;;;;;;;;;;;;;;;;;;;;;;;;;;;;;;;;;;;;;;;;;
787051;23.02.25 21:34:00;-60,043;-1,935;-8,164;-0,008;4,060;1014,359;33,198;81,360;5,200;80,885;5,345;0,457;132,576;8,521;-50,000;3653;365,3;;0,0;60;12,42;3,10;;15;A27210;;;;;;;;;;;;;;;;;;;;;;;;;;;;;;;;;;;;;;;;;;;;;;;;;;;;;;;;;;;;;;;;;;;;;;;;;
787052;23.02.25 21:35:00;-59,946;-1,935;-8,718;0,317;4,023;1014,362;33,201;82,055;5,115;81,225;5,245;0,477;340,054;8,511;-50,000;3653;365,3;;0,0;60;12,41;2,94;;15;A27210;;;;;;;;;;;;;;;;;;;;;;;;;;;;;;;;;;;;;;;;;;;;;;;;;;;;;;;;;;;;;;;;;;;;;;;;;
787053;23.02.25 21:36:00;-59,325;-1,935;-8,682;0,531;3,985;1014,437;33,186;83,055;5,085;81,585;5,175;0,438;174,707;8,499;-50,000;3653;365,3;;0,0;60;12,41;3,06;;15;A27210;;;;;;;;;;;;;;;;;;;;;;;;;;;;;;;;;;;;;;;;;;;;;;;;;;;;;;;;;;;;;;;;;;;;;;;;;
787054;23.02.25 21:37:00;-59,497;-1,935;-8,264;0,635;3,957;1014,491;33,189;84,345;5,065;81,945;5,145;0,458;101,469;8,499;-50,000;3653;365,3;;0,0;60;12,42;2,98;;15;A27210;;;;;;;;;;;;;;;;;;;;;;;;;;;;;;;;;;;;;;;;;;;;;;;;;;;;;;;;;;;;;;;;;;;;;;;;;
787055;23.02.25 21:38:00;-59,604;-1,935;-7,800;0,675;3,928;1014,509;33,192;85,155;5,060;82,350;5,100;0,557;116,933;8,505;-50,000;3653;365,3;;0,0;60;12,42;3,02;;15;A27210;;;;;;;;;;;;;;;;;;;;;;;;;;;;;;;;;;;;;;;;;;;;;;;;;;;;;;;;;;;;;;;;;;;;;;;;;
787056;23.02.25 21:39:00;-59,565;-1,935;-7,365;0,654;3,887;1014,500;33,201;84,545;5,025;82,605;5,055;0,466;91,603;8,496;-50,000;3653;365,3;;0,0;60;12,42;2,98;;15;A27210;;;;;;;;;;;;;;;;;;;;;;;;;;;;;;;;;;;;;;;;;;;;;;;;;;;;;;;;;;;;;;;;;;;;;;;;;
787057;23.02.25 21:40:00;-59,266;-1,935;-7,527;0,767;3,855;1014,458;33,204;83,800;4,985;82,685;5,030;0,437;58,067;8,493;-50,000;3653;365,3;;0,0;60;12,43;2,98;;15;A27210;;;;;;;;;;;;;;;;;;;;;;;;;;;;;;;;;;;;;;;;;;;;;;;;;;;;;;;;;;;;;;;;;;;;;;;;;
787058;23.02.25 21:41:00;-59,509;-1,935;-7,660;0,901;3,822;1014,479;33,201;84,140;4,940;82,860;4,965;0,498;119,093;8,481;-50,000;3653;365,3;;0,0;60;12,42;3,02;;15;A27210;;;;;;;;;;;;;;;;;;;;;;;;;;;;;;;;;;;;;;;;;;;;;;;;;;;;;;;;;;;;;;;;;;;;;;;;;
787059;23.02.25 21:42:00;-59,588;-1,935;-7,694;0,936;3,813;1014,473;33,204;84,755;4,920;82,975;4,930;0,530;191,048;8,472;-50,000;3653;365,3;;0,0;60;12,42;2,82;;15;A27210;;;;;;;;;;;;;;;;;;;;;;;;;;;;;;;;;;;;;;;;;;;;;;;;;;;;;;;;;;;;;;;;;;;;;;;;;
787060;23.02.25 21:43:00;-59,468;-1,935;-7,832;1,029;3,787;1014,413;33,204;84,920;4,905;83,105;4,905;0,471;203,788;8,444;-50,000;3653;365,3;;0,0;60;12,41;3,02;;15;A27210;;;;;;;;;;;;;;;;;;;;;;;;;;;;;;;;;;;;;;;;;;;;;;;;;;;;;;;;;;;;;;;;;;;;;;;;;
787061;23.02.25 21:44:00;-59,207;-1,935;-7,961;0,864;3,770;1014,365;33,198;84,785;4,845;83,280;4,875;0,439;218,441;8,423;-50,000;3653;365,3;;0,0;60;12,40;2,90;;15;A27210;;;;;;;;;;;;;;;;;;;;;;;;;;;;;;;;;;;;;;;;;;;;;;;;;;;;;;;;;;;;;;;;;;;;;;;;;
787062;23.02.25 21:45:00;-58,842;-1,935;-8,066;0,904;3,733;1014,395;33,192;85,085;4,840;83,325;4,815;0,540;332,646;8,420;-50,000;3653;365,3;;0,0;60;12,40;2,82;;15;A27210;;;;;;;;;;;;;;;;;;;;;;;;;;;;;;;;;;;;;;;;;;;;;;;;;;;;;;;;;;;;;;;;;;;;;;;;;
787063;23.02.25 21:46:00;-58,713;-1,935;-8,231;1,156;3,702;1014,386;33,189;85,620;4,820;83,550;4,810;0,550;337,298;8,408;-50,000;3653;365,3;;0,0;60;12,40;2,82;;15;A27210;;;;;;;;;;;;;;;;;;;;;;;;;;;;;;;;;;;;;;;;;;;;;;;;;;;;;;;;;;;;;;;;;;;;;;;;;
787064;23.02.25 21:47:00;-58,755;-1,935;-8,524;1,383;3,690;1014,359;33,183;86,045;4,825;83,920;4,770;0,681;311,113;8,402;-50,000;3653;365,3;;0,0;60;12,40;2,70;;15;A27210;;;;;;;;;;;;;;;;;;;;;;;;;;;;;;;;;;;;;;;;;;;;;;;;;;;;;;;;;;;;;;;;;;;;;;;;;
787065;23.02.25 21:48:00;-58,297;-1,935;-8,617;1,636;3,713;1014,305;33,177;86,450;4,840;84,310;4,765;0,670;286,318;8,408;-50,000;3653;365,3;;0,0;60;12,40;2,86;;15;A27210;;;;;;;;;;;;;;;;;;;;;;;;;;;;;;;;;;;;;;;;;;;;;;;;;;;;;;;;;;;;;;;;;;;;;;;;;
787066;23.02.25 21:49:00;-58,274;-1,935;-8,337;1,956;3,715;1014,221;33,165;86,910;4,840;84,905;4,785;0,797;279,911;8,402;-50,000;3653;365,3;;0,0;60;12,40;2,98;;15;A27210;;;;;;;;;;;;;;;;;;;;;;;;;;;;;;;;;;;;;;;;;;;;;;;;;;;;;;;;;;;;;;;;;;;;;;;;;
787067;23.02.25 21:50:00;-58,033;-1,935;-8,259;2,654;3,775;1014,185;33,171;87,450;4,880;85,740;4,800;0,864;302,996;8,402;-50,000;3653;365,3;;0,0;60;12,40;2,62;;15;A27210;;;;;;;;;;;;;;;;;;;;;;;;;;;;;;;;;;;;;;;;;;;;;;;;;;;;;;;;;;;;;;;;;;;;;;;;;
787068;23.02.25 21:51:00;-58,199;-1,935;-8,314;2,853;3,825;1014,188;33,162;87,780;4,915;86,150;4,850;0,738;283,219;8,399;-50,000;3653;365,3;;0,0;60;12,40;2,54;;15;A27210;;;;;;;;;;;;;;;;;;;;;;;;;;;;;;;;;;;;;;;;;;;;;;;;;;;;;;;;;;;;;;;;;;;;;;;;;
787069;23.02.25 21:52:00;-58,087;-1,935;-8,465;3,240;3,867;1014,209;33,165;87,835;4,905;86,455;4,905;0,570;266,411;8,383;-50,000;3653;365,3;;0,0;60;12,40;2,54;;15;A27210;;;;;;;;;;;;;;;;;;;;;;;;;;;;;;;;;;;;;;;;;;;;;;;;;;;;;;;;;;;;;;;;;;;;;;;;;
787070;23.02.25 21:53:00;-59,243;-1,935;-7,756;2,960;3,860;1014,236;33,165;87,935;4,945;86,675;4,960;0,628;131,355;8,374;-50,000;3653;365,3;;0,0;60;12,41;2,70;;15;A27210;;;;;;;;;;;;;;;;;;;;;;;;;;;;;;;;;;;;;;;;;;;;;;;;;;;;;;;;;;;;;;;;;;;;;;;;;
787071;23.02.25 21:54:00;-59,204;-1,935;-7,358;2,383;3,882;1014,263;33,183;87,595;4,965;86,690;4,995;0,485;208,446;8,359;-50,000;3653;365,3;;0,0;60;12,41;2,70;;15;A27210;;;;;;;;;;;;;;;;;;;;;;;;;;;;;;;;;;;;;;;;;;;;;;;;;;;;;;;;;;;;;;;;;;;;;;;;;
787072;23.02.25 21:55:00;-59,095;-1,935;-7,705;1,951;3,867;1014,284;33,174;86,835;4,950;86,560;5,030;0,510;260,730;8,343;-50,000;3653;365,3;;0,0;60;12,41;2,50;;15;A27210;;;;;;;;;;;;;;;;;;;;;;;;;;;;;;;;;;;;;;;;;;;;;;;;;;;;;;;;;;;;;;;;;;;;;;;;;
787073;23.02.25 21:56:00;-58,905;-1,935;-8,262;1,830;3,838;1014,293;33,165;86,330;4,950;86,345;5,050;0,486;313,566;8,325;-50,000;3653;365,3;;0,0;60;12,40;2,62;;15;A27210;;;;;;;;;;;;;;;;;;;;;;;;;;;;;;;;;;;;;;;;;;;;;;;;;;;;;;;;;;;;;;;;;;;;;;;;;
787074;23.02.25 21:57:00;-60,340;-1,935;-7,311;1,361;3,798;1014,296;33,162;85,435;4,945;85,820;5,100;1,204;105,458;8,304;-50,000;3653;365,3;;0,0;60;12,41;2,66;;15;A27210;;;;;;;;;;;;;;;;;;;;;;;;;;;;;;;;;;;;;;;;;;;;;;;;;;;;;;;;;;;;;;;;;;;;;;;;;
787075;23.02.25 21:58:00;-60,634;-1,935;-6,129;0,552;3,735;1014,290;33,168;83,495;4,895;84,110;5,030;1,256;122,074;8,307;-50,000;3653;365,3;;0,0;60;12,41;2,58;;15;A27210;;;;;;;;;;;;;;;;;;;;;;;;;;;;;;;;;;;;;;;;;;;;;;;;;;;;;;;;;;;;;;;;;;;;;;;;;
787076;23.02.25 21:59:00;-60,240;-1,935;-5,930;0,396;3,690;1014,326;33,174;83,390;4,820;83,375;4,940;0,778;139,613;8,301;-50,000;3653;365,3;;0,0;60;12,41;2,54;;15;A27210;;;;;;;;;;;;;;;;;;;;;;;;;;;;;;;;;;;;;;;;;;;;;;;;;;;;;;;;;;;;;;;;;;;;;;;;;
787077;23.02.25 22:00:00;-59,531;-1,935;-6,357;0,506;3,665;1014,374;33,177;84,040;4,760;83,290;4,845;0,464;147,324;8,304;-50,000;3653;365,3;;0,0;60;12,41;2,50;;15;A27210;;;;;;;;;;;;;;;;;;;;;;;;;;;;;;;;;;;;;;;;;;;;;;;;;;;;;;;;;;;;;;;;;;;;;;;;;
787078;23.02.25 22:01:00;-59,307;-1,935;-7,314;0,539;3,630;1014,395;33,174;84,555;4,745;83,340;4,795;0,442;140,563;8,301;-50,000;3653;365,3;;0,0;60;12,41;2,54;;15;A27210;;;;;;;;;;;;;;;;;;;;;;;;;;;;;;;;;;;;;;;;;;;;;;;;;;;;;;;;;;;;;;;;;;;;;;;;;
787079;23.02.25 22:02:00;-59,219;-1,935;-7,935;0,603;3,597;1014,410;33,177;84,940;4,720;83,455;4,745;0,444;133,571;8,289;-50,000;3653;365,3;;0,0;60;12,41;2,74;;15;A27210;;;;;;;;;;;;;;;;;;;;;;;;;;;;;;;;;;;;;;;;;;;;;;;;;;;;;;;;;;;;;;;;;;;;;;;;;
787080;23.02.25 22:03:00;-59,278;-1,935;-7,765;0,661;3,553;1014,419;33,171;84,920;4,670;83,505;4,685;0,456;178,059;8,283;-50,000;3653;365,3;;0,0;60;12,41;2,26;;15;A27210;;;;;;;;;;;;;;;;;;;;;;;;;;;;;;;;;;;;;;;;;;;;;;;;;;;;;;;;;;;;;;;;;;;;;;;;;
787081;23.02.25 22:04:00;-59,319;-1,935;-7,900;0,685;3,520;1014,431;33,177;84,730;4,620;83,620;4,625;0,648;208,626;8,267;-50,000;3653;365,3;;0,0;60;12,41;2,38;;15;A27210;;;;;;;;;;;;;;;;;;;;;;;;;;;;;;;;;;;;;;;;;;;;;;;;;;;;;;;;;;;;;;;;;;;;;;;;;
787082;23.02.25 22:05:00;-59,201;-1,935;-6,625;0,583;3,483;1014,476;33,165;84,440;4,595;83,610;4,575;0,798;196,931;8,252;-50,000;3653;365,3;;0,0;60;12,41;2,42;;15;A27210;;;;;;;;;;;;;;;;;;;;;;;;;;;;;;;;;;;;;;;;;;;;;;;;;;;;;;;;;;;;;;;;;;;;;;;;;
787083;23.02.25 22:06:00;-59,090;-1,935;-6,617;0,589;3,447;1014,494;33,177;84,145;4,560;83,610;4,540;0,729;196,965;8,231;-50,000;3653;365,3;;0,0;60;12,40;2,30;;15;A27210;;;;;;;;;;;;;;;;;;;;;;;;;;;;;;;;;;;;;;;;;;;;;;;;;;;;;;;;;;;;;;;;;;;;;;;;;
787084;23.02.25 22:07:00;-59,475;-1,935;-6,193;0,636;3,410;1014,527;33,177;84,065;4,515;83,670;4,495;0,670;184,455;8,215;-50,000;3653;365,3;;0,0;60;12,41;2,26;;15;A27210;;;;;;;;;;;;;;;;;;;;;;;;;;;;;;;;;;;;;;;;;;;;;;;;;;;;;;;;;;;;;;;;;;;;;;;;;
787085;23.02.25 22:08:00;-59,539;-1,935;-6,333;0,721;3,385;1014,560;33,180;84,435;4,505;83,745;4,435;0,565;98,696;8,206;-50,000;3653;365,3;;0,0;60;12,41;2,26;;15;A27210;;;;;;;;;;;;;;;;;;;;;;;;;;;;;;;;;;;;;;;;;;;;;;;;;;;;;;;;;;;;;;;;;;;;;;;;;
787086;23.02.25 22:09:00;-59,136;-1,935;-7,184;0,784;3,358;1014,557;33,180;84,845;4,470;83,920;4,425;0,457;57,662;8,203;-50,000;3653;365,3;;0,0;60;12,41;2,06;;15;A27210;;;;;;;;;;;;;;;;;;;;;;;;;;;;;;;;;;;;;;;;;;;;;;;;;;;;;;;;;;;;;;;;;;;;;;;;;
787087;23.02.25 22:10:00;-59,083;-1,935;-7,580;0,721;3,317;1014,551;33,177;84,905;4,440;84,175;4,395;0,439;43,847;8,206;-50,000;3653;365,3;;0,0;60;12,42;1,90;;15;A27210;;;;;;;;;;;;;;;;;;;;;;;;;;;;;;;;;;;;;;;;;;;;;;;;;;;;;;;;;;;;;;;;;;;;;;;;;
787088;23.02.25 22:11:00;-59,051;-1,935;-7,378;0,598;3,273;1014,530;33,177;84,965;4,410;84,305;4,360;0,491;93,819;8,200;-50,000;3653;365,3;;0,0;60;12,42;1,94;;15;A27210;;;;;;;;;;;;;;;;;;;;;;;;;;;;;;;;;;;;;;;;;;;;;;;;;;;;;;;;;;;;;;;;;;;;;;;;;
787089;23.02.25 22:12:00;-59,136;-1,935;-7,230;0,503;3,237;1014,497;33,180;85,020;4,365;84,305;4,305;0,478;108,394;8,206;-50,000;3653;365,3;;0,0;60;12,42;2,02;;15;A27210;;;;;;;;;;;;;;;;;;;;;;;;;;;;;;;;;;;;;;;;;;;;;;;;;;;;;;;;;;;;;;;;;;;;;;;;;
787090;23.02.25 22:13:00;-58,991;-1,935;-7,220;0,576;3,197;1014,482;33,177;85,130;4,340;84,355;4,255;0,486;102,381;8,203;-50,000;3653;365,3;;0,0;60;12,41;1,75;;15;A27210;;;;;;;;;;;;;;;;;;;;;;;;;;;;;;;;;;;;;;;;;;;;;;;;;;;;;;;;;;;;;;;;;;;;;;;;;
787091;23.02.25 22:14:00;-58,967;-1,935;-7,471;0,647;3,165;1014,470;33,177;85,085;4,295;84,415;4,220;0,449;118,688;8,185;-50,000;3653;365,3;;0,0;60;12,41;1,98;;15;A27210;;;;;;;;;;;;;;;;;;;;;;;;;;;;;;;;;;;;;;;;;;;;;;;;;;;;;;;;;;;;;;;;;;;;;;;;;
787092;23.02.25 22:15:00;-59,211;-1,935;-6,807;0,732;3,125;1014,452;33,186;85,460;4,275;84,500;4,200;0,670;112,438;8,185;-50,000;3653;365,3;;0,0;60;12,41;1,87;;15;A27210;;;;;;;;;;;;;;;;;;;;;;;;;;;;;;;;;;;;;;;;;;;;;;;;;;;;;;;;;;;;;;;;;;;;;;;;;
787093;23.02.25 22:16:00;-59,462;-1,935;-5,696;0,614;3,095;1014,446;33,180;85,390;4,240;84,540;4,150;0,996;115,284;8,151;-50,000;3653;365,3;;0,0;60;12,41;2,02;;15;A27210;;;;;;;;;;;;;;;;;;;;;;;;;;;;;;;;;;;;;;;;;;;;;;;;;;;;;;;;;;;;;;;;;;;;;;;;;
787094;23.02.25 22:17:00;-59,556;-1,935;-5,116;0,404;3,063;1014,467;33,180;84,870;4,180;84,365;4,110;1,023;109,108;8,155;-50,000;3653;365,3;;0,0;60;12,41;1,79;;15;A27210;;;;;;;;;;;;;;;;;;;;;;;;;;;;;;;;;;;;;;;;;;;;;;;;;;;;;;;;;;;;;;;;;;;;;;;;;
787095;23.02.25 22:18:00;-59,734;-1,935;-4,895;0,394;3,040;1014,485;33,171;84,875;4,145;84,320;4,050;1,010;115,301;8,139;-50,000;3653;365,3;;0,0;60;12,41;1,79;;15;A27210;;;;;;;;;;;;;;;;;;;;;;;;;;;;;;;;;;;;;;;;;;;;;;;;;;;;;;;;;;;;;;;;;;;;;;;;;
787096;23.02.25 22:19:00;-59,995;-1,935;-4,437;0,467;3,025;1014,530;33,177;85,565;4,085;84,560;3,975;1,126;121,674;8,115;-50,000;3653;365,3;;0,0;60;12,42;1,75;;15;A27210;;;;;;;;;;;;;;;;;;;;;;;;;;;;;;;;;;;;;;;;;;;;;;;;;;;;;;;;;;;;;;;;;;;;;;;;;
787097;23.02.25 22:20:00;-59,831;-1,935;-4,843;0,954;3,037;1014,548;33,177;86,755;4,095;85,155;3,920;0,722;127,299;8,109;-50,000;3653;365,3;;0,0;60;12,41;1,71;;15;A27210;;;;;;;;;;;;;;;;;;;;;;;;;;;;;;;;;;;;;;;;;;;;;;;;;;;;;;;;;;;;;;;;;;;;;;;;;
787098;23.02.25 22:21:00;-59,765;-1,935;-5,795;0,994;3,015;1014,554;33,180;86,930;4,080;85,465;3,905;0,538;110,205;8,115;-50,000;3653;365,3;;0,0;60;12,42;1,79;;15;A27210;;;;;;;;;;;;;;;;;;;;;;;;;;;;;;;;;;;;;;;;;;;;;;;;;;;;;;;;;;;;;;;;;;;;;;;;;
787099;23.02.25 22:22:00;-60,292;-1,935;-6,129;0,727;2,965;1014,542;33,180;86,165;4,060;85,540;3,870;0,788;107,944;8,106;-50,000;3653;365,3;;0,0;60;12,41;1,90;;15;A27210;;;;;;;;;;;;;;;;;;;;;;;;;;;;;;;;;;;;;;;;;;;;;;;;;;;;;;;;;;;;;;;;;;;;;;;;;
787100;23.02.25 22:23:00;-60,007;-1,935;-5,416;0,334;2,920;1014,500;33,189;85,010;4,020;85,220;3,830;0,805;104,079;8,106;-50,000;3653;365,3;;0,0;60;12,41;1,75;;15;A27210;;;;;;;;;;;;;;;;;;;;;;;;;;;;;;;;;;;;;;;;;;;;;;;;;;;;;;;;;;;;;;;;;;;;;;;;;
787101;23.02.25 22:24:00;-59,765;-1,935;-5,359;0,284;2,875;1014,521;33,180;84,570;3,955;85,065;3,800;0,619;102,066;8,093;-50,000;3653;365,3;;0,0;60;12,41;1,87;;15;A27210;;;;;;;;;;;;;;;;;;;;;;;;;;;;;;;;;;;;;;;;;;;;;;;;;;;;;;;;;;;;;;;;;;;;;;;;;
787102;23.02.25 22:25:00;-59,427;-1,935;-5,334;0,298;2,830;1014,518;33,180;84,525;3,935;85,000;3,750;0,524;90,225;8,093;-50,000;3653;365,3;;0,0;60;12,41;1,83;;15;A27210;;;;;;;;;;;;;;;;;;;;;;;;;;;;;;;;;;;;;;;;;;;;;;;;;;;;;;;;;;;;;;;;;;;;;;;;;
787103;23.02.25 22:26:00;-59,327;-1,935;-6,129;0,349;2,797;1014,512;33,171;84,600;3,885;85,045;3,680;0,441;74,925;8,072;-50,000;3653;365,3;;0,0;60;12,41;1,83;;15;A27210;;;;;;;;;;;;;;;;;;;;;;;;;;;;;;;;;;;;;;;;;;;;;;;;;;;;;;;;;;;;;;;;;;;;;;;;;
787104;23.02.25 22:27:00;-58,832;-1,935;-6,650;0,448;2,745;1014,563;33,174;84,890;3,825;85,100;3,625;0,439;87,643;8,063;-50,000;3653;365,3;;0,0;60;12,41;1,79;;15;A27210;;;;;;;;;;;;;;;;;;;;;;;;;;;;;;;;;;;;;;;;;;;;;;;;;;;;;;;;;;;;;;;;;;;;;;;;;
787105;23.02.25 22:28:00;-58,562;-1,935;-6,789;0,545;2,695;1014,620;33,177;85,245;3,785;85,155;3,570;0,442;74,627;8,023;-50,000;3653;365,3;;0,0;60;12,41;1,67;;15;A27210;;;;;;;;;;;;;;;;;;;;;;;;;;;;;;;;;;;;;;;;;;;;;;;;;;;;;;;;;;;;;;;;;;;;;;;;;
787106;23.02.25 22:29:00;-58,377;-1,935;-6,906;0,524;2,655;1014,668;33,177;85,455;3,745;85,245;3,515;0,443;227,430;8,023;-50,000;3653;365,3;;0,0;60;12,40;1,59;;15;A27210;;;;;;;;;;;;;;;;;;;;;;;;;;;;;;;;;;;;;;;;;;;;;;;;;;;;;;;;;;;;;;;;;;;;;;;;;
787107;23.02.25 22:30:00;-58,421;-1,935;-6,350;0,751;2,635;1014,695;33,180;85,930;3,685;85,400;3,510;0,613;192,426;8,020;-50,000;3653;365,3;;0,0;60;12,41;1,39;;15;A27210;;;;;;;;;;;;;;;;;;;;;;;;;;;;;;;;;;;;;;;;;;;;;;;;;;;;;;;;;;;;;;;;;;;;;;;;;
787108;23.02.25 22:31:00;-58,389;-1,935;-5,407;0,873;2,622;1014,710;33,171;86,600;3,715;85,565;3,500;0,708;196,104;7,999;-50,000;3653;365,3;;0,0;60;12,41;1,63;;15;A27210;;;;;;;;;;;;;;;;;;;;;;;;;;;;;;;;;;;;;;;;;;;;;;;;;;;;;;;;;;;;;;;;;;;;;;;;;
787109;23.02.25 22:32:00;-58,441;-1,935;-4,934;0,941;2,610;1014,743;33,168;86,790;3,700;85,795;3,455;0,680;200,976;8,011;-50,000;3653;365,3;;0,0;60;12,40;1,55;;15;A27210;;;;;;;;;;;;;;;;;;;;;;;;;;;;;;;;;;;;;;;;;;;;;;;;;;;;;;;;;;;;;;;;;;;;;;;;;
787110;23.02.25 22:33:00;-58,143;-1,935;-5,237;0,865;2,590;1014,743;33,216;86,580;3,660;85,925;3,460;0,475;194,642;7,990;-50,000;3653;365,3;;0,0;60;12,40;1,35;;15;A27210;;;;;;;;;;;;;;;;;;;;;;;;;;;;;;;;;;;;;;;;;;;;;;;;;;;;;;;;;;;;;;;;;;;;;;;;;
787111;23.02.25 22:34:00;-58,000;-1,935;-6,001;0,846;2,567;1014,734;33,207;86,425;3,630;86,040;3,455;0,477;198,984;7,974;-50,000;3653;365,3;;0,0;60;12,40;1,63;;15;A27210;;;;;;;;;;;;;;;;;;;;;;;;;;;;;;;;;;;;;;;;;;;;;;;;;;;;;;;;;;;;;;;;;;;;;;;;;
787112;23.02.25 22:35:00;-57,913;-1,935;-6,105;0,962;2,560;1014,734;33,225;86,485;3,615;86,135;3,420;0,479;252,107;7,959;-50,000;3653;365,3;;0,0;60;12,40;1,59;;15;A27210;;;;;;;;;;;;;;;;;;;;;;;;;;;;;;;;;;;;;;;;;;;;;;;;;;;;;;;;;;;;;;;;;;;;;;;;;
787113;23.02.25 22:36:00;-57,702;-1,935;-6,408;1,248;2,528;1014,728;33,216;86,940;3,595;86,210;3,370;0,517;318,926;7,928;-50,000;3653;365,3;;0,0;60;12,39;1,55;;15;A27210;;;;;;;;;;;;;;;;;;;;;;;;;;;;;;;;;;;;;;;;;;;;;;;;;;;;;;;;;;;;;;;;;;;;;;;;;
787114;23.02.25 22:37:00;-57,496;-1,935;-6,777;1,320;2,520;1014,719;33,231;87,250;3,610;86,425;3,390;0,547;337,314;7,931;-50,000;3653;365,3;;0,0;60;12,39;1,63;;15;A27210;;;;;;;;;;;;;;;;;;;;;;;;;;;;;;;;;;;;;;;;;;;;;;;;;;;;;;;;;;;;;;;;;;;;;;;;;
787115;23.02.25 22:38:00;-57,357;-1,935;-7,047;1,427;2,495;1014,746;33,240;87,195;3,585;86,570;3,365;0,459;347,878;7,919;-50,000;3653;365,3;;0,0;60;12,40;1,39;;15;A27210;;;;;;;;;;;;;;;;;;;;;;;;;;;;;;;;;;;;;;;;;;;;;;;;;;;;;;;;;;;;;;;;;;;;;;;;;
787116;23.02.25 22:39:00;-57,078;-1,935;-7,059;1,226;2,470;1014,764;33,225;87,095;3,565;86,685;3,365;0,450;360,011;7,922;-50,000;3653;365,3;;0,0;60;12,39;1,59;;15;A27210;;;;;;;;;;;;;;;;;;;;;;;;;;;;;;;;;;;;;;;;;;;;;;;;;;;;;;;;;;;;;;;;;;;;;;;;;
787117;23.02.25 22:40:00;-56,921;-1,935;-7,051;1,356;2,443;1014,779;33,225;87,150;3,555;86,840;3,360;0,492;331,054;7,916;-50,000;3653;365,3;;0,0;60;12,39;1,39;;15;A27210;;;;;;;;;;;;;;;;;;;;;;;;;;;;;;;;;;;;;;;;;;;;;;;;;;;;;;;;;;;;;;;;;;;;;;;;;
787118;23.02.25 22:41:00;-56,542;-1,935;-6,745;1,304;2,420;1014,812;33,228;87,230;3,525;86,980;3,370;0,443;324,624;7,913;-50,000;3653;365,3;;0,0;60;12,38;1,55;;15;A27210;;;;;;;;;;;;;;;;;;;;;;;;;;;;;;;;;;;;;;;;;;;;;;;;;;;;;;;;;;;;;;;;;;;;;;;;;
787119;23.02.25 22:42:00;-56,562;-1,935;-6,512;1,254;2,397;1014,794;33,222;87,520;3,570;87,100;3,390;0,461;172,530;7,913;-50,000;3653;365,3;;0,0;60;12,40;1,19;;15;A27210;;;;;;;;;;;;;;;;;;;;;;;;;;;;;;;;;;;;;;;;;;;;;;;;;;;;;;;;;;;;;;;;;;;;;;;;;
787120;23.02.25 22:43:00;-56,528;-1,935;-6,272;1,460;2,387;1014,812;33,219;88,080;3,550;87,215;3,400;0,462;146,064;7,910;-50,000;3653;365,3;;0,0;60;12,40;1,15;;15;A27210;;;;;;;;;;;;;;;;;;;;;;;;;;;;;;;;;;;;;;;;;;;;;;;;;;;;;;;;;;;;;;;;;;;;;;;;;
787121;23.02.25 22:44:00;-56,737;-1,935;-5,971;1,403;2,367;1014,851;33,216;88,470;3,560;87,320;3,430;0,585;135,996;7,910;-50,000;3653;365,3;;0,0;60;12,41;1,39;;15;A27210;;;;;;;;;;;;;;;;;;;;;;;;;;;;;;;;;;;;;;;;;;;;;;;;;;;;;;;;;;;;;;;;;;;;;;;;;
787122;23.02.25 22:45:00;-56,691;-1,935;-5,200;1,319;2,357;1014,872;33,231;88,495;3,580;87,345;3,420;0,525;109,260;7,883;-50,000;3653;365,3;;0,0;60;12,41;1,31;;15;A27210;;;;;;;;;;;;;;;;;;;;;;;;;;;;;;;;;;;;;;;;;;;;;;;;;;;;;;;;;;;;;;;;;;;;;;;;;
787123;23.02.25 22:46:00;-56,634;-1,935;-5,309;1,158;2,325;1014,881;33,231;88,125;3,540;87,370;3,410;0,491;100,963;7,874;-50,000;3653;365,3;;0,0;60;12,41;1,23;;15;A27210;;;;;;;;;;;;;;;;;;;;;;;;;;;;;;;;;;;;;;;;;;;;;;;;;;;;;;;;;;;;;;;;;;;;;;;;;
787124;23.02.25 22:47:00;-56,679;-1,935;-4,800;1,023;2,285;1014,875;33,222;87,800;3,520;87,300;3,395;0,497;113,783;7,837;-50,000;3653;365,3;;0,0;60;12,41;1,11;;15;A27210;;;;;;;;;;;;;;;;;;;;;;;;;;;;;;;;;;;;;;;;;;;;;;;;;;;;;;;;;;;;;;;;;;;;;;;;;
787125;23.02.25 22:48:00;-56,393;-1,935;-5,158;0,958;2,275;1014,887;33,234;87,410;3,510;87,250;3,405;0,544;94,973;7,837;-50,000;3653;365,3;;0,0;60;12,41;1,11;;15;A27210;;;;;;;;;;;;;;;;;;;;;;;;;;;;;;;;;;;;;;;;;;;;;;;;;;;;;;;;;;;;;;;;;;;;;;;;;
787126;23.02.25 22:49:00;-56,142;-1,935;-5,162;0,809;2,233;1014,899;33,234;87,165;3,490;87,175;3,340;0,476;127,659;7,822;-50,000;3653;365,3;;0,0;60;12,41;1,15;;15;A27210;;;;;;;;;;;;;;;;;;;;;;;;;;;;;;;;;;;;;;;;;;;;;;;;;;;;;;;;;;;;;;;;;;;;;;;;;
787127;23.02.25 22:50:00;-55,708;-1,935;-5,523;0,845;2,200;1014,911;33,234;87,315;3,455;87,130;3,315;0,443;94,331;7,819;-50,000;3653;365,3;;0,0;60;12,40;1,15;;15;A27210;;;;;;;;;;;;;;;;;;;;;;;;;;;;;;;;;;;;;;;;;;;;;;;;;;;;;;;;;;;;;;;;;;;;;;;;;
787128;23.02.25 22:51:00;-55,448;-1,935;-5,724;1,025;2,175;1014,899;33,225;87,405;3,460;87,170;3,320;0,441;69,716;7,816;-50,000;3653;365,3;;0,0;60;12,41;0,91;;15;A27210;;;;;;;;;;;;;;;;;;;;;;;;;;;;;;;;;;;;;;;;;;;;;;;;;;;;;;;;;;;;;;;;;;;;;;;;;
787129;23.02.25 22:52:00;-55,218;-1,935;-5,733;1,169;2,160;1014,866;33,219;87,615;3,440;87,310;3,300;0,475;72,107;7,816;-50,000;3653;365,3;;0,0;60;12,40;1,03;;15;A27210;;;;;;;;;;;;;;;;;;;;;;;;;;;;;;;;;;;;;;;;;;;;;;;;;;;;;;;;;;;;;;;;;;;;;;;;;
787130;23.02.25 22:53:00;-55,053;-1,935;-5,751;1,212;2,135;1014,842;33,213;87,810;3,425;87,420;3,275;0,449;87,486;7,813;-50,000;3653;365,3;;0,0;60;12,40;1,23;;15;A27210;;;;;;;;;;;;;;;;;;;;;;;;;;;;;;;;;;;;;;;;;;;;;;;;;;;;;;;;;;;;;;;;;;;;;;;;;
787131;23.02.25 22:54:00;-55,221;-1,935;-5,468;1,248;2,105;1014,815;33,213;88,065;3,415;87,515;3,265;0,533;124,059;7,816;-50,000;3653;365,3;;0,0;60;12,40;1,07;;15;A27210;;;;;;;;;;;;;;;;;;;;;;;;;;;;;;;;;;;;;;;;;;;;;;;;;;;;;;;;;;;;;;;;;;;;;;;;;
787132;23.02.25 22:55:00;-55,561;-1,935;-4,551;1,082;2,087;1014,767;33,210;87,465;3,385;87,515;3,260;0,817;116,246;7,804;-50,000;3653;365,3;;0,0;60;12,41;1,03;;15;A27210;;;;;;;;;;;;;;;;;;;;;;;;;;;;;;;;;;;;;;;;;;;;;;;;;;;;;;;;;;;;;;;;;;;;;;;;;
787133;23.02.25 22:56:00;-55,968;-1,935;-3,761;0,841;2,070;1014,728;33,213;86,565;3,345;87,245;3,235;0,913;103,618;7,791;-50,000;3653;365,3;;0,0;60;12,40;0,95;;15;A27210;;;;;;;;;;;;;;;;;;;;;;;;;;;;;;;;;;;;;;;;;;;;;;;;;;;;;;;;;;;;;;;;;;;;;;;;;
787134;23.02.25 22:57:00;-56,110;-1,935;-3,816;0,781;2,048;1014,701;33,222;86,235;3,290;86,955;3,165;0,821;105,013;7,773;-50,000;3653;365,3;;0,0;60;12,41;0,95;;15;A27210;;;;;;;;;;;;;;;;;;;;;;;;;;;;;;;;;;;;;;;;;;;;;;;;;;;;;;;;;;;;;;;;;;;;;;;;;
787135;23.02.25 22:58:00;-56,128;-1,935;-3,557;0,767;2,025;1014,746;33,234;86,375;3,255;86,865;3,130;0,859;107,387;7,742;-50,000;3653;365,3;;0,0;60;12,40;1,03;;15;A27210;;;;;;;;;;;;;;;;;;;;;;;;;;;;;;;;;;;;;;;;;;;;;;;;;;;;;;;;;;;;;;;;;;;;;;;;;
787136;23.02.25 22:59:00;-55,956;-1,935;-3,277;0,781;2,005;1014,755;33,219;86,480;3,220;86,845;3,045;0,707;109,378;7,727;-50,000;3653;365,3;;0,0;60;12,40;1,03;;15;A27210;;;;;;;;;;;;;;;;;;;;;;;;;;;;;;;;;;;;;;;;;;;;;;;;;;;;;;;;;;;;;;;;;;;;;;;;;
787137;23.02.25 23:00:00;-55,793;-1,935;-3,662;0,773;1,982;1014,746;33,225;86,655;3,190;86,910;3,030;0,579;94,517;7,724;-50,000;3653;365,3;;0,0;60;12,40;1,03;;15;A27210;;;;;;;;;;;;;;;;;;;;;;;;;;;;;;;;;;;;;;;;;;;;;;;;;;;;;;;;;;;;;;;;;;;;;;;;;
787138;23.02.25 23:01:00;-55,655;-1,935;-4,287;0,752;1,957;1014,734;33,210;86,640;3,145;86,935;2,980;0,514;92,644;7,727;-50,000;3653;365,3;;0,0;60;12,41;0,87;;15;A27210;;;;;;;;;;;;;;;;;;;;;;;;;;;;;;;;;;;;;;;;;;;;;;;;;;;;;;;;;;;;;;;;;;;;;;;;;
787139;23.02.25 23:02:00;-55,654;-1,935;-3,538;0,826;1,942;1014,752;33,234;86,970;3,095;86,980;2,930;0,848;123,722;7,718;-50,000;3653;365,3;;0,0;60;12,40;0,71;;15;A27210;;;;;;;;;;;;;;;;;;;;;;;;;;;;;;;;;;;;;;;;;;;;;;;;;;;;;;;;;;;;;;;;;;;;;;;;;
787140;23.02.25 23:03:00;-55,620;-1,935;-3,341;0,946;1,927;1014,785;33,237;87,480;3,100;87,120;2,895;0,725;151,976;7,715;-50,000;3653;365,3;;0,0;60;12,39;0,87;;15;A27210;;;;;;;;;;;;;;;;;;;;;;;;;;;;;;;;;;;;;;;;;;;;;;;;;;;;;;;;;;;;;;;;;;;;;;;;;
787141;23.02.25 23:04:00;-55,416;-1,935;-3,794;1,132;1,922;1014,791;33,237;88,145;3,055;87,390;2,835;0,570;187,639;7,712;-50,000;3653;365,3;;0,0;60;12,40;0,79;;15;A27210;;;;;;;;;;;;;;;;;;;;;;;;;;;;;;;;;;;;;;;;;;;;;;;;;;;;;;;;;;;;;;;;;;;;;;;;;
787142;23.02.25 23:05:00;-55,467;-1,935;-3,498;1,243;1,920;1014,821;33,198;88,490;3,070;87,530;2,820;0,709;181,828;7,718;-50,000;3653;365,3;;0,0;60;12,40;0,95;;15;A27210;;;;;;;;;;;;;;;;;;;;;;;;;;;;;;;;;;;;;;;;;;;;;;;;;;;;;;;;;;;;;;;;;;;;;;;;;
787143;23.02.25 23:06:00;-55,759;-1,935;-3,051;1,210;1,912;1014,860;33,189;88,530;3,045;87,620;2,825;0,860;217,637;7,681;-50,000;3653;365,3;;0,0;60;12,39;0,95;;15;A27210;;;;;;;;;;;;;;;;;;;;;;;;;;;;;;;;;;;;;;;;;;;;;;;;;;;;;;;;;;;;;;;;;;;;;;;;;
787144;23.02.25 23:07:00;-55,318;-1,935;-3,351;1,176;1,893;1014,875;33,195;88,115;3,035;87,670;2,760;0,530;151,324;7,675;-50,000;3653;365,3;;0,0;60;12,40;0,63;;15;A27210;;;;;;;;;;;;;;;;;;;;;;;;;;;;;;;;;;;;;;;;;;;;;;;;;;;;;;;;;;;;;;;;;;;;;;;;;
787145;23.02.25 23:08:00;-54,873;-1,935;-3,989;1,194;1,872;1014,872;33,192;88,015;2,970;87,715;2,735;0,592;277,194;7,672;-50,000;3653;365,3;;0,0;60;12,40;0,40;;15;A27210;;;;;;;;;;;;;;;;;;;;;;;;;;;;;;;;;;;;;;;;;;;;;;;;;;;;;;;;;;;;;;;;;;;;;;;;;
787146;23.02.25 23:09:00;-54,926;-1,935;-4,365;1,131;1,832;1014,845;33,192;87,855;3,025;87,855;2,760;0,514;11,717;7,666;-50,000;3653;365,3;;0,0;60;12,41;0,56;;15;A27210;;;;;;;;;;;;;;;;;;;;;;;;;;;;;;;;;;;;;;;;;;;;;;;;;;;;;;;;;;;;;;;;;;;;;;;;;
787147;23.02.25 23:10:00;-54,469;-1,935;-4,989;1,050;1,807;1014,851;33,186;87,665;2,960;87,885;2,705;0,443;185,355;7,660;-50,000;3653;365,3;;0,0;60;12,40;0,52;;15;A27210;;;;;;;;;;;;;;;;;;;;;;;;;;;;;;;;;;;;;;;;;;;;;;;;;;;;;;;;;;;;;;;;;;;;;;;;;
787148;23.02.25 23:11:00;-53,786;-1,935;-5,113;0,958;1,777;1014,869;33,192;87,660;2,910;87,930;2,665;0,441;276,311;7,626;-50,000;3653;365,3;;0,0;60;12,39;0,79;;15;A27210;;;;;;;;;;;;;;;;;;;;;;;;;;;;;;;;;;;;;;;;;;;;;;;;;;;;;;;;;;;;;;;;;;;;;;;;;
787149;23.02.25 23:12:00;-53,616;-1,935;-5,068;0,873;1,745;1014,857;33,183;87,745;2,935;87,960;2,665;0,452;119,076;7,626;-50,000;3653;365,3;;0,0;60;12,40;0,56;;15;A27210;;;;;;;;;;;;;;;;;;;;;;;;;;;;;;;;;;;;;;;;;;;;;;;;;;;;;;;;;;;;;;;;;;;;;;;;;
787150;23.02.25 23:13:00;-53,362;-1,935;-4,863;0,898;1,717;1014,830;33,192;88,065;2,885;88,030;2,635;0,441;157,506;7,623;-50,000;3653;365,3;;0,0;60;12,39;0,44;;15;A27210;;;;;;;;;;;;;;;;;;;;;;;;;;;;;;;;;;;;;;;;;;;;;;;;;;;;;;;;;;;;;;;;;;;;;;;;;
787151;23.02.25 23:14:00;-53,004;-1,935;-4,661;0,977;1,707;1014,767;33,189;88,525;2,890;88,095;2,625;0,482;181,080;7,620;-50,000;3653;365,3;;0,0;60;12,39;0,87;;15;A27210;;;;;;;;;;;;;;;;;;;;;;;;;;;;;;;;;;;;;;;;;;;;;;;;;;;;;;;;;;;;;;;;;;;;;;;;;
787152;23.02.25 23:15:00;-52,637;-1,935;-4,388;1,129;1,683;1014,743;33,189;88,825;2,865;88,170;2,575;0,442;229,798;7,599;-50,000;3653;365,3;;0,0;60;12,39;0,60;;15;A27210;;;;;;;;;;;;;;;;;;;;;;;;;;;;;;;;;;;;;;;;;;;;;;;;;;;;;;;;;;;;;;;;;;;;;;;;;
787153;23.02.25 23:16:00;-52,282;-1,935;-4,504;1,182;1,668;1014,767;33,189;88,950;2,845;88,245;2,575;0,443;215,578;7,602;-50,000;3653;365,3;;0,0;60;12,38;0,60;;15;A27210;;;;;;;;;;;;;;;;;;;;;;;;;;;;;;;;;;;;;;;;;;;;;;;;;;;;;;;;;;;;;;;;;;;;;;;;;
787154;23.02.25 23:17:00;-51,960;-1,935;-4,673;1,240;1,660;1014,779;33,183;88,990;2,840;88,365;2,550;0,466;295,712;7,602;-50,000;3653;365,3;;0,0;60;12,39;0,48;;15;A27210;;;;;;;;;;;;;;;;;;;;;;;;;;;;;;;;;;;;;;;;;;;;;;;;;;;;;;;;;;;;;;;;;;;;;;;;;
787155;23.02.25 23:18:00;-51,795;-1,935;-4,893;1,301;1,632;1014,815;33,183;89,000;2,845;88,445;2,565;0,469;254,835;7,574;-50,000;3653;365,3;;0,0;60;12,39;0,67;;15;A27210;;;;;;;;;;;;;;;;;;;;;;;;;;;;;;;;;;;;;;;;;;;;;;;;;;;;;;;;;;;;;;;;;;;;;;;;;
787156;23.02.25 23:19:00;-51,646;-1,935;-4,492;1,319;1,637;1014,824;33,189;89,205;2,830;88,540;2,590;0,495;184,343;7,574;-50,000;3653;365,3;;0,0;60;12,39;0,48;;15;A27210;;;;;;;;;;;;;;;;;;;;;;;;;;;;;;;;;;;;;;;;;;;;;;;;;;;;;;;;;;;;;;;;;;;;;;;;;
787157;23.02.25 23:20:00;-51,426;-1,935;-4,359;1,344;1,622;1014,809;33,189;89,355;2,850;88,690;2,575;0,462;177,497;7,553;-50,000;3653;365,3;;0,0;60;12,39;0,56;;15;A27210;;;;;;;;;;;;;;;;;;;;;;;;;;;;;;;;;;;;;;;;;;;;;;;;;;;;;;;;;;;;;;;;;;;;;;;;;
787158;23.02.25 23:21:00;-51,607;-1,935;-4,252;1,357;1,617;1014,797;33,195;89,485;2,855;88,760;2,580;0,488;170,291;7,538;-50,000;3653;365,3;;0,0;60;12,39;0,52;;15;A27210;;;;;;;;;;;;;;;;;;;;;;;;;;;;;;;;;;;;;;;;;;;;;;;;;;;;;;;;;;;;;;;;;;;;;;;;;
787159;23.02.25 23:22:00;-51,320;-1,935;-4,253;1,433;1,595;1014,773;33,198;89,610;2,865;88,830;2,580;0,442;125,021;7,541;-50,000;3653;365,3;;0,0;60;12,39;0,52;;15;A27210;;;;;;;;;;;;;;;;;;;;;;;;;;;;;;;;;;;;;;;;;;;;;;;;;;;;;;;;;;;;;;;;;;;;;;;;;
787160;23.02.25 23:23:00;-51,217;-1,935;-4,324;1,372;1,587;1014,755;33,198;89,675;2,865;88,910;2,570;0,442;131,541;7,529;-50,000;3653;365,3;;0,0;60;12,39;0,63;;15;A27210;;;;;;;;;;;;;;;;;;;;;;;;;;;;;;;;;;;;;;;;;;;;;;;;;;;;;;;;;;;;;;;;;;;;;;;;;
787161;23.02.25 23:24:00;-51,111;-1,935;-4,196;1,412;1,582;1014,737;33,210;89,745;2,875;88,930;2,585;0,485;127,361;7,517;-50,000;3653;365,3;;0,0;60;12,40;0,52;;15;A27210;;;;;;;;;;;;;;;;;;;;;;;;;;;;;;;;;;;;;;;;;;;;;;;;;;;;;;;;;;;;;;;;;;;;;;;;;
787162;23.02.25 23:25:00;-50,972;-1,935;-3,705;1,324;1,570;1014,731;33,192;89,680;2,880;89,000;2,595;0,594;111,375;7,520;-50,000;3653;365,3;;0,0;60;12,40;0,48;;15;A27210;;;;;;;;;;;;;;;;;;;;;;;;;;;;;;;;;;;;;;;;;;;;;;;;;;;;;;;;;;;;;;;;;;;;;;;;;
787163;23.02.25 23:26:00;-50,936;-1,935;-3,256;1,066;1,547;1014,713;33,204;88,995;2,865;88,935;2,565;0,527;111,684;7,517;-50,000;3653;365,3;;0,0;60;12,40;0,56;;15;A27210;;;;;;;;;;;;;;;;;;;;;;;;;;;;;;;;;;;;;;;;;;;;;;;;;;;;;;;;;;;;;;;;;;;;;;;;;
787164;23.02.25 23:27:00;-51,266;-1,935;-2,989;1,027;1,530;1014,704;33,207;88,545;2,815;88,955;2,565;0,700;126,990;7,507;-50,000;3653;365,3;;0,0;60;12,40;0,63;;15;A27210;;;;;;;;;;;;;;;;;;;;;;;;;;;;;;;;;;;;;;;;;;;;;;;;;;;;;;;;;;;;;;;;;;;;;;;;;
787165;23.02.25 23:28:00;-51,383;-1,935;-2,820;1,159;1,555;1014,665;33,207;88,540;2,810;89,000;2,565;0,748;111,083;7,507;-50,000;3653;365,3;;0,0;60;12,40;0,60;;15;A27210;;;;;;;;;;;;;;;;;;;;;;;;;;;;;;;;;;;;;;;;;;;;;;;;;;;;;;;;;;;;;;;;;;;;;;;;;
787166;23.02.25 23:29:00;-51,428;-1,935;-2,616;1,186;1,530;1014,632;33,222;88,715;2,795;89,055;2,545;0,865;122,760;7,495;-50,000;3653;365,3;;0,0;60;12,40;0,28;;15;A27210;;;;;;;;;;;;;;;;;;;;;;;;;;;;;;;;;;;;;;;;;;;;;;;;;;;;;;;;;;;;;;;;;;;;;;;;;
787167;23.02.25 23:30:00;-51,466;-1,935;-2,363;1,104;1,540;1014,593;33,222;88,585;2,805;88,965;2,540;0,927;103,191;7,480;-50,000;3653;365,3;;0,0;60;12,40;0,48;;15;A27210;;;;;;;;;;;;;;;;;;;;;;;;;;;;;;;;;;;;;;;;;;;;;;;;;;;;;;;;;;;;;;;;;;;;;;;;;
787168;23.02.25 23:31:00;-51,576;-1,935;-2,706;0,955;1,513;1014,587;33,216;88,195;2,775;88,855;2,525;0,738;94,416;7,455;-50,000;3653;365,3;;0,0;60;12,39;0,44;;15;A27210;;;;;;;;;;;;;;;;;;;;;;;;;;;;;;;;;;;;;;;;;;;;;;;;;;;;;;;;;;;;;;;;;;;;;;;;;
787169;23.02.25 23:32:00;-51,526;-1,935;-2,915;0,849;1,495;1014,575;33,219;87,925;2,755;88,785;2,500;0,513;90,287;7,450;-50,000;3653;365,3;;0,0;60;12,40;0,36;;15;A27210;;;;;;;;;;;;;;;;;;;;;;;;;;;;;;;;;;;;;;;;;;;;;;;;;;;;;;;;;;;;;;;;;;;;;;;;;
787170;23.02.25 23:33:00;-51,162;-1,935;-3,213;0,905;1,475;1014,554;33,210;88,025;2,715;88,815;2,460;0,438;84,594;7,440;-50,000;3653;365,3;;0,0;60;12,39;0,36;;15;A27210;;;;;;;;;;;;;;;;;;;;;;;;;;;;;;;;;;;;;;;;;;;;;;;;;;;;;;;;;;;;;;;;;;;;;;;;;
787171;23.02.25 23:34:00;-50,874;-1,935;-3,666;1,131;1,442;1014,551;33,216;88,300;2,710;88,820;2,420;0,445;206,049;7,425;-50,000;3653;365,3;;0,0;60;12,39;0,32;;15;A27210;;;;;;;;;;;;;;;;;;;;;;;;;;;;;;;;;;;;;;;;;;;;;;;;;;;;;;;;;;;;;;;;;;;;;;;;;
787172;23.02.25 23:35:00;-50,543;-1,935;-3,942;1,171;1,430;1014,548;33,219;88,435;2,635;88,840;2,340;0,442;359,089;7,428;-50,000;3653;365,3;;0,0;60;12,37;0,52;;15;A27210;;;;;;;;;;;;;;;;;;;;;;;;;;;;;;;;;;;;;;;;;;;;;;;;;;;;;;;;;;;;;;;;;;;;;;;;;
787173;23.02.25 23:36:00;-50,200;-1,935;-4,019;1,200;1,405;1014,554;33,219;88,650;2,670;88,965;2,395;0,443;99,574;7,419;-50,000;3653;365,3;;0,0;60;12,38;0,32;;15;A27210;;;;;;;;;;;;;;;;;;;;;;;;;;;;;;;;;;;;;;;;;;;;;;;;;;;;;;;;;;;;;;;;;;;;;;;;;
787174;23.02.25 23:37:00;-50,153;-1,935;-4,142;1,483;1,390;1014,542;33,219;88,970;2,690;89,005;2,415;0,441;4,539;7,425;-50,000;3653;365,3;;0,0;60;12,40;0,20;;15;A27210;;;;;;;;;;;;;;;;;;;;;;;;;;;;;;;;;;;;;;;;;;;;;;;;;;;;;;;;;;;;;;;;;;;;;;;;;
787175;23.02.25 23:38:00;-49,767;-1,935;-4,208;1,391;1,363;1014,533;33,210;89,100;2,700;89,115;2,400;0,441;27,163;7,416;-50,000;3653;365,3;;0,0;60;12,40;0,48;;15;A27210;;;;;;;;;;;;;;;;;;;;;;;;;;;;;;;;;;;;;;;;;;;;;;;;;;;;;;;;;;;;;;;;;;;;;;;;;
787176;23.02.25 23:39:00;-49,672;-1,935;-4,127;1,280;1,350;1014,527;33,216;88,995;2,645;89,120;2,385;0,439;125,792;7,413;-50,000;3653;365,3;;0,0;60;12,39;0,32;;15;A27210;;;;;;;;;;;;;;;;;;;;;;;;;;;;;;;;;;;;;;;;;;;;;;;;;;;;;;;;;;;;;;;;;;;;;;;;;
787177;23.02.25 23:40:00;-49,233;-1,935;-4,028;1,266;1,325;1014,515;33,222;88,830;2,625;89,125;2,350;0,498;288,748;7,385;-50,000;3653;365,3;;0,0;60;12,38;0,28;;15;A27210;;;;;;;;;;;;;;;;;;;;;;;;;;;;;;;;;;;;;;;;;;;;;;;;;;;;;;;;;;;;;;;;;;;;;;;;;
787178;23.02.25 23:41:00;-48,783;-1,935;-3,886;1,378;1,310;1014,491;33,228;88,960;2,595;89,180;2,340;0,438;326,959;7,370;-50,000;3653;365,3;;0,0;60;12,38;0,28;;15;A27210;;;;;;;;;;;;;;;;;;;;;;;;;;;;;;;;;;;;;;;;;;;;;;;;;;;;;;;;;;;;;;;;;;;;;;;;;
787179;23.02.25 23:42:00;-48,198;-1,935;-3,846;1,625;1,320;1014,461;33,213;89,365;2,585;89,260;2,345;0,489;299,042;7,361;-50,000;3653;365,3;;0,0;60;12,38;0,36;;15;A27210;;;;;;;;;;;;;;;;;;;;;;;;;;;;;;;;;;;;;;;;;;;;;;;;;;;;;;;;;;;;;;;;;;;;;;;;;
787180;23.02.25 23:43:00;-47,816;-1,935;-3,850;1,961;1,332;1014,464;33,219;90,005;2,630;89,400;2,325;0,497;319,275;7,364;-50,000;3653;365,3;;0,0;60;12,38;0,16;;15;A27210;;;;;;;;;;;;;;;;;;;;;;;;;;;;;;;;;;;;;;;;;;;;;;;;;;;;;;;;;;;;;;;;;;;;;;;;;
787181;23.02.25 23:44:00;-47,395;-1,935;-3,950;2,318;1,365;1014,461;33,213;90,695;2,655;89,530;2,350;0,458;300,482;7,345;-50,000;3653;365,3;;0,0;60;12,38;0,28;;15;A27210;;;;;;;;;;;;;;;;;;;;;;;;;;;;;;;;;;;;;;;;;;;;;;;;;;;;;;;;;;;;;;;;;;;;;;;;;
787182;23.02.25 23:45:00;-47,476;-1,935;-3,458;2,090;1,375;1014,500;33,207;91,045;2,725;89,690;2,415;0,449;192,184;7,336;-50,000;3653;365,3;;0,0;60;12,38;0,24;;15;A27210;;;;;;;;;;;;;;;;;;;;;;;;;;;;;;;;;;;;;;;;;;;;;;;;;;;;;;;;;;;;;;;;;;;;;;;;;
787183;23.02.25 23:46:00;-47,394;-1,935;-3,348;1,811;1,402;1014,500;33,201;90,990;2,735;89,895;2,440;0,546;185,338;7,330;-50,000;3653;365,3;;0,0;60;12,38;0,28;;15;A27210;;;;;;;;;;;;;;;;;;;;;;;;;;;;;;;;;;;;;;;;;;;;;;;;;;;;;;;;;;;;;;;;;;;;;;;;;
787184;23.02.25 23:47:00;-47,183;-1,935;-3,357;1,750;1,380;1014,485;33,189;90,700;2,715;90,015;2,445;0,557;177,064;7,324;-50,000;3653;365,3;;0,0;60;12,39;0,16;;15;A27210;;;;;;;;;;;;;;;;;;;;;;;;;;;;;;;;;;;;;;;;;;;;;;;;;;;;;;;;;;;;;;;;;;;;;;;;;
787185;23.02.25 23:48:00;-47,253;-1,935;-3,395;1,855;1,402;1014,488;33,201;90,515;2,745;90,035;2,480;0,546;168,114;7,324;-50,000;3653;365,3;;0,0;60;12,39;0,04;;15;A27210;;;;;;;;;;;;;;;;;;;;;;;;;;;;;;;;;;;;;;;;;;;;;;;;;;;;;;;;;;;;;;;;;;;;;;;;;
787186;23.02.25 23:49:00;-47,171;-1,935;-3,261;1,922;1,395;1014,476;33,177;90,560;2,740;90,105;2,495;0,505;170,859;7,324;-50,000;3653;365,3;;0,0;60;12,39;0,44;;15;A27210;;;;;;;;;;;;;;;;;;;;;;;;;;;;;;;;;;;;;;;;;;;;;;;;;;;;;;;;;;;;;;;;;;;;;;;;;
787187;23.02.25 23:50:00;-47,079;-1,935;-3,277;1,860;1,400;1014,467;33,180;90,435;2,785;90,175;2,500;0,498;179,196;7,303;-50,000;3653;365,3;;0,0;60;12,39;0,32;;15;A27210;;;;;;;;;;;;;;;;;;;;;;;;;;;;;;;;;;;;;;;;;;;;;;;;;;;;;;;;;;;;;;;;;;;;;;;;;
787188;23.02.25 23:51:00;-46,853;-1,935;-3,721;1,651;1,395;1014,464;33,186;90,135;2,750;90,210;2,520;0,439;200,042;7,318;-50,000;3653;365,3;;0,0;60;12,38;0,32;;15;A27210;;;;;;;;;;;;;;;;;;;;;;;;;;;;;;;;;;;;;;;;;;;;;;;;;;;;;;;;;;;;;;;;;;;;;;;;;
787189;23.02.25 23:52:00;-46,554;-1,935;-3,940;1,585;1,375;1014,425;33,186;89,830;2,775;90,180;2,525;0,444;159,919;7,291;-50,000;3653;365,3;;0,0;60;12,38;0,52;;15;A27210;;;;;;;;;;;;;;;;;;;;;;;;;;;;;;;;;;;;;;;;;;;;;;;;;;;;;;;;;;;;;;;;;;;;;;;;;
787190;23.02.25 23:53:00;-46,147;-1,935;-3,903;1,372;1,357;1014,389;33,192;89,600;2,735;90,165;2,510;0,438;152,871;7,288;-50,000;3653;365,3;;0,0;60;12,38;0,20;;15;A27210;;;;;;;;;;;;;;;;;;;;;;;;;;;;;;;;;;;;;;;;;;;;;;;;;;;;;;;;;;;;;;;;;;;;;;;;;
787191;23.02.25 23:54:00;-46,073;-1,935;-3,827;1,200;1,345;1014,368;33,180;89,515;2,730;90,125;2,535;0,437;169,588;7,251;-50,000;3653;365,3;;0,0;60;12,39;0,04;;15;A27210;;;;;;;;;;;;;;;;;;;;;;;;;;;;;;;;;;;;;;;;;;;;;;;;;;;;;;;;;;;;;;;;;;;;;;;;;
787192;23.02.25 23:55:00;-45,903;-1,935;-3,647;1,161;1,330;1014,347;33,192;89,580;2,745;90,100;2,520;0,442;195,823;7,248;-50,000;3653;365,3;;0,0;60;12,39;0,04;;15;A27210;;;;;;;;;;;;;;;;;;;;;;;;;;;;;;;;;;;;;;;;;;;;;;;;;;;;;;;;;;;;;;;;;;;;;;;;;
787193;23.02.25 23:56:00;-45,980;-1,935;-3,698;1,385;1,325;1014,320;33,198;89,775;2,730;90,090;2,520;0,444;186,936;7,236;-50,000;3653;365,3;;0,0;60;12,38;-0,12;;15;A27210;;;;;;;;;;;;;;;;;;;;;;;;;;;;;;;;;;;;;;;;;;;;;;;;;;;;;;;;;;;;;;;;;;;;;;;;;
787194;23.02.25 23:57:00;-45,787;-1,935;-3,673;1,504;1,310;1014,305;33,186;89,900;2,750;90,100;2,505;0,436;172,463;7,239;-50,000;3653;365,3;;0,0;60;12,39;0,04;;15;A27210;;;;;;;;;;;;;;;;;;;;;;;;;;;;;;;;;;;;;;;;;;;;;;;;;;;;;;;;;;;;;;;;;;;;;;;;;
787195;23.02.25 23:58:00;-45,943;-1,935;-3,433;1,474;1,305;1014,296;33,186;89,945;2,770;90,125;2,520;0,513;122,085;7,236;-50,000;3653;365,3;;0,0;60;12,38;0,08;;15;A27210;;;;;;;;;;;;;;;;;;;;;;;;;;;;;;;;;;;;;;;;;;;;;;;;;;;;;;;;;;;;;;;;;;;;;;;;;
787196;23.02.25 23:59:00;-46,058;-1,935;-2,715;1,411;1,295;1014,287;33,201;89,815;2,750;90,075;2,520;0,710;109,609;7,230;-50,000;3653;365,3;;0,0;60;12,39;0,36;;15;A27210;;;;;;;;;;;;;;;;;;;;;;;;;;;;;;;;;;;;;;;;;;;;;;;;;;;;;;;;;;;;;;;;;;;;;;;;;